;Shapelet Tree 

;random seed:1551071788, rand()=1952756803, rand()=654076702
;command = ShapeletResearch/Execs/FastShapelet UCRArchive_2018//Ham/Ham_TRAIN.tsv 2 109 432 10 1 10 10 0 1 10 UCRArchive_2018//Ham/tree.txt UCRArchive_2018//Ham/time.txt 

;Local Class:   0  1 
;Real  Class:   1  2 

;Node ID class   obj  pos  len  dist_th 
TreeSize: 24 
NonL  1    --     70   41  166   7.1030 ==>  34  57  /  18   0 
NonL  2    --      0  353   39   1.1743 ==>  19   3  /  15  54 
Leaf  3     1    
NonL  4    --      9   94  201   8.4778 ==>  18   0  /   1   3 
NonL  5    --     14  146   56   1.6075 ==>   6   0  /   9  54 
Leaf  8     1    
NonL  9    --      0   58   20   1.1911 ==>   1   0  /   0   3 
Leaf 10     1    
NonL 11    --     35   26  170   5.7242 ==>   1  42  /   8  12 
Leaf 18     1    
Leaf 19     2    
Leaf 22     2    
Leaf 23     2    

;Shapelet id   <data>
Shapelet   1  -0.617482 -0.577160 -0.521420 -0.462123 -0.422592 -0.406779 -0.410732 -0.414685 -0.418639 -0.410732 -0.387013 -0.351435 -0.323763 -0.307951 -0.303997 -0.311904 -0.343529 -0.379107 -0.390967 -0.387013 -0.363295 -0.323763 -0.276326 -0.220982 -0.169591 -0.137966 -0.134012 -0.137966 -0.165638 -0.213075 -0.248654 -0.272372 -0.292138 -0.303997 -0.319810 -0.331669 -0.339576 -0.331669 -0.300044 -0.268419 -0.240747 -0.220982 -0.197263 -0.169591 -0.134012 -0.118200 -0.122153 -0.161684 -0.240747 -0.319810 -0.359341 -0.367248 -0.359341 -0.331669 -0.276326 -0.201216 -0.126106 -0.070762 -0.054950 -0.054950 -0.070762 -0.086575 -0.102387 -0.126106 -0.157731 -0.209122 -0.268419 -0.335623 -0.390967 -0.434451 -0.462123 -0.481889 -0.489795 -0.489795 -0.481889 -0.470029 -0.458170 -0.438404 -0.418639 -0.402826 -0.383060 -0.351435 -0.292138 -0.209122 -0.094481  0.032020  0.150614  0.194098  0.186192  0.075504 -0.106340 -0.284232 -0.418639 -0.501655 -0.545139 -0.563324 -0.566486 -0.562533 -0.545139 -0.517467 -0.485842 -0.450264 -0.422592 -0.410732 -0.406779 -0.418639 -0.462123 -0.509561 -0.542372 -0.558580 -0.575183 -0.577160 -0.579531 -0.588624 -0.587438 -0.585461 -0.575578 -0.567277 -0.558184 -0.549488 -0.543558 -0.536442 -0.517467 -0.470029 -0.390967 -0.292138 -0.169591  0.000394  0.241536  0.577553  1.012399  1.518401  2.044169  2.486920  2.712249  2.728062  2.542264  2.052075  1.427479  0.814742  0.332458 -0.003559 -0.252607 -0.438404 -0.547511 -0.593367 -0.620644 -0.649107 -0.669268 -0.674012 -0.670454 -0.651479 -0.647525 -0.651874 -0.675988 -0.684290 -0.678360 -0.657804 -0.636061 -0.617086 -0.595739 -0.565695 -0.521420 -0.410732 -0.165638  0.269208 
Shapelet   2   2.057542  1.697283  1.180912  0.660539  0.240237 -0.051973 -0.236106 -0.340180 -0.392218 -0.424241 -0.452261 -0.492290 -0.542726 -0.609574 -0.678824 -0.736465 -0.777695 -0.810918 -0.842541 -0.870962 -0.892577 -0.905386 -0.910190 -0.910590 -0.910190 -0.908589 -0.906187 -0.902584 -0.897781 -0.891376 -0.881369 -0.868160 -0.848946 -0.822527 -0.784499 -0.726858 -0.640796 -0.472275 -0.236106 
Shapelet   4  -0.425580 -0.441721 -0.344873 -0.042224  0.341132  0.506580  0.494474  0.288673 -0.118895 -0.425580 -0.557535 -0.612415 -0.644294 -0.649943 -0.628960 -0.526463 -0.365050 -0.284343 -0.288379 -0.377156 -0.514357 -0.603941 -0.629767 -0.628556 -0.610801 -0.563991 -0.486109 -0.385226 -0.300485 -0.268202 -0.268202 -0.300485 -0.385226 -0.494180 -0.590221 -0.653172 -0.681419 -0.686665 -0.681823 -0.663664 -0.649540 -0.647522 -0.649540 -0.650751 -0.649540 -0.638645 -0.608380 -0.549464 -0.482074 -0.441721 -0.433650 -0.445756 -0.490145 -0.568833 -0.635013 -0.677384 -0.699578 -0.708052 -0.709263 -0.705631 -0.675366 -0.618064 -0.554306 -0.486109 -0.437686 -0.429615 -0.441721 -0.433650 -0.385226 -0.296449 -0.183460 -0.098718 -0.046259 -0.013977  0.018306  0.066730  0.175684  0.385520  0.785017  1.503305  2.508100  3.210246  3.371659  3.210246  2.443535  1.265221  0.320955 -0.231884 -0.522427 -0.658821 -0.713702 -0.729439 -0.733878 -0.736703 -0.741142 -0.743563 -0.743159 -0.739931 -0.736299 -0.730246 -0.722176 -0.730246 -0.726211 -0.715316 -0.701596 -0.678998 -0.631785 -0.604344 -0.609994 -0.615643 -0.580132 -0.413474 -0.046259  0.595357  1.604188  2.919703  4.057664  4.420843  4.380490  3.694485  2.274051  1.099772  0.522721  0.292708  0.179719  0.062694 -0.110824 -0.308555 -0.465933 -0.563184 -0.609994 -0.627749 -0.630977 -0.628960 -0.622503 -0.619679 -0.619679 -0.614836 -0.598291 -0.581747 -0.561166 -0.518392 -0.469968 -0.425580 -0.393297 -0.381191 -0.393297 -0.425580 -0.478039 -0.530498 -0.575694 -0.611608 -0.635013 -0.644294 -0.645908 -0.643890 -0.639048 -0.638241 -0.646715 -0.662856 -0.668102 -0.665278 -0.651558 -0.639855 -0.635013 -0.628960 -0.607976 -0.554306 -0.445756 -0.268202 -0.066436  0.030412  0.034447 -0.046259 -0.264167 -0.474003 -0.559956 -0.565605 -0.514357 -0.348908  0.046553  0.510615  1.035207  1.418563  1.487163  1.196620  0.643781  0.094977 -0.304520 -0.534533 -0.645505 -0.689490 -0.697157 -0.686261 -0.635013 -0.534533 -0.401368 -0.260131 -0.167319 -0.147142 -0.155213 
Shapelet   5  -0.197124 -0.188076 -0.287605 -0.414279 -0.527380 -0.624647 -0.692055 -0.733676 -0.760368 -0.770773 -0.731866 -0.649076 -0.486663 -0.323798 -0.287605 -0.373562 -0.427851 -0.418803 -0.278557 -0.124740 -0.038783  0.006458  0.047174  0.110511  0.187419  0.314092  0.567439  1.078656  1.956320  2.978754  3.385918  3.254721  2.286575  0.875074 -0.120216 -0.623742 -0.811037 -0.864421 -0.873469 -0.873017 -0.875731 -0.885231 -0.894280 -0.893827 -0.878898 -0.864421 -0.854920 -0.836824 -0.827324 -0.819180 -0.831395 -0.829133 -0.827776 -0.830491 -0.828681 -0.822800 
Shapelet   9  -0.769081 -0.768681 -0.771481 -0.775882 -0.781882 -0.786682 -0.789082 -0.789882 -0.789882 -0.787882 -0.789482 -0.789882 -0.781482 -0.769081 -0.775482 -0.787882 -0.801083 -0.813083 -0.812283 -0.806683 
Shapelet  11  -0.522583 -0.545280 -0.606106 -0.644236 -0.647413 -0.615184 -0.549819 -0.522583 -0.531662 -0.599297 -0.674195 -0.715048 -0.724581 -0.702792 -0.641966 -0.554358 -0.472651 -0.431798 -0.422720 -0.422720 -0.436337 -0.440877 -0.440877 -0.427259 -0.390945 -0.327395 -0.259306 -0.241149 -0.245688 -0.300159 -0.390945 -0.427259 -0.427259 -0.395484 -0.313777 -0.227531 -0.177599 -0.154903 -0.145824 -0.145824 -0.182138 -0.286542 -0.409102 -0.468112 -0.477191 -0.431798 -0.350091 -0.318316 -0.345552 -0.445416 -0.527123 -0.558898 -0.554358 -0.540740 -0.518044 -0.481730 -0.418180 -0.304699 -0.141285 -0.068657 -0.086814 -0.218452 -0.472651 -0.726850 -0.865298 -0.895711 -0.884363 -0.810827 -0.643328 -0.395484 -0.141285  0.008511  0.035746  0.013050 -0.091353 -0.232070 -0.309238 -0.341013 -0.363709 -0.400023 -0.481730 -0.595212 -0.692806 -0.750909 -0.776782 -0.785861 -0.787223 -0.768612 -0.705062 -0.644236 -0.603836 -0.577055 -0.581594 -0.617000 -0.657400 -0.675103 -0.636065 -0.522583 -0.354631 -0.173060  0.003972  0.176464  0.276328  0.285406  0.199160 -0.109510 -0.463573 -0.643328 -0.684181 -0.678734 -0.631526 -0.586133 -0.577055 -0.577055 -0.581594 -0.558898 -0.454494 -0.222992 -0.018725  0.022129 -0.018725 -0.195756 -0.440877 -0.597027 -0.656946 -0.665570 -0.657854 -0.651499 -0.649229 -0.606560 -0.499887 -0.390945 -0.341013 -0.327395 -0.318316 -0.282002 -0.200295 -0.100432 -0.064117 -0.064117 -0.082274 -0.091353 -0.064117  0.062982  0.335338  0.734794  1.234113  1.801521  2.400705  2.927260  3.140605  3.113370  2.722993  1.819678  0.766568 -0.027803 -0.490809 -0.711417 -0.800387 -0.828076 -0.832615 -0.830346 -0.815820 -0.790400 -0.760441 -0.726850 -0.693714 -0.664209 -0.635611 -0.595212 


; cmd = ShapeletResearch/Execs/FastShapelet UCRArchive_2018//Ham/Ham_TRAIN.tsv 2 109 432 10 1 10 10 0 1 10 UCRArchive_2018//Ham/tree.txt UCRArchive_2018//Ham/time.txt
; time =>  305.088   9.945  71.837   6.049 211.313 
