;Shapelet Tree 

;random seed:1551081602, rand()=501677367, rand()=1630015693
;command = ShapeletResearch/Execs/FastShapelet UCRArchive_2018//AllGestureWiimoteY/AllGestureWiimoteY_TRAIN.tsv 10 300 501 10 1 10 10 0 1 10 UCRArchive_2018//AllGestureWiimoteY/tree.txt UCRArchive_2018//AllGestureWiimoteY/time.txt 

;Local Class:   0  1  2  3  4  5  6  7  8  9 
;Real  Class:   1  2  3  4  5  6  7  8  9 10 

;Node ID class   obj  pos  len  dist_th 
TreeSize: 130 
NonL  1    --      0   54   10  100000000000000000000.0000 ==>   0   0   0   0   0  30  30  30  30  30  /  30  30  30  30  30   0   0   0   0   0 
NonL  2    --      0   54   10  100000000000000000000.0000 ==>   0   0   0   0   0  30  30  30  30  30  /  30  30  30  30  30   0   0   0   0   0 
NonL  4    --      0   54   10  100000000000000000000.0000 ==>   0   0   0   0   0  30  30  30  30  30  /  30  30  30  30  30   0   0   0   0   0 
NonL  8    --      0   54   10  100000000000000000000.0000 ==>   0   0   0   0   0  30  30  30  30  30  /  30  30  30  30  30   0   0   0   0   0 
NonL 16    --      0   54   10  100000000000000000000.0000 ==>   0   0   0   0   0  30  30  30  30  30  /  30  30  30  30  30   0   0   0   0   0 
NonL 32    --      0   54   10  100000000000000000000.0000 ==>   0   0   0   0   0  30  30  30  30  30  /  30  30  30  30  30   0   0   0   0   0 
NonL 64    --      0   54   10  100000000000000000000.0000 ==>   0   0   0   0   0  30  30  30  30  30  /  30  30  30  30  30   0   0   0   0   0 
Leaf 128     6    

;Shapelet id   <data>
Shapelet   1  -0.741000 -0.741000 -0.741000 -0.741000 -0.741000 -0.741000 -0.778000 -0.778000 -0.778000       nan 
Shapelet   2  -0.741000 -0.741000 -0.741000 -0.741000 -0.741000 -0.741000 -0.778000 -0.778000 -0.778000       nan 
Shapelet   4  -0.741000 -0.741000 -0.741000 -0.741000 -0.741000 -0.741000 -0.778000 -0.778000 -0.778000       nan 
Shapelet   8  -0.741000 -0.741000 -0.741000 -0.741000 -0.741000 -0.741000 -0.778000 -0.778000 -0.778000       nan 
Shapelet  16  -0.741000 -0.741000 -0.741000 -0.741000 -0.741000 -0.741000 -0.778000 -0.778000 -0.778000       nan 
Shapelet  32  -0.741000 -0.741000 -0.741000 -0.741000 -0.741000 -0.741000 -0.778000 -0.778000 -0.778000       nan 
Shapelet  64  -0.741000 -0.741000 -0.741000 -0.741000 -0.741000 -0.741000 -0.778000 -0.778000 -0.778000       nan 


; cmd = ShapeletResearch/Execs/FastShapelet UCRArchive_2018//AllGestureWiimoteY/AllGestureWiimoteY_TRAIN.tsv 10 300 501 10 1 10 10 0 1 10 UCRArchive_2018//AllGestureWiimoteY/tree.txt UCRArchive_2018//AllGestureWiimoteY/time.txt
; time =>  1413.042  22.452  43.359   4.700 1338.441 
