;Shapelet Tree 

;random seed:1551068655, rand()=1194681243, rand()=71822260
;command = ShapeletResearch/Execs/FastShapelet UCRArchive_2018//ProximalPhalanxTW/ProximalPhalanxTW_TRAIN.tsv 6 400 81 10 1 10 10 0 1 10 UCRArchive_2018//ProximalPhalanxTW/tree.txt UCRArchive_2018//ProximalPhalanxTW/time.txt 

;Local Class:   0  1  2  3  4  5 
;Real  Class:   3  8  6  5  7  4 

;Node ID class   obj  pos  len  dist_th 
TreeSize: 96 
NonL  1    --      1   36   22   0.5938 ==>  16   0  20  58   8 109  /   0 180   0   0   9   0 
NonL  2    --      0   34   24   0.4914 ==>  16   0   0  27   0 104  /   0   0  20  31   8   5 
Leaf  3     8    
NonL  4    --      2    8   60   0.7476 ==>  16   0   0   0   0  52  /   0   0   0  27   0  52 
NonL  5    --      0    5   69   1.2746 ==>   0   0  14  25   0   0  /   0   0   6   6   8   5 
NonL  8    --     13   42   14   0.2926 ==>   0   0   0   0   0  30  /  16   0   0   0   0  22 
NonL  9    --      0    5   19   0.2734 ==>   0   0   0  16   0   5  /   0   0   0  11   0  47 
NonL 10    --      0    6   31   0.7406 ==>   0   0  14  10   0   0  /   0   0   0  15   0   0 
NonL 11    --     16   39   15   0.2264 ==>   0   0   5   0   8   0  /   0   0   1   6   0   5 
Leaf 16     4    
NonL 17    --     22   20   48   0.5948 ==>   2   0   0   0   0  17  /  14   0   0   0   0   5 
NonL 18    --      0   20   56   0.5699 ==>   0   0   0   1   0   4  /   0   0   0  15   0   1 
NonL 19    --      0   42   10   0.1528 ==>   0   0   0  11   0  16  /   0   0   0   0   0  31 
NonL 20    --      0   22   10   0.1489 ==>   0   0   4  10   0   0  /   0   0  10   0   0   0 
Leaf 21     5    
NonL 22    --      0   35   22   0.1989 ==>   0   0   5   0   0   0  /   0   0   0   0   8   0 
NonL 23    --     11   12   66   0.8482 ==>   0   0   0   0   0   5  /   0   0   1   6   0   0 
NonL 34    --      3   19   58   0.3988 ==>   2   0   0   0   0   1  /   0   0   0   0   0  16 
NonL 35    --      0   47   12   0.6727 ==>  14   0   0   0   0   2  /   0   0   0   0   0   3 
NonL 36    --      1   63   13   0.5607 ==>   0   0   0   0   0   4  /   0   0   0   1   0   0 
Leaf 37     5    
NonL 38    --      1   43   14   0.2960 ==>   0   0   0  11   0   9  /   0   0   0   0   0   7 
Leaf 39     4    
NonL 40    --      0   15   19   0.2349 ==>   0   0   4   1   0   0  /   0   0   0   9   0   0 
Leaf 41     6    
Leaf 44     6    
Leaf 45     7    
Leaf 46     4    
NonL 47    --      0   44   10   0.6761 ==>   0   0   0   6   0   0  /   0   0   1   0   0   0 
Leaf 68     3    
Leaf 69     4    
Leaf 70     3    
Leaf 71     4    
Leaf 72     4    
Leaf 73     5    
Leaf 76     5    
Leaf 77     4    
Leaf 80     6    
Leaf 81     5    
Leaf 94     5    
Leaf 95     6    

;Shapelet id   <data>
Shapelet   1   1.506875  1.652760  1.665772  1.683038  1.674030  1.497617  1.175069  0.937975  0.640775  0.335568  0.077205 -0.215441 -0.486666 -0.667633 -0.662529 -0.659401 -0.751811 -0.837690 -0.916763 -1.043731 -1.182684 -1.263796 
Shapelet   2   1.512428  1.519343  1.496110  1.565256  1.609509  1.587383  1.669804  1.454899  1.191121  0.918742  0.658339  0.351718  0.056272 -0.214559 -0.449848 -0.643402 -0.757990 -0.864973 -0.935197 -1.031033 -1.115696 -1.217816 -1.237721 -1.219948 
Shapelet   4   1.072027  1.282429  1.468610  1.531456  1.549000  1.419904  1.293427  1.101643  0.881368  0.638574  0.325314  0.052877 -0.226473 -0.438001 -0.632902 -0.709207 -0.621799 -0.439048 -0.190493  0.090689  0.356449  0.626345  0.897054  1.158021  1.391886  1.605562  1.476728  1.476204  1.506317  1.585922  1.591421  1.623106  1.690403  1.411525  1.153936  0.881473  0.585050  0.334898  0.033762 -0.266065 -0.510640 -0.709914 -0.683440 -0.757808 -0.762783 -0.853648 -0.973002 -1.083846 -1.174735 -1.218009 -1.174271 -1.099427 -1.080835 -1.039514 -0.981774 -0.853700 -0.782710 -0.782789 -0.823036 -0.884180 
Shapelet   5   0.331826  0.585307  0.881421  1.170555  1.462481  1.449720  1.394884  1.459091  1.564576  1.439350  1.172350  0.926885  0.652307  0.347021  0.016989 -0.282574 -0.589037 -0.842877 -0.947384 -0.889118 -0.648339 -0.362136 -0.054218  0.246980  0.578129  0.873644  1.169359  1.483618  1.631376  1.440746  1.278233  1.342241  1.433368  1.527686  1.613230  1.708146  1.510737  1.207844  0.887004  0.567361  0.241497 -0.074756 -0.408118 -0.706086 -0.944832 -0.663274 -0.755937 -0.964712 -1.194344 -1.307765 -1.376300 -1.271055 -1.101503 -1.020007 -0.938969 -0.858630 -0.769915 -0.615936 -0.433821 -0.432645 -0.478887 -0.600622 -0.811750 -1.011053 -1.201284 -1.377177 -1.435164 -1.249619 -1.053845 
Shapelet   8   1.088537  0.825464  0.544231  0.264720 -0.016716 -0.282566 -0.547808 -0.737229 -0.502794 -0.595883 -0.662624 -0.779649 -0.907781 -1.060315 
Shapelet   9   0.290130  0.571361  0.898754  1.182154  1.519164  1.583619  1.549039  1.524893  1.615949  1.481309  1.206913  0.914714  0.588139  0.323503  0.027376 -0.267544 -0.532487 -0.669460 -0.789552 
Shapelet  10   0.585307  0.881421  1.170555  1.462481  1.449720  1.394884  1.459091  1.564576  1.439350  1.172350  0.926885  0.652307  0.347021  0.016989 -0.282574 -0.589037 -0.842877 -0.947384 -0.889118 -0.648339 -0.362136 -0.054218  0.246980  0.578129  0.873644  1.169359  1.483618  1.631376  1.440746  1.278233  1.342241 
Shapelet  11   1.526495  1.500430  1.354255  1.078637  0.803195  0.510670  0.219061 -0.084102 -0.377419 -0.650308 -0.872317 -0.386648 -0.493020 -0.631833 -0.815626 
Shapelet  17  -0.300549 -0.508920 -0.720796 -0.835610 -0.745602 -0.571800 -0.333002 -0.065870  0.226979  0.505558  0.786481  1.088865  1.372656  1.586125  1.650075  1.517851  1.518079  1.522175  1.620489  1.762271  1.790036  1.505107  1.201972  0.933201  0.616161  0.322243  0.026391 -0.276767 -0.563107 -0.775552 -0.663173 -0.736909 -0.871795 -0.951811 -1.046575 -1.108226 -1.145049 -1.180870 -1.143296 -1.039657 -0.933195 -0.903656 -0.861850 -0.765697 -0.687729 -0.647152 -0.709918 -0.759280 
Shapelet  18  -0.267544 -0.532487 -0.669460 -0.789552 -0.731624 -0.561481 -0.330178 -0.032332  0.212497  0.527367  0.796648  1.055084  1.298992  1.485197  1.540240  1.463712  1.467190  1.524279  1.510774  1.580755  1.597943  1.418900  1.126087  0.860490  0.568291  0.278078 -0.015185 -0.287903 -0.546605 -0.742530 -0.620003 -0.707212 -0.781735 -0.950466 -1.102049 -1.254307 -1.333863 -1.302372 -1.165931 -1.040110 -0.880710 -0.795056 -0.709750 -0.654625 -0.687200 -0.596697 -0.547035 -0.647954 -0.785111 -0.922207 -1.070455 -1.204379 -1.319663 -1.369549 -1.279905 -1.113344 
Shapelet  19   1.110610  0.857638  0.534930  0.251821 -0.026946 -0.267786 -0.546500 -0.748273 -0.504622 -0.607039 
Shapelet  20  -0.842877 -0.947384 -0.889118 -0.648339 -0.362136 -0.054218  0.246980  0.578129  0.873644  1.169359 
Shapelet  22   1.528914  1.513638  1.433520  1.506312  1.553074  1.579104  1.377250  1.065662  0.793354  0.483637  0.176881 -0.111404 -0.404552 -0.676440 -0.885932 -0.445017 -0.556871 -0.704107 -0.872324 -1.058840 -1.210270 -1.255192 
Shapelet  23   1.525131  1.415106  1.236822  0.951854  0.728391  0.518102  0.199578 -0.082072 -0.362338 -0.602031 -0.746352 -0.794873 -0.681268 -0.479404 -0.206250  0.112894  0.401012  0.679727  0.959014  1.253529  1.564034  1.734441  1.685037  1.539689  1.508424  1.540167  1.630621  1.812247  1.690527  1.442552  1.163313  0.884479  0.593544  0.315188  0.019790 -0.259903 -0.530717 -0.722104 -0.478569 -0.562770 -0.598785 -0.726137 -0.870865 -1.015329 -1.150367 -1.289175 -1.318347 -1.217731 -1.078862 -0.950341 -0.845447 -0.766949 -0.677927 -0.651387 -0.655421 -0.725207 -0.845757 -0.961033 -1.079841 -1.209461 -1.308498 -1.306168 -1.235365 -1.073445 -0.932059 -0.766162 
Shapelet  34  -0.031915 -0.317500 -0.585360 -0.698320 -0.751907 -0.649867 -0.457871 -0.217470  0.032471  0.289216  0.577368  0.879321  1.139481  1.421579  1.668808  1.532965  1.500518  1.531270  1.537566  1.624980  1.676315  1.771477  1.524975  1.226653  0.943272  0.653377  0.356000  0.023826 -0.236188 -0.514775 -0.610204 -0.654347 -0.723455 -0.754982 -0.864528 -0.999741 -1.092822 -1.163358 -1.193287 -1.187403 -1.149411 -1.074467 -1.011025 -0.873681 -0.790626 -0.727305 -0.655872 -0.725295 -0.814380 -0.866199 -0.969086 -1.094178 -1.200455 -1.286643 -1.276389 -1.183020 -1.064563 -0.932667 
Shapelet  35  -0.214559 -0.449848 -0.643402 -0.757990 -0.864973 -0.935197 -1.031033 -1.115696 -1.217816 -1.237721 -1.219948 -1.137988 
Shapelet  36  -0.763003 -0.636462 -0.564903 -0.552409 -0.558996 -0.660110 -0.823891 -0.985718 -1.143263 -1.289149 -1.390796 -1.332625 -1.159643 
Shapelet  38   0.799484  0.523716  0.223809 -0.044026 -0.321533 -0.561836 -0.732651 -0.547667 -0.622140 -0.722257 -0.886984 -1.048169 -1.200424 -1.321929 
Shapelet  40   1.172350  0.926885  0.652307  0.347021  0.016989 -0.282574 -0.589037 -0.842877 -0.947384 -0.889118 -0.648339 -0.362136 -0.054218  0.246980  0.578129  0.873644  1.169359  1.483618  1.631376 
Shapelet  47   0.539654  0.221637 -0.082015 -0.362929 -0.647863 -0.848992 -0.533835 -0.691932 -0.817775 -0.999502 


; cmd = ShapeletResearch/Execs/FastShapelet UCRArchive_2018//ProximalPhalanxTW/ProximalPhalanxTW_TRAIN.tsv 6 400 81 10 1 10 10 0 1 10 UCRArchive_2018//ProximalPhalanxTW/tree.txt UCRArchive_2018//ProximalPhalanxTW/time.txt
; time =>   11.449   0.792   3.875   0.464   5.944 
