;Shapelet Tree 

;random seed:1551069006, rand()=1264955186, rand()=1664589585
;command = ShapeletResearch/Execs/FastShapelet UCRArchive_2018//InsectEPGSmallTrain/InsectEPGSmallTrain_TRAIN.tsv 3 17 602 10 1 10 10 0 1 10 UCRArchive_2018//InsectEPGSmallTrain/tree.txt UCRArchive_2018//InsectEPGSmallTrain/time.txt 

;Local Class:   0  1  2 
;Real  Class:   1  2  3 

;Node ID class   obj  pos  len  dist_th 
TreeSize: 8 
NonL  1    --      6  254   28   1.1988 ==>   0   8   0  /   6   0   3 
Leaf  2     2    
NonL  3    --      6  127  466  15.8122 ==>   0   0   3  /   6   0   0 
Leaf  6     3    
Leaf  7     1    

;Shapelet id   <data>
Shapelet   1  -0.314940 -0.318600 -0.313720 -0.319820 -0.318600 -0.314940 -0.314940 -0.316160 -0.313720 -0.313720 -0.314940 -0.316160 -0.312500 -0.322270 -0.332030 -0.330810 -0.336910 -0.341800 -0.351560 -0.366210 -0.379640 -0.389400 -0.394290 -0.394290 -0.397950 -0.399170 -0.400390 -0.401610 
Shapelet   3   0.423580  0.421140  0.418700  0.418700  0.421140  0.422360  0.417480  0.421140  0.419920  0.423580  0.422360  0.421140  0.423580  0.424800  0.426030  0.424800  0.424800  0.427250  0.426030  0.429690  0.426030  0.422360  0.426030  0.426030  0.428470  0.427250  0.423580  0.423580  0.422360  0.427250  0.424800  0.426030  0.427250  0.426030  0.426030  0.422360  0.419920  0.424800  0.424800  0.428470  0.424800  0.426030  0.428470  0.429690  0.426030  0.424800  0.423580  0.426030  0.427250  0.426030  0.427250  0.424800  0.424800  0.422360  0.424800  0.426030  0.424800  0.423580  0.424800  0.427250  0.426030  0.422360  0.428470  0.428470  0.426030  0.426030  0.427250  0.429690  0.427250  0.427250  0.429690  0.428470  0.428470  0.428470  0.426030  0.426030  0.423580  0.428470  0.427250  0.429690  0.430910  0.428470  0.427250  0.427250  0.429690  0.427250  0.426030  0.428470  0.426030  0.426030  0.426030  0.427250  0.429690  0.428470  0.428470  0.424800  0.423580  0.423580  0.427250  0.427250  0.428470  0.428470  0.430910  0.430910  0.428470  0.429690  0.427250  0.426030  0.427250  0.428470  0.426030  0.423580  0.421140  0.416260  0.418700  0.419920  0.423580  0.424800  0.423580  0.426030  0.434570  0.410160  0.374760  0.336910  0.316160  0.312500  0.312500  0.314940  0.319820  0.319820  0.322270  0.323490  0.332030  0.328370  0.333250  0.335690  0.357670  0.349120  0.344240  0.336910  0.328370  0.308840  0.308840  0.303960  0.306400  0.306400  0.307620  0.308840  0.306400  0.310060  0.333250  0.329590  0.332030  0.328370  0.311280  0.302730  0.302730  0.308840  0.310060  0.313720  0.311280  0.306400  0.296630  0.321040  0.334470  0.338130  0.324710  0.306400  0.294190  0.299070  0.302730  0.306400  0.311280  0.311280  0.312500  0.313720  0.316160  0.317380  0.317380  0.321040  0.319820  0.322270  0.323490  0.324710  0.325930  0.327150  0.324710  0.329590  0.328370  0.333250  0.328370  0.328370  0.332030  0.332030  0.334470  0.335690  0.334470  0.338130  0.335690  0.336910  0.338130  0.339360  0.340580  0.339360  0.340580  0.340580  0.340580  0.341800  0.343020  0.343020  0.343020  0.345460  0.345460  0.341800  0.345460  0.347900  0.345460  0.350340  0.349120  0.349120  0.347900  0.350340  0.352780  0.349120  0.350340  0.352780  0.351560  0.352780  0.352780  0.355220  0.351560  0.352780  0.355220  0.356450  0.361330  0.357670  0.356450  0.357670  0.357670  0.357670  0.356450  0.356450  0.362550  0.360110  0.360110  0.361330  0.361330  0.362550  0.361330  0.364990  0.366210  0.364990  0.368650  0.369870  0.369870  0.367430  0.364990  0.369870  0.371090  0.369870  0.369870  0.368650  0.372310  0.369870  0.371090  0.371090  0.371090  0.368650  0.369870  0.369870  0.371090  0.373540  0.373540  0.373540  0.374760  0.373540  0.373540  0.375980  0.374760  0.375980  0.373540  0.374760  0.375980  0.374760  0.374760  0.375980  0.374760  0.377200  0.375980  0.377200  0.375980  0.373540  0.377200  0.378420  0.377200  0.375980  0.377200  0.382080  0.378420  0.378420  0.382080  0.377200  0.379640  0.377200  0.378420  0.378420  0.378420  0.377200  0.377200  0.380860  0.378420  0.382080  0.383300  0.380860  0.383300  0.382080  0.382080  0.386960  0.384520  0.388180  0.386960  0.386960  0.386960  0.385740  0.388180  0.390630  0.389400  0.393070  0.388180  0.391850  0.389400  0.391850  0.391850  0.389400  0.389400  0.391850  0.391850  0.391850  0.388180  0.390630  0.389400  0.388180  0.393070  0.393070  0.390630  0.389400  0.393070  0.394290  0.394290  0.393070  0.395510  0.395510  0.395510  0.389400  0.391850  0.393070  0.394290  0.396730  0.394290  0.396730  0.391850  0.394290  0.396730  0.395510  0.395510  0.393070  0.395510  0.396730  0.397950  0.395510  0.395510  0.395510  0.394290  0.399170  0.399170  0.396730  0.395510  0.399170  0.397950  0.399170  0.396730  0.396730  0.396730  0.399170  0.397950  0.395510  0.394290  0.396730  0.397950  0.399170  0.396730  0.399170  0.401610  0.399170  0.400390  0.399170  0.401610  0.405270  0.402830  0.402830  0.400390  0.401610  0.401610  0.400390  0.399170  0.401610  0.401610  0.404050  0.402830  0.402830  0.401610  0.400390  0.402830  0.402830  0.405270  0.404050  0.400390  0.400390  0.402830  0.404050  0.404050  0.402830  0.400390  0.400390  0.404050  0.402830  0.400390  0.402830  0.402830  0.402830  0.402830  0.404050  0.407710  0.405270  0.406490  0.401610  0.404050  0.406490  0.406490  0.406490  0.406490  0.405270  0.405270  0.402830  0.405270  0.402830  0.405270  0.404050  0.402830  0.407710  0.402830  0.406490  0.408940  0.404050  0.406490  0.406490  0.406490  0.408940  0.406490  0.408940  0.405270  0.404050  0.406490  0.407710  0.410160  0.406490 


; cmd = ShapeletResearch/Execs/FastShapelet UCRArchive_2018//InsectEPGSmallTrain/InsectEPGSmallTrain_TRAIN.tsv 3 17 602 10 1 10 10 0 1 10 UCRArchive_2018//InsectEPGSmallTrain/tree.txt UCRArchive_2018//InsectEPGSmallTrain/time.txt
; time =>   47.641   0.956   4.726   0.390  41.328 
