;Shapelet Tree 

;random seed:1551070886, rand()=426716141, rand()=580668968
;command = ShapeletResearch/Execs/FastShapelet UCRArchive_2018//TwoPatterns/TwoPatterns_TRAIN.tsv 4 1000 129 10 1 10 10 0 1 10 UCRArchive_2018//TwoPatterns/tree.txt UCRArchive_2018//TwoPatterns/time.txt 

;Local Class:   0  1  2  3 
;Real  Class:   2  3  4  1 

;Node ID class   obj  pos  len  dist_th 
TreeSize: 40 
NonL  1    --      0   21   15   0.0000 ==> 237 250 242  14  /   0   0   0 257 
NonL  2    --      0    7   16   0.3240 ==> 237 250  15  14  /   0   0 227   0 
Leaf  3     1    
NonL  4    --     12    2   80   9.0046 ==>  74 210  11  12  / 163  40   4   2 
Leaf  5     4    
NonL  8    --    136   20   90   7.0272 ==>  71   2   0   0  /   3 208  11  12 
NonL  9    --    207   33   58   7.2242 ==> 158   3   2   2  /   5  37   2   0 
Leaf 16     2    
NonL 17    --    150   78   33   4.8156 ==>   3 208   3   5  /   0   0   8   7 
Leaf 18     2    
NonL 19    --     35   34   71   7.1527 ==>   0  37   0   0  /   5   0   2   0 
Leaf 34     3    
Leaf 35     4    
Leaf 38     3    
Leaf 39     2    

;Shapelet id   <data>
Shapelet   1  -1.680129 -1.680129 -1.680129 -1.680129 -1.680129 -1.680129 -1.680129  1.660086  1.660086  1.660086  1.660086  1.660086  1.660086  1.660086  1.660086 
Shapelet   2   0.066836  0.232949  0.028326  0.231702  0.016587  0.143652  0.285343  0.071383 -1.680129 -1.680129 -1.680129 -1.680129 -1.680129 -1.680129 -1.680129 -1.680129 
Shapelet   4  -0.228045  0.203706  0.382833  0.008182 -0.171458  0.231995 -0.175160 -0.223235  0.001418 -0.133910  0.454220  0.074320  0.039158  0.151354 -0.106209  0.203126  0.129258 -0.116639  0.203237  0.119413 -0.013268 -0.034204  0.115148 -0.127550 -0.259692 -0.208119  0.322313 -0.006340 -0.479142  0.037985  0.672630  0.095106  0.241513  0.271668 -0.523176 -0.115681  0.093961 -0.304107 -0.234230 -0.377423  0.493927  0.093266 -0.135116  0.030973 -0.252768  0.147117  0.524898 -0.318010  0.355802 -0.111474 -0.097137 -0.741030 -0.203806  0.211922  0.458835 -0.474794 -0.397885 -0.376181  0.159129 -0.055779  0.156275  0.523256 -0.516709 -1.574410 -1.574410 -1.574410 -1.574410 -1.574410 -1.574410 -1.574410 -1.574410 -1.574410 -1.574410 -1.574410  1.583447  1.583447  1.583447  1.583447  1.583447  1.583447 
Shapelet   8  -0.205086  0.269788 -0.237208  0.861579  0.060259 -0.073074  0.168467 -0.074643  0.569295 -0.379182  0.301794  0.058644 -0.087473  0.493716  0.019357  0.376875  0.337857 -0.184015 -0.271568  0.064777  0.235644  0.065273 -0.088720  0.037062  0.095898 -0.015907 -0.000546 -0.473944  0.161247  0.217277 -1.010912 -0.241953 -0.297949  0.042194 -0.172569  0.010141 -0.207030 -0.303901  0.702562  0.021796  0.076872 -0.406935  0.196762  0.041594 -0.051624 -0.007290 -0.164453  0.188705 -0.409172  0.294869  0.135879 -0.279567 -0.676588  0.147942 -0.307035  0.346832 -0.386605  0.081887 -1.615751 -1.615751 -1.615751 -1.615751 -1.615751 -1.615751 -1.615751 -1.615751 -1.615751 -1.615751 -1.615751  1.623275  1.623275  1.623275  1.623275  1.623275  1.623275  1.623275  1.623275  1.623275  1.623275  1.623275  0.371197  1.623275  1.623275  1.623275  1.623275  1.623275  1.623275  1.623275  1.623275  1.623275 
Shapelet   9   0.257179  0.137640  0.008300 -0.297815 -0.114848  0.032927  0.215523  0.074551  0.198708 -0.515046  0.193125 -0.360663 -0.259954  0.463803 -0.290259 -0.215238  0.201256  0.359315 -0.130888 -0.090867  0.450688  0.114196 -0.076650 -0.216125 -0.142161  0.222758 -0.670681 -0.271166 -0.428713  0.117952  0.635789 -0.043898 -0.093703  0.260341 -0.452941 -0.107988 -0.020650  0.433986  1.657007  1.657007  1.657007  1.657007  1.657007  1.657007  1.657007  1.657007  1.657007  1.657007  1.657007  1.657007 -1.622609 -1.622609 -1.622609 -1.622609 -1.622609 -1.622609 -1.622609 -1.622609 
Shapelet  17   1.437514  1.437514  1.437514  1.437514  1.437514  1.437514  1.437514  1.437514  1.437514  1.437514  1.437514  1.437514 -0.016316  0.052856  0.333996  0.103316  0.159820 -0.691473 -0.541813 -0.003685 -0.063721  0.187669 -0.348564 -0.164542 -0.263947 -0.023175  0.115380 -0.348632  0.403513 -0.348418  0.049656  0.138019 -0.002972 
Shapelet  19  -1.626532 -1.626532 -1.626532 -1.626532  0.053939  0.442103  0.337751  0.070639 -0.315938 -1.626532 -1.626532 -1.626532 -1.626532 -1.626532 -1.626532 -1.626532 -1.626532 -1.626532 -1.626532  1.697922  1.697922  1.697922  1.697922  1.697922  1.697922  1.697922  1.697922  1.697922 -0.123132 -0.186115  0.130596  0.239801  0.699855 -0.266830 -0.179068  0.057652  0.205010  0.175764  0.259843  0.175283 -0.074635 -0.393620 -0.000418 -0.508762 -0.555802  0.216679  0.050612 -0.377821 -0.012902 -0.089111 -0.016972  0.490871  0.099087 -0.218178 -0.233646 -0.057336 -0.150580  0.060455 -0.203167 -0.080833 -0.446905  0.730925  0.011800 -0.127133 -0.074851  0.824729 -0.347098 -0.005615 -0.179716 -0.214561 -0.106054 


; cmd = ShapeletResearch/Execs/FastShapelet UCRArchive_2018//TwoPatterns/TwoPatterns_TRAIN.tsv 4 1000 129 10 1 10 10 0 1 10 UCRArchive_2018//TwoPatterns/tree.txt UCRArchive_2018//TwoPatterns/time.txt
; time =>  168.092   8.885  94.507   6.927  51.303 
