;Shapelet Tree 

;random seed:1551071055, rand()=1568022524, rand()=482904594
;command = ShapeletResearch/Execs/FastShapelet UCRArchive_2018//Herring/Herring_TRAIN.tsv 2 64 513 10 1 10 10 0 1 10 UCRArchive_2018//Herring/tree.txt UCRArchive_2018//Herring/time.txt 

;Local Class:   0  1 
;Real  Class:   1  2 

;Node ID class   obj  pos  len  dist_th 
TreeSize: 18 
NonL  1    --      4  176   18   0.5846 ==>  37  12  /   2  13 
NonL  2    --      0   66   16   0.0820 ==>   7  10  /  30   2 
NonL  3    --      1  362   30   1.2381 ==>   0  13  /   2   0 
NonL  4    --      0  316   33   2.0208 ==>   7   1  /   0   9 
Leaf  5     1    
Leaf  6     2    
Leaf  7     1    
NonL  8    --      2  335   98   1.6569 ==>   0   1  /   7   0 
Leaf  9     2    
Leaf 16     2    
Leaf 17     1    

;Shapelet id   <data>
Shapelet   1  -0.699400 -0.711530 -0.716530 -0.726478 -0.735291 -0.737119 -0.710785 -0.662627 -0.633781 -0.603696 -0.577891 -0.530702 -0.481071 -0.430734 -0.380347 -0.323272 -0.272844 -0.220844 
Shapelet   2  -1.118424 -1.080624 -1.035412 -0.992204 -0.940078 -0.890588 -0.840758 -0.793232 -0.742686 -0.694291 -0.643103 -0.592451 -0.536370 -0.480252 -0.424102 -0.371054 
Shapelet   3  -0.766502 -0.803421 -0.810402 -0.809843 -0.821105 -0.847848 -0.893748 -0.939388 -0.984756 -1.026126 -1.023453 -0.974738 -0.954117 -0.916316 -0.901025 -0.919868 -0.951645 -0.982427 -1.017402 -1.049856 -1.083461 -1.110621 -1.142462 -1.179425 -1.221875 -1.257766 -1.293014 -1.334052 -1.387712 -1.428069 
Shapelet   4  -0.003596 -0.043966 -0.080803 -0.100050 -0.126979 -0.161668 -0.216064 -0.274480 -0.327101 -0.379526 -0.428541 -0.480590 -0.537761 -0.586293 -0.637710 -0.688282 -0.756777 -0.804307 -0.783157 -0.727488 -0.676707 -0.630721 -0.577340 -0.528341 -0.493589 -0.480036 -0.465378 -0.488419 -0.541564 -0.601967 -0.662194 -0.686441 -0.700873 
Shapelet   8  -0.487132 -0.528572 -0.577632 -0.624187 -0.673799 -0.721102 -0.780226 -0.806557 -0.795348 -0.777770 -0.764109 -0.751680 -0.719531 -0.676071 -0.634848 -0.597860 -0.558289 -0.533982 -0.533416 -0.548510 -0.579371 -0.613191 -0.655307 -0.704298 -0.756570 -0.800094 -0.830132 -0.876050 -0.926136 -0.972175 -1.022424 -1.076838 -1.122835 -1.173011 -1.223036 -1.263618 -1.277857 -1.257487 -1.219343 -1.171884 -1.119989 -1.098995 -1.106332 -1.141902 -1.179121 -1.216866 -1.255677 -1.280220 -1.310780 -1.331521 -1.340528 -1.344475 -1.365189 -1.397706 -1.445660 -1.501697 -1.565872 -1.616238 -1.665639 -1.678770 -1.665904 -1.624000 -1.588290 -1.538432 -1.488211 -1.444229 -1.412737 -1.393122 -1.371984 -1.337925 -1.309165 -1.291194 -1.283102 -1.279317 -1.292092 -1.310021 -1.319940 -1.315604 -1.286410 -1.254182 -1.209899 -1.176567 -1.145092 -1.131559 -1.146350 -1.162112 -1.174809 -1.186364 -1.181095 -1.145197 -1.103040 -1.057903 -1.007548 -0.949572 -0.904502 -0.856357 -0.818271 -0.779039 


; cmd = ShapeletResearch/Execs/FastShapelet UCRArchive_2018//Herring/Herring_TRAIN.tsv 2 64 513 10 1 10 10 0 1 10 UCRArchive_2018//Herring/tree.txt UCRArchive_2018//Herring/time.txt
; time =>  167.759   3.573  11.706   1.119 150.586 
