;Shapelet Tree 

;random seed:1551068887, rand()=205037050, rand()=175798317
;command = ShapeletResearch/Execs/FastShapelet UCRArchive_2018//Symbols/Symbols_TRAIN.tsv 6 25 399 10 1 10 10 0 1 10 UCRArchive_2018//Symbols/tree.txt UCRArchive_2018//Symbols/time.txt 

;Local Class:   0  1  2  3  4  5 
;Real  Class:   2  1  6  3  5  4 

;Node ID class   obj  pos  len  dist_th 
TreeSize: 16 
NonL  1    --     17   12  383  10.2078 ==>   5   8   0   0   0   0  /   0   0   3   3   3   3 
NonL  2    --      1  161  159   2.5912 ==>   0   8   0   0   0   0  /   5   0   0   0   0   0 
NonL  3    --      3  177  155   8.7335 ==>   0   0   0   0   3   3  /   0   0   3   3   0   0 
Leaf  4     1    
Leaf  5     2    
NonL  6    --      4  147  201   5.5252 ==>   0   0   0   0   0   3  /   0   0   0   0   3   0 
NonL  7    --      0    0  280  15.6746 ==>   0   0   3   0   0   0  /   0   0   0   3   0   0 
Leaf 12     4    
Leaf 13     5    
Leaf 14     6    
Leaf 15     3    

;Shapelet id   <data>
Shapelet   1  -1.721455 -1.699953 -1.679885 -1.668417 -1.646915 -1.625413 -1.613945 -1.593877 -1.580975 -1.562340 -1.548006 -1.530804 -1.515036 -1.504285 -1.489234 -1.471315 -1.460564 -1.449813 -1.439062 -1.428311 -1.417560 -1.428311 -1.418994 -1.417560 -1.417560 -1.417560 -1.410393 -1.406092 -1.400359 -1.389608 -1.378856 -1.368105 -1.360221 -1.358071 -1.347320 -1.336569 -1.325818 -1.304316 -1.292849 -1.282097 -1.271346 -1.260595 -1.242677 -1.227626 -1.211141 -1.194656 -1.179605 -1.161686 -1.148068 -1.126566 -1.106498 -1.095030 -1.073528 -1.052026 -1.040558 -1.020490 -0.998988 -0.977486 -0.955984 -0.940932 -0.924448 -0.902946 -0.881444 -0.859942 -0.841306 -0.828405 -0.808337 -0.796869 -0.775367 -0.764616 -0.753865 -0.743114 -0.723762 -0.710144 -0.699393 -0.695093 -0.689359 -0.683625 -0.679325 -0.672157 -0.672157 -0.672157 -0.672157 -0.672157 -0.672157 -0.672157 -0.672157 -0.672157 -0.672157 -0.672157 -0.679325 -0.683625 -0.689359 -0.695093 -0.699393 -0.710144 -0.718028 -0.720178 -0.730929 -0.741680 -0.752431 -0.763182 -0.763899 -0.773217 -0.783968 -0.794719 -0.805470 -0.816221 -0.826972 -0.852774 -0.882877 -0.893628 -0.907246 -0.924448 -0.923014 -0.912980 -0.912980 -0.912980 -0.902946 -0.892195 -0.881444 -0.870693 -0.859942 -0.849191 -0.838440 -0.827689 -0.812637 -0.794719 -0.755298 -0.656389 -0.633454 -0.601917 -0.580415 -0.548162 -0.525944 -0.495124 -0.471472 -0.442086 -0.417000 -0.389048 -0.356795 -0.324542 -0.296589 -0.271503 -0.239250 -0.209148 -0.186212 -0.154676 -0.133174 -0.111672 -0.080135 -0.057200 -0.044299 -0.025664 -0.004162  0.010890  0.027375  0.043859  0.054610  0.065361  0.073245  0.075396  0.084713  0.084713  0.084713  0.084713  0.084713  0.084713  0.076112  0.073245  0.066078  0.055327  0.044576  0.033825  0.023074  0.008739 -0.009896 -0.022797 -0.042865 -0.054333 -0.075835 -0.086586 -0.107371 -0.119556 -0.138908 -0.152526 -0.191946 -0.213448 -0.219182 -0.229933 -0.236383 -0.239967 -0.244984 -0.236383 -0.234950 -0.224916 -0.224916 -0.214165 -0.203414 -0.192663 -0.181912 -0.163277 -0.148942 -0.131740 -0.110238 -0.088736 -0.032831  0.046010  0.070379  0.100481  0.123417  0.155670  0.187923  0.209425  0.240961  0.273214  0.305467  0.329836  0.358505  0.384308  0.411544  0.438780  0.460282  0.481784  0.503286  0.524788  0.546290  0.567792  0.589294  0.610796  0.632298  0.644482  0.663834  0.677452  0.688203  0.698954  0.709705  0.715439  0.719739  0.726906  0.726906  0.726906  0.726906  0.726906  0.726906  0.726906  0.716872  0.715439  0.706838  0.696087  0.685336  0.674585  0.663834  0.653083  0.638031  0.620113  0.606495  0.587143  0.574959  0.554174  0.543423  0.532672  0.471749  0.453831  0.425878  0.409393  0.398642  0.387891  0.382874  0.382874  0.387175  0.394342  0.394342  0.396492  0.405810  0.406527  0.417278  0.417278  0.427312  0.438063  0.448814  0.451681  0.466015  0.481067  0.491818  0.502569  0.552023  0.630864  0.652366  0.673868  0.695370  0.716872  0.738374  0.759876  0.781378  0.802880  0.824382  0.845884  0.867386  0.888888  0.910390  0.936909  0.964862  0.986364  1.007866  1.029368  1.050870  1.072372  1.093874  1.115376  1.126844  1.146912  1.168414  1.182032  1.199950  1.215002  1.225753  1.241521  1.258723  1.269474  1.277358  1.279508  1.290259  1.300293  1.300293  1.300293  1.310328  1.311761  1.311761  1.311761  1.311761  1.311761  1.306027  1.300293  1.300293  1.300293  1.300293  1.298143  1.288825  1.288825  1.288825  1.288825  1.288825  1.298143  1.308894  1.319645  1.330396  1.341147  1.351898  1.362649  1.373400  1.380567  1.383434  1.394185  1.404936  1.415687  1.426438  1.447940  1.459408  1.470159  1.480910  1.491661  1.502412  1.519614  1.535382  1.546133  1.556884  1.567635  1.578386  1.591287  1.611355  1.622823  1.644325  1.655076  1.675861  1.688046  1.707398  1.721016  1.738934  1.753985  1.770470  1.786955  1.797706 
Shapelet   2  -0.387048 -0.380866 -0.371638 -0.363148 -0.353182 -0.344138 -0.343954 -0.334726 -0.329466 -0.325498 -0.319684 -0.314793 -0.307042 -0.305011 -0.297814 -0.295230 -0.288585 -0.285448 -0.279357 -0.279357 -0.279357 -0.279357 -0.279357 -0.274559 -0.269668 -0.260901 -0.250658 -0.236539 -0.223989 -0.217530 -0.205533 -0.198520 -0.184401 -0.177849 -0.165392 -0.151273 -0.137154 -0.123035 -0.108916 -0.094797 -0.080678 -0.066559 -0.052441 -0.029094 -0.014975  0.008372  0.022491  0.036610  0.057834  0.074075  0.088194  0.102313  0.116432  0.130551  0.153436  0.168017  0.182135  0.196254  0.210373  0.230029  0.247839  0.261958  0.276077  0.290196  0.304314  0.318433  0.332552  0.338919  0.351562  0.357375  0.366603  0.375462  0.385059  0.394288  0.399363  0.403516  0.403516  0.403516  0.403516  0.405361  0.412744  0.421972  0.429262  0.434153  0.448271  0.453162  0.467281  0.472172  0.486291  0.500410  0.514529  0.533815  0.551994  0.566113  0.580232  0.594351  0.608470  0.622589  0.636707  0.643444  0.655717  0.669836  0.674727  0.688846  0.693737  0.698812  0.708040  0.708040  0.713300  0.717268  0.723082  0.727972  0.735724  0.746982  0.761101  0.765992  0.780111  0.785002  0.799120  0.804011  0.818130  0.823021  0.837140  0.842031  0.855688  0.861040  0.874144  0.880050  0.892600  0.899060  0.911056  0.918070  0.929512  0.937079  0.947968  0.956089  0.966424  0.975099  0.984880  0.994108  1.003336  1.013118  1.021792  1.032128  1.040248  1.049476  1.056028  1.060919  1.067932  1.077160  1.084820  1.089711  1.095616  1.104845  1.113611  1.118502  1.123393  1.132529  1.141757 
Shapelet   3   1.027108  1.104753  1.220368  1.302707  1.410642  1.500660  1.555694  1.613289  1.676002  1.725917  1.789058  1.792471  1.831293  1.831720  1.831720  1.801003  1.789058  1.650832  1.437093  1.289055  1.153815  0.920452  0.819768  0.509186  0.431541  0.318912  0.202444  0.113279  0.012169 -0.104299 -0.204982 -0.282628 -0.368379 -0.480581 -0.558227 -0.635872 -0.713518 -0.791163 -1.035192 -1.178538 -1.217360 -1.239971 -1.252344 -1.282634 -1.287327 -1.325296 -1.325296 -1.325296 -1.325296 -1.297139 -1.282634 -1.262156 -1.239971 -1.227173 -1.188350 -1.144408 -1.068042 -1.029219 -0.990396 -0.919150 -0.870089 -0.806522 -0.728876 -0.668296 -0.616247 -0.538602 -0.460956 -0.383311 -0.305665 -0.228020 -0.117524 -0.030066  0.047579  0.125225  0.202870  0.280516  0.358161  0.435807  0.513452  0.591098  0.668744  0.746389  0.824035  0.876083  0.936663  1.014309  1.077876  1.126938  1.198184  1.239566  1.317212  1.357314  1.396137  1.464824  1.516445  1.555268  1.594091  1.632913  1.671736  1.710559  1.746395  1.746395  1.784365  1.789058  1.789058  1.789058  1.766447  1.746395  1.731464  1.637180  1.440506  1.398270  1.320625  1.242979  1.165334  1.087688  1.010043  0.932397  0.835553  0.734444  0.656798  0.571473  0.458845  0.381199  0.264731  0.183246  0.074457 -0.014708 -0.350461 -0.639285 -0.716931 -0.782631 -0.821453 -0.860276 -0.899526 -0.977171 -1.019407 -1.058230 -1.069322 -1.093213 -1.132036 -1.154647 -1.167019 -1.197309 -1.197309 -1.198162 -1.236985 -1.239971 -1.239971 -1.239971 -1.239971 -1.219494 -1.197309 -1.197309 -1.197309 
Shapelet   6  -0.901569 -0.983495 -1.065421 -1.135809 -1.201350 -1.266890 -1.332431 -1.382279 -1.416204 -1.465359 -1.503669 -1.532285 -1.548670 -1.565056 -1.574287 -1.573825 -1.557440 -1.541055 -1.521208 -1.488437 -1.455667 -1.416435 -1.367279 -1.318123 -1.259506 -1.193965 -1.128424 -1.050421 -0.968495 -0.886568 -0.820104 -0.745794 -0.661791 -0.563479 -0.476937 -0.395011 -0.313085 -0.231159 -0.149233 -0.065922  0.032390  0.119624  0.201550  0.283476  0.379480  0.470406  0.552332  0.634258  0.716185  0.794418  0.859959  0.938885  1.014119  1.079660  1.145201  1.201049  1.250205  1.299361  1.348516  1.391672  1.424442  1.457213  1.489983  1.520446  1.536831  1.553216  1.564294  1.564294  1.549293  1.532908  1.514907  1.482137  1.449366  1.411980  1.362825  1.313669  1.256897  1.190433  1.108507  1.026581  0.944655  0.862729  0.767187  0.668875  0.570333  0.455636  0.350863  0.249321  0.134624  0.019928 -0.101000 -0.232082 -0.347240 -0.461937 -0.576634 -0.691330 -0.806027 -0.915185 -1.013496 -1.111808 -1.201580 -1.283507 -1.365433 -1.424281 -1.478283 -1.543824 -1.580287 -1.613057 -1.644674 -1.661059 -1.677445 -1.693830 -1.710215 -1.712754 -1.705599 -1.689214 -1.672829 -1.656444 -1.636597 -1.603826 -1.571056 -1.538285 -1.505515 -1.456590 -1.397972 -1.335201 -1.286045 -1.224427 -1.158886 -1.093345 -1.027805 -0.962264 -0.896723 -0.831182 -0.753871 -0.671945 -0.590019 -0.508092 -0.426166 -0.344240 -0.262314 -0.191465 -0.117155 -0.018843  0.051313  0.124239  0.206165  0.288092  0.359633  0.425174  0.490715  0.542870  0.598719  0.664260  0.713415  0.762571  0.808727  0.841497  0.874268  0.913038  0.962194  0.979964  1.005349  1.035812  1.052197  1.080583  1.108046  1.124431  1.140816  1.157201  1.173587  1.189972  1.195049  1.199664  1.216050  1.232435  1.241205  1.240281  1.223896  1.207511  1.191126  1.174740  1.158355  1.141970  1.125585  1.109199  1.092814  1.073198  1.040428  1.007657  0.974887  0.942116  0.893422  0.844266  0.795111  0.745955  0.684568  0.624566  0.575410  0.511023  0.445482 
Shapelet   7   1.937544  1.868409  1.856529  1.844648  1.832768  1.820888  1.809007  1.797127  1.785247  1.773367  1.761486  1.749606  1.737726  1.725845  1.713965  1.702085  1.690204  1.678324  1.666444  1.654564  1.642683  1.630803  1.618923  1.607042  1.595162  1.583282  1.571401  1.559521  1.547641  1.535761  1.523880  1.512000  1.500120  1.488239  1.476359  1.464479  1.452598  1.440718  1.428838  1.395773  1.336372  1.270816  1.232455  1.213561  1.197244  1.177491  1.112221  1.081446  1.060405  0.998284  0.937022  0.908968  0.852572  0.827094  0.813925  0.753808  0.682526  0.611244  0.549982  0.525935  0.457516  0.411283  0.399403  0.387523  0.375642  0.343723  0.306078  0.294198  0.257126  0.197724  0.166950  0.155070  0.143189  0.131309  0.083931  0.061745  0.010932  0.002343  0.002343 -0.030721 -0.077813 -0.112165 -0.112165 -0.114742 -0.136785 -0.152959 -0.180871 -0.183877 -0.192322 -0.196186 -0.216655 -0.242849 -0.265035 -0.289511 -0.295380 -0.314703 -0.336603 -0.341183 -0.348913 -0.385269 -0.407026 -0.409889 -0.447677 -0.465569 -0.518672 -0.535133 -0.547013 -0.558750 -0.559323 -0.571203 -0.583083 -0.594964 -0.606844 -0.618724 -0.630604 -0.638906 -0.646922 -0.666245 -0.678126 -0.690006 -0.701886 -0.713767 -0.725647 -0.737527 -0.749407 -0.753415 -0.761717 -0.782329 -0.796929 -0.808809 -0.820689 -0.832570 -0.844450 -0.856330 -0.868210 -0.880091 -0.891971 -0.903851 -0.915732 -0.930045 -0.950943 -0.962823 -0.974704 -0.990735 -1.009915 -1.021795 -1.033676 -1.045556 -1.057436 -1.069317 -1.088354 -1.104528 -1.116408 -1.128289 -1.140169 -1.152049 -1.154196 -1.164359 -1.176239 -1.188120 -1.200000 -1.211880 -1.223761 -1.235641 -1.247521 -1.257254 -1.259831 -1.271711 -1.283591 -1.291607 -1.295901 -1.307781 -1.319662 -1.331542 -1.343422 -1.355303 -1.353442 -1.341562 -1.329681 -1.325960 -1.317371 -1.305491 -1.293611 -1.281731 -1.280156 -1.269421 -1.257541 -1.245660 -1.233780 -1.221900 -1.211451 -1.209590 -1.197710 -1.185829 -1.173949 -1.162069 -1.150189 -1.138308 -1.126428 -1.119844 -1.114118 -1.102238 -1.090358 -1.078477 -1.066597 -1.054717 -1.042836 -1.030956 -1.019076 -1.007196 -0.995315 -0.983435 -0.971555 -0.959674 -0.947794 -0.935914 -0.924033 -0.912153 -0.900273 -0.888393 -0.876512 -0.864632 -0.852752 -0.840871 -0.824411 -0.805660 -0.793780 -0.781899 -0.770019 -0.758139 -0.746258 -0.734378 -0.722498 -0.719063 -0.710188 -0.698308 -0.696161 -0.685998 -0.674118 -0.673259 -0.673259 -0.661808 -0.660949 -0.650357 -0.650357 -0.648210 -0.638906 -0.638906 -0.635471 -0.627455 -0.627455 -0.627455 -0.622303 -0.616005 -0.616005 -0.609563 -0.604554 -0.604554 -0.604554 -0.604554 -0.595966 -0.593103 -0.583656 -0.581652 -0.571346 -0.559466 -0.547586 -0.547156 -0.535276 -0.524397 -0.522966 -0.511086 -0.499206 -0.487325 -0.475445 -0.467143 -0.463135 -0.451255 -0.439375 -0.427494 


; cmd = ShapeletResearch/Execs/FastShapelet UCRArchive_2018//Symbols/Symbols_TRAIN.tsv 6 25 399 10 1 10 10 0 1 10 UCRArchive_2018//Symbols/tree.txt UCRArchive_2018//Symbols/time.txt
; time =>   32.226   0.771   2.279   0.201  28.856 
