;Shapelet Tree 

;random seed:1551068722, rand()=1850391969, rand()=1505717159
;command = ShapeletResearch/Execs/FastShapelet UCRArchive_2018//GunPointMaleVersusFemale/GunPointMaleVersusFemale_TRAIN.tsv 2 135 151 10 1 10 10 0 1 10 UCRArchive_2018//GunPointMaleVersusFemale/tree.txt UCRArchive_2018//GunPointMaleVersusFemale/time.txt 

;Local Class:   0  1 
;Real  Class:   1  2 

;Node ID class   obj  pos  len  dist_th 
TreeSize: 4 
NonL  1    --     72   20   74   5.1079 ==>   0  61  /  71   3 
Leaf  2     2    
Leaf  3     1    

;Shapelet id   <data>
Shapelet   1  284.246480 285.635060 285.422640 285.816240 287.663060 290.602080 292.944170 294.135480 294.997390 296.148200 299.527160 305.711450 318.441400 335.417650 353.625770 372.332560 390.466170 405.611440 420.002680 432.147390 443.280330 452.067910 459.255750 466.275400 471.564340 477.510420 481.448030 485.684630 488.402470 489.162660 490.969030 491.273770 491.285710 491.999190 492.205740 492.240580 492.177500 491.900320 491.726760 492.013590 492.061390 491.697040 491.273480 491.297940 491.487850 490.947760 491.054460 491.077180 491.648290 491.401520 491.322080 491.778060 492.011050 492.123820 492.114850 491.790420 491.716110 491.782160 491.846220 492.036140 492.178690 492.454470 492.228150 492.588940 492.870470 492.447930 492.186170 492.713070 492.835170 492.632740 492.947100 492.673040 492.979270 492.435920 


; cmd = ShapeletResearch/Execs/FastShapelet UCRArchive_2018//GunPointMaleVersusFemale/GunPointMaleVersusFemale_TRAIN.tsv 2 135 151 10 1 10 10 0 1 10 UCRArchive_2018//GunPointMaleVersusFemale/tree.txt UCRArchive_2018//GunPointMaleVersusFemale/time.txt
; time =>    6.081   0.358   1.637   0.202   3.679 
