;Shapelet Tree 

;random seed:1551068738, rand()=624262695, rand()=1541258370
;command = ShapeletResearch/Execs/FastShapelet UCRArchive_2018//GunPointOldVersusYoung/GunPointOldVersusYoung_TRAIN.tsv 2 136 151 10 1 10 10 0 1 10 UCRArchive_2018//GunPointOldVersusYoung/tree.txt UCRArchive_2018//GunPointOldVersusYoung/time.txt 

;Local Class:   0  1 
;Real  Class:   1  2 

;Node ID class   obj  pos  len  dist_th 
TreeSize: 8 
NonL  1    --    126   86   45   2.1968 ==>  57   6  /   8  65 
Leaf  2     1    
NonL  3    --      0   10   48   0.6248 ==>   6   0  /   2  65 
Leaf  6     1    
Leaf  7     2    

;Shapelet id   <data>
Shapelet   1  895.819680 895.889300 895.963570 896.077310 896.208230 896.261560 896.288450 896.309870 896.364200 896.497500 896.593850 896.691300 896.755810 896.790360 896.837580 896.847190 896.875880 897.041250 897.207010 897.643330 898.270980 899.043260 900.047020 901.011050 901.882760 902.624390 903.038500 903.233270 903.280710 903.019580 902.595140 902.054700 901.661720 901.300930 901.049390 900.855190 900.738970 900.695390 900.674380 900.770890 900.989710 901.247330 901.494950 901.662140 901.849220 
Shapelet   3  253.590950 253.385730 253.155950 252.995190 253.251640 257.077660 263.288970 270.091110 277.523880 282.227270 284.246480 285.635060 285.422640 285.816240 287.663060 290.602080 292.944170 294.135480 294.997390 296.148200 299.527160 305.711450 318.441400 335.417650 353.625770 372.332560 390.466170 405.611440 420.002680 432.147390 443.280330 452.067910 459.255750 466.275400 471.564340 477.510420 481.448030 485.684630 488.402470 489.162660 490.969030 491.273770 491.285710 491.999190 492.205740 492.240580 492.177500 491.900320 


; cmd = ShapeletResearch/Execs/FastShapelet UCRArchive_2018//GunPointOldVersusYoung/GunPointOldVersusYoung_TRAIN.tsv 2 136 151 10 1 10 10 0 1 10 UCRArchive_2018//GunPointOldVersusYoung/tree.txt UCRArchive_2018//GunPointOldVersusYoung/time.txt
; time =>    8.908   0.476   2.260   0.261   5.664 
