;Shapelet Tree 

;random seed:1551077154, rand()=1655543790, rand()=2086300754
;command = ShapeletResearch/Execs/FastShapelet UCRArchive_2018//OSULeaf/OSULeaf_TRAIN.tsv 6 200 428 10 1 10 10 0 1 10 UCRArchive_2018//OSULeaf/tree.txt UCRArchive_2018//OSULeaf/time.txt 

;Local Class:   0  1  2  3  4  5 
;Real  Class:   6  5  2  1  3  4 

;Node ID class   obj  pos  len  dist_th 
TreeSize: 64 
NonL  1    --    175  102  248  12.7655 ==>   5   1  26   0   1  53  /  10  35   3  34  32   0 
NonL  2    --      0   24   31   0.5691 ==>   5   0  25   0   0   7  /   0   1   1   0   1  46 
NonL  3    --     93  141   79   3.2048 ==>   6  33   3   0  29   0  /   4   2   0  34   3   0 
NonL  4    --      0   22   10   0.3295 ==>   0   0  25   0   0   2  /   5   0   0   0   0   5 
Leaf  5     4    
NonL  6    --      0   32   46   1.0914 ==>   2  33   2   0   0   0  /   4   0   1   0  29   0 
NonL  7    --      2   85   91   6.7028 ==>   0   0   0  33   0   0  /   4   2   0   1   3   0 
Leaf  8     2    
NonL  9    --      0  136  126   6.6468 ==>   5   0   0   0   0   0  /   0   0   0   0   0   5 
NonL 12    --     12    9  285  19.4310 ==>   0  33   1   0   0   0  /   2   0   1   0   0   0 
NonL 13    --     19  348   75   1.9877 ==>   4   0   0   0   0   0  /   0   0   1   0  29   0 
Leaf 14     1    
NonL 15    --      5  160  193  10.3879 ==>   0   2   0   0   3   0  /   4   0   0   1   0   0 
Leaf 18     6    
Leaf 19     4    
Leaf 24     5    
NonL 25    --      0   12  406  13.4225 ==>   0   0   1   0   0   0  /   2   0   0   0   0   0 
Leaf 26     6    
Leaf 27     3    
NonL 30    --      1    1  213   8.2536 ==>   0   0   0   0   3   0  /   0   2   0   0   0   0 
NonL 31    --      2    5  413  12.4685 ==>   0   0   0   1   0   0  /   4   0   0   0   0   0 
Leaf 50     2    
Leaf 51     6    
Leaf 60     3    
Leaf 61     5    
Leaf 62     1    
Leaf 63     6    

;Shapelet id   <data>
Shapelet   1  -0.721173 -0.730108 -0.775846 -0.821954 -0.875450 -0.925485 -0.976737 -1.023911 -1.065434 -1.107977 -1.142223 -1.163894 -1.199306 -1.227008 -1.255239 -1.281640 -1.306708 -1.328122 -1.335068 -1.334276 -1.320289 -1.278114 -1.217171 -1.145894 -1.074113 -0.999167 -0.925708 -0.834938 -0.747575 -0.663599 -0.584316 -0.482512 -0.404093 -0.301499 -0.213453 -0.150303 -0.085037 -0.054704 -0.062703 -0.087790 -0.084430 -0.114487 -0.089831 -0.068760 -0.085988 -0.104762 -0.123145 -0.131685 -0.136181 -0.141274 -0.141939 -0.140954 -0.137109 -0.132840 -0.118216 -0.101222 -0.086497 -0.066201 -0.064827 -0.044994 -0.019948  0.011142  0.031271  0.063464  0.108406  0.172631  0.243857  0.346015  0.430238  0.517915  0.602156  0.662299  0.703250  0.726120  0.773239  0.836443  0.874199  0.902412  0.926612  0.959466  0.963207  0.973500  0.991128  0.993636  1.014383  1.019321  1.045235  1.052322  1.070438  1.073777  1.078464  1.064856  1.049015  1.024045  1.016062  1.113637  1.196758  1.278800  1.362127  1.472703  1.583681  1.694846  1.806148  1.901236  2.001782  2.112880  2.223748  2.316008  2.318842  2.255600  2.171393  2.060467  1.949445  1.838278  1.753726  1.642583  1.537017  1.459569  1.388962  1.282952  1.218593  1.136419  1.088616  1.059015  1.034601  1.013079  0.983047  0.951311  0.914158  0.870962  0.822724  0.788114  0.754238  0.717439  0.678086  0.641751  0.605950  0.571009  0.535291  0.500447  0.462540  0.436645  0.411337  0.386889  0.367334  0.347706  0.328604  0.309200  0.289875  0.289326  0.283198  0.278834  0.273663  0.270790  0.285784  0.300304  0.312704  0.334195  0.361566  0.394886  0.366379  0.358434  0.357499  0.372080  0.411534  0.436282  0.476439  0.518095  0.472995  0.411504  0.353082  0.281829  0.195650  0.122536  0.036872 -0.041893 -0.115894 -0.193602 -0.266908 -0.347906 -0.425219 -0.499685 -0.576587 -0.653547 -0.732334 -0.817509 -0.888700 -0.973469 -1.051982 -1.113578 -1.180694 -1.247415 -1.297553 -1.353441 -1.373386 -1.381334 -1.389652 -1.393792 -1.389488 -1.387839 -1.386322 -1.379957 -1.351873 -1.329463 -1.308854 -1.294390 -1.270555 -1.246138 -1.209808 -1.173344 -1.127043 -1.085572 -1.033136 -0.981218 -0.927686 -0.867330 -0.813582 -0.791041 -0.747558 -0.686808 -0.625507 -0.552934 -0.484101 -0.414497 -0.346283 -0.339257 -0.419730 -0.495815 -0.586404 -0.676703 -0.758943 -0.843846 -0.895981 -0.978846 -1.068228 -1.153828 -1.263410 -1.353209 -1.435941 -1.521116 -1.592445 -1.661844 -1.712471 -1.767275 -1.804593 -1.838116 -1.853207 -1.850485 
Shapelet   2   1.190655  1.177664  1.170868  1.146844  1.118754  1.090777  1.061229  1.027227  1.005327  0.987206  0.971048  0.949105  0.922336  0.869543  0.832899  0.830384  0.809580  0.739384  0.659109  0.622372  0.604023  0.560602  0.476490  0.404754  0.382245  0.335432  0.289277  0.226622  0.195599  0.131232  0.092593 
Shapelet   3   1.216206  1.196634  1.131504  1.060234  1.004727  0.974586  0.994596  0.988666  0.930993  0.894307  0.808123  0.683302  0.633590  0.531744  0.495545  0.495451  0.559552  0.651826  0.769159  0.822959  0.809305  0.780990  0.682782  0.571883  0.495651  0.411761  0.297887  0.172988  0.095571  0.089271  0.029125 -0.009374 -0.072598 -0.160558 -0.285150 -0.358753 -0.367152 -0.306659 -0.314274 -0.383115 -0.450011 -0.491969 -0.556655 -0.641361 -0.739697 -0.825225 -0.858960 -0.941234 -0.982922 -1.018062 -1.083155 -1.165807 -1.213631 -1.255426 -1.325693 -1.384036 -1.457539 -1.446046 -1.334010 -1.245026 -1.132881 -1.019396 -0.919222 -0.824299 -0.704674 -0.596388 -0.532419 -0.433930 -0.333728 -0.221368 -0.105832  0.004737  0.116472  0.187147  0.117925  0.028465 -0.065555 -0.109100 -0.163632 
Shapelet   4   1.181861  1.198846  1.190655  1.177664  1.170868  1.146844  1.118754  1.090777  1.061229  1.027227 
Shapelet   6   0.370200  0.251091  0.107737 -0.031189 -0.190309 -0.303444 -0.460303 -0.547169 -0.651960 -0.714993 -0.821873 -0.930150 -1.086723 -1.239888 -1.321682 -1.463031 -1.516471 -1.642297 -1.729055 -1.734351 -1.862362 -1.986241 -1.990217 -1.974796 -2.034838 -2.039291 -2.011119 -1.928118 -1.920360 -1.777559 -1.833158 -1.720863 -1.641771 -1.585067 -1.480365 -1.281077 -1.173903 -1.009757 -0.917429 -0.828790 -0.669496 -0.556017 -0.389439 -0.266869 -0.107906  0.038862 
Shapelet   7  -0.253679 -0.371682 -0.546899 -0.595136 -0.713202 -0.622297 -0.808922 -0.722087 -0.596602 -0.483011 -0.461292 -0.364464 -0.433185 -0.312686 -0.267904 -0.254284 -0.195466 -0.100075 -0.015502  0.003883  0.075904  0.126437  0.201716  0.284492  0.417111  0.440964  0.513345  0.648058  0.743610  0.844906  0.962763  1.039957  1.063856  0.887979  0.709789  0.522339  0.443393  0.321736  0.226952  0.126591  0.068169 -0.091846 -0.188873 -0.383612 -0.391239 -0.546671 -0.650409 -0.838683 -0.927519 -0.965442 -0.874234 -0.733265 -0.660008 -0.519703 -0.413945 -0.292483 -0.188288 -0.053127  0.046499  0.063882  0.197450  0.310289  0.238065  0.320723  0.446412  0.571203  0.711237  0.866386  0.993620  1.074108  1.137762  1.296937  1.398370  1.480377  1.519898  1.361655  1.193601  1.031797  0.937579  0.779133  0.615960  0.479599  0.325904  0.167709 -0.003756 -0.145655 -0.151862 -0.315024 -0.470893 -0.614692 -0.777464 
Shapelet   9   0.520684  0.452177  0.384849  0.393393  0.311592  0.244747  0.187618  0.110049  0.092534  0.007080 -0.041751  0.015429  0.070085  0.122631  0.191970  0.257925  0.324624  0.428047  0.517985  0.502090  0.427288  0.355831  0.267439  0.256864  0.177038  0.111499  0.113415  0.032093 -0.050532 -0.036520 -0.055359 -0.127754 -0.179992 -0.249081 -0.303103 -0.370502 -0.404136 -0.450998 -0.539405 -0.604260 -0.670106 -0.749311 -0.807172 -0.926279 -0.944917 -1.045017 -1.144114 -1.237308 -1.270746 -1.348921 -1.415282 -1.499828 -1.545116 -1.616253 -1.702740 -1.779316 -1.850452 -1.924909 -1.967343 -1.983937 -2.064839 -2.097476 -2.021475 -1.987166 -1.904043 -1.819026 -1.726616 -1.653669 -1.574134 -1.490979 -1.414981 -1.334852 -1.275848 -1.212574 -1.138030 -1.041702 -1.071878 -1.145612 -1.225618 -1.295352 -1.363648 -1.422914 -1.462699 -1.460598 -1.435844 -1.422927 -1.365686 -1.297087 -1.216635 -1.137364 -1.054836 -0.975964 -0.894659 -0.814411 -0.729744 -0.668856 -0.584904 -0.504779 -0.483377 -0.457861 -0.378815 -0.295684 -0.212780 -0.127757 -0.041172  0.043049  0.122878  0.183935  0.230609  0.315706  0.374665  0.457247  0.523265  0.606927  0.629641  0.718822  0.800200  0.886666  0.950643  1.036183  1.118799  1.197915  1.283696  1.363814  1.448686  1.531683 
Shapelet  12   0.169232  0.077430 -0.016171 -0.087638 -0.177707 -0.260126 -0.327964 -0.436324 -0.526016 -0.615044 -0.709989 -0.797318 -0.903838 -0.990737 -1.100515 -1.188805 -1.281170 -1.363386 -1.443313 -1.526769 -1.608369 -1.714862 -1.769339 -1.661211 -1.551892 -1.468272 -1.359081 -1.249977 -1.163018 -1.051609 -0.965436 -0.856378 -0.746802 -0.635979 -0.540870 -0.438725 -0.327659 -0.219760 -0.128690 -0.037995  0.047906  0.126837  0.211960  0.303964  0.391550  0.476318  0.557662  0.636566  0.690244  0.708708  0.768400  0.835497  0.907475  0.944342  0.924042  0.910735  0.887813  0.894266  0.968889  1.044834  1.081998  1.062114  1.029681  1.002050  0.966758  0.949928  0.895208  0.884503  0.836677  0.817258  0.780989  0.828792  0.865248  0.903036  0.911690  0.915199  0.900698  0.833503  0.750278  0.684435  0.609000  0.577534  0.488018  0.410606  0.320172  0.238693  0.163157  0.062616 -0.035250 -0.118662 -0.202301 -0.287237 -0.377360 -0.461771 -0.529868 -0.597148 -0.664154 -0.728304 -0.795733 -0.785786 -0.863105 -0.848852 -0.817882 -0.768748 -0.712388 -0.640784 -0.557164 -0.526665 -0.466701 -0.396595 -0.338076 -0.295232 -0.239506 -0.180989 -0.120808 -0.079795 -0.107884 -0.158855 -0.224451 -0.301316 -0.390220 -0.437781 -0.481162 -0.559509 -0.628273 -0.725095 -0.792018 -0.826218 -0.919248 -0.973667 -1.030584 -1.087679 -1.137810 -1.222304 -1.336364 -1.424362 -1.502498 -1.575070 -1.605664 -1.706519 -1.750086 -1.830961 -1.889961 -1.916833 -1.962678 -1.871361 -1.772580 -1.674628 -1.593989 -1.498226 -1.398966 -1.301423 -1.212701 -1.110464 -1.030477 -0.932933 -0.838258 -0.749426 -0.652478 -0.563781 -0.477503 -0.373460 -0.281459 -0.228680 -0.138228 -0.037005  0.019548  0.113039  0.209241  0.292053  0.388288  0.488828  0.580649  0.671804  0.763742  0.858374  0.949372  1.040898  1.137641  1.233600  1.326042  1.421960  1.514981  1.607024  1.708965  1.796253  1.888039  1.983838  2.074931  2.144029  2.155717  2.138009  2.169886  2.184409  2.091314  1.999264  1.893795  1.802950  1.707923  1.610105  1.513275  1.426784  1.326840  1.238631  1.136081  1.051365  0.956131  0.862600  0.769327  0.679688  0.585539  0.487784  0.395450  0.306294  0.214330  0.123209  0.029062 -0.061061 -0.158095 -0.252411 -0.345558 -0.426794 -0.521575 -0.620045 -0.708066 -0.801706 -0.893009 -0.978423 -1.077352 -1.160546 -1.254314 -1.344810 -1.439852 -1.519102 -1.619651 -1.710596 -1.803685 -1.889932 -1.979343 -2.074991 -2.048031 -1.967830 -1.886980 -1.761698 -1.668658 -1.605022 -1.536133 -1.447515 -1.382035 -1.307114 -1.234323 -1.159347 -1.104815 -1.070672 -0.968042 -0.883796 -0.854485 -0.784831 -0.703193 -0.679355 -0.618376 -0.581865 -0.515697 -0.423859 -0.343525 -0.269957 -0.246310 -0.193800 -0.197324 -0.199381 -0.255015 -0.336697 -0.422204 -0.512736 -0.580704 -0.669002 -0.787055 -0.893384 -1.004799 -0.978244 -0.944621 -0.864438 -0.776198 -0.678989 -0.578359 
Shapelet  13   0.648116  0.704501  0.641528  0.646024  0.544520  0.532757  0.416780  0.419200  0.488895  0.578721  0.510229  0.438804  0.400889  0.306016  0.334061  0.246199  0.140066  0.101660  0.243678  0.314817  0.370033  0.309410  0.308329  0.277514  0.183594  0.218822  0.139964  0.042661 -0.026207 -0.023840 -0.096464 -0.164010 -0.239711 -0.275867 -0.234461 -0.234055 -0.297739 -0.311303 -0.402067 -0.475558 -0.500794 -0.596689 -0.653943 -0.702661 -0.778175 -0.915008 -0.952436 -1.098293 -1.131608 -1.221106 -1.347235 -1.461411 -1.546226 -1.427835 -1.289579 -1.148516 -1.019033 -0.882625 -0.741004 -0.619050 -0.559520 -0.434932 -0.291550 -0.164052 -0.029149  0.104250  0.244531  0.376430  0.503234  0.635286  0.773927  0.914206  0.975998  1.108539  1.240403 
Shapelet  15   0.725387  0.624661  0.510991  0.409190  0.296940  0.201336  0.090414 -0.012518 -0.106700 -0.218254 -0.323055 -0.419986 -0.524125 -0.615389 -0.725364 -0.826043 -0.935603 -1.051860 -1.151030 -1.173057 -1.265240 -1.278267 -1.357002 -1.418358 -1.447650 -1.515168 -1.533762 -1.561703 -1.528871 -1.553698 -1.554161 -1.519622 -1.470501 -1.428943 -1.351848 -1.295865 -1.269414 -1.236805 -1.204370 -1.178635 -1.153142 -1.121315 -1.093802 -1.080355 -1.024163 -0.948261 -0.894908 -0.862554 -0.769019 -0.682617 -0.592868 -0.565277 -0.502380 -0.564677 -0.627885 -0.581363 -0.507192 -0.461774 -0.431854 -0.364449 -0.416481 -0.365830 -0.338981 -0.282631 -0.257144 -0.240971 -0.342814 -0.470724 -0.571964 -0.702253 -0.843465 -0.991628 -1.126423 -1.144119 -1.141224 -1.092185 -1.063941 -0.985119 -0.915673 -0.843026 -0.886594 -0.821816 -0.766185 -0.796448 -0.734412 -0.648121 -0.616473 -0.664247 -0.719048 -0.630025 -0.528465 -0.427577 -0.323018 -0.283731 -0.284023 -0.205939 -0.173238 -0.085250 -0.032177 -0.116370 -0.227343 -0.313688 -0.229591 -0.146183 -0.057525 -0.010088 -0.022670  0.041355  0.129783  0.207997  0.298772  0.377207  0.335619  0.390626  0.511900  0.654027  0.722161  0.841390  0.954789  1.064440  1.205712  1.338426  1.426095  1.329284  1.229923  1.131830  1.016289  0.915929  0.795632  0.690307  0.577663  0.468097  0.445157  0.409319  0.284181  0.167804  0.060177 -0.049917 -0.158715 -0.275353 -0.374500 -0.335883 -0.375596 -0.476016 -0.591705 -0.706424 -0.819694 -0.942058 -1.058151 -1.173702 -1.279179 -1.388834 -1.492772 -1.588722 -1.608896 -1.515958 -1.440028 -1.362119 -1.272451 -1.178464 -1.092620 -0.982760 -0.872429 -0.776459 -0.827379 -0.784591 -0.672560 -0.559077 -0.431633 -0.307160 -0.216878 -0.245817 -0.147633 -0.040809 -0.008448  0.071182  0.150927  0.162726  0.081997 -0.011458 -0.075084 -0.127102 -0.122913 -0.029514  0.074332  0.135045  0.221437  0.329037  0.440406  0.496811  0.507836  0.527573  0.650929 
Shapelet  25   0.193963  0.151759  0.092579  0.007013 -0.103398 -0.220021 -0.336305 -0.449178 -0.562679 -0.691819 -0.809773 -0.958122 -1.082642 -1.226041 -1.349442 -1.484271 -1.618534 -1.703819 -1.818749 -1.956751 -2.069207 -2.182564 -2.302469 -2.400042 -2.434914 -2.326847 -2.211001 -2.100009 -1.985661 -1.878927 -1.768137 -1.658179 -1.545257 -1.423956 -1.302913 -1.195538 -1.076034 -0.957767 -0.848171 -0.728856 -0.613228 -0.499889 -0.382323 -0.268291 -0.150033 -0.032466  0.080118  0.197792  0.309409  0.417920  0.532071  0.568843  0.564685  0.548080  0.524554  0.499114  0.458956  0.425842  0.393147  0.354164  0.328983  0.292137  0.243357  0.165005  0.076576  0.012341 -0.055600 -0.115963 -0.180003 -0.241830 -0.284022 -0.340857 -0.398553 -0.458267 -0.518912 -0.566271 -0.620704 -0.667243 -0.730231 -0.773716 -0.814467 -0.853165 -0.807666 -0.718154 -0.628647 -0.546461 -0.459427 -0.358164 -0.272079 -0.171516 -0.077352  0.031114  0.159423  0.280801  0.418215  0.543689  0.616720  0.677107  0.722056  0.730776  0.740872  0.753842  0.771498  0.793293  0.819538  0.851000  0.885860  0.921729  0.945643  0.926307  0.878130  0.860482  0.854908  0.861454  0.862096  0.855588  0.862009  0.854688  0.861825  0.850937  0.846955  0.884396  0.992288  1.096308  1.171034  1.218091  1.322688  1.437120  1.554393  1.674853  1.785487  1.894094  1.972767  2.041234  2.078224  2.080230  2.004427  1.890762  1.772644  1.662194  1.541960  1.433444  1.319187  1.204545  1.090991  1.137042  1.175142  1.205904  1.212075  1.183574  1.162016  1.124642  1.061911  0.978955  0.904685  0.871095  0.852697  0.837891  0.816412  0.781323  0.744556  0.724707  0.733679  0.742554  0.754076  0.768382  0.771049  0.763442  0.750808  0.733123  0.711137  0.699134  0.659471  0.599090  0.562297  0.496001  0.438042  0.373233  0.294799  0.212643  0.103526 -0.032045 -0.140337 -0.247733 -0.354021 -0.451963 -0.540270 -0.637904 -0.699475 -0.651901 -0.622565 -0.589463 -0.525572 -0.468555 -0.420046 -0.367379 -0.315014 -0.260411 -0.214614 -0.190072 -0.208904 -0.174962 -0.103141  0.020095  0.181526  0.300993  0.383633  0.478838  0.569946  0.658043  0.725553  0.797820  0.848111  0.855618  0.859517  0.816470  0.678992  0.584642  0.471994  0.353913  0.430654  0.521748  0.615862  0.676975  0.736435  0.763626  0.792070  0.790482  0.778614  0.698875  0.574971  0.461987  0.349166  0.235936  0.119339  0.003600 -0.114081 -0.230404 -0.341798 -0.456460 -0.565993 -0.689835 -0.800986 -0.919693 -1.031541 -1.150727 -1.260441 -1.380933 -1.491112 -1.611743 -1.720644 -1.842919 -1.949581 -2.064277 -2.176341 -2.289515 -2.398984 -2.477636 -2.421007 -2.335641 -2.258312 -2.147572 -2.032144 -1.909425 -1.786473 -1.682604 -1.562803 -1.464794 -1.347970 -1.235792 -1.101124 -0.996864 -0.862421 -0.743005 -0.652825 -0.539336 -0.418700 -0.295574 -0.219428 -0.139980 -0.076644 -0.111222 -0.177164 -0.254683 -0.244833 -0.176720 -0.085583 -0.007825  0.068529  0.160364  0.237732  0.310713  0.372056  0.428258  0.471268  0.410259  0.342974  0.257766  0.172796  0.070358 -0.032050 -0.132059 -0.235797 -0.365918 -0.493762 -0.622055 -0.749560 -0.878709 -1.036067 -1.193970 -1.321751 -1.444788 -1.565555 -1.663930 -1.624200 -1.520338 -1.402092 -1.291809 -1.168646 -1.051455 -0.909428 -0.790404 -0.673603 -0.551157 -0.427427 -0.323684 -0.200054 -0.082651  0.028686  0.133588  0.242742  0.349584  0.457242  0.554895  0.660211  0.746218  0.850642  0.952245  1.051491  1.149613  1.240729  1.329935  1.328333  1.270158  1.213960  1.196196  1.295260  1.407078  1.478290  1.525511  1.505269  1.449209  1.354559  1.242078  1.160246  1.096048  0.979909  0.887679  0.786957  0.817819  0.947572  1.076550  1.178470  1.301971  1.328261  1.278263  1.184383  1.078827  0.985865  0.894547  0.786903  0.690125  0.596246  0.487220  0.388839  0.287625  0.187492  0.083134 -0.022439 -0.136632 -0.241723 -0.365445 -0.475051 -0.587584 -0.715671 -0.838029 -0.965971 -1.084475 -1.205147 -1.311026 -1.412290 -1.510530 -1.569689 -1.467559 -1.334247 -1.197878 -1.047814 -0.918866 -0.761120 -0.630236 -0.499000 -0.367786 -0.240136 -0.134852 -0.002499  0.121261 
Shapelet  30   2.877714  2.842367  2.743756  2.644302  2.534350  2.430279  2.328299  2.227948  2.120048  2.020275  1.912306  1.809758  1.712260  1.601377  1.497680  1.392810  1.295471  1.183422  1.083723  0.976503  0.868923  0.766845  0.661989  0.561966  0.458156  0.350555  0.245258  0.148882  0.040495 -0.061333 -0.159986 -0.264830 -0.370412 -0.473051 -0.581118 -0.682601 -0.787248 -0.888732 -0.989441 -1.088089 -1.202887 -1.300815 -1.381956 -1.383744 -1.376209 -1.311048 -1.282460 -1.220008 -1.184759 -1.116520 -1.074994 -0.968946 -0.874910 -0.789188 -0.717968 -0.692971 -0.641758 -0.597467 -0.560282 -0.576175 -0.628599 -0.613203 -0.578601 -0.520304 -0.476522 -0.445041 -0.425557 -0.385983 -0.340960 -0.349610 -0.378363 -0.336677 -0.303528 -0.265855 -0.264264 -0.301312 -0.300311 -0.332364 -0.344561 -0.356045 -0.409255 -0.517631 -0.626730 -0.711173 -0.761869 -0.852016 -0.945636 -1.001660 -0.929690 -0.916142 -0.856110 -0.812564 -0.777224 -0.733912 -0.659638 -0.624296 -0.676729 -0.732440 -0.672748 -0.588200 -0.480482 -0.399270 -0.349222 -0.285275 -0.211075 -0.212082 -0.205004 -0.186084 -0.210161 -0.317510 -0.344036 -0.266142 -0.188812 -0.105394 -0.032731  0.032320  0.097297  0.164937  0.236436  0.314740  0.332644  0.261367  0.361407  0.303614  0.399426  0.457502  0.373314  0.454572  0.542536  0.590114  0.665393  0.737121  0.734670  0.828161  0.874407  0.953298  1.064440  1.149931  1.213226  1.256191  1.205301  1.079407  0.935035  0.790284  0.682776  0.560212  0.461377  0.314857  0.273492  0.190593  0.055550 -0.082057 -0.207429 -0.353106 -0.478319 -0.516208 -0.607595 -0.754480 -0.871921 -0.970887 -1.075734 -1.180947 -1.328038 -1.452800 -1.577530 -1.703143 -1.828367 -1.944879 -2.078204 -2.139392 -2.083938 -2.004878 -1.925596 -1.835422 -1.740524 -1.657659 -1.559509 -1.486181 -1.375604 -1.269558 -1.181671 -1.139419 -1.180822 -1.159089 -1.142567 -1.045138 -0.942410 -0.836402 -0.750827 -0.658746 -0.625460 -0.553751 -0.444945 -0.351684 -0.289496 -0.237385 -0.169883 -0.079881  0.003708  0.060566  0.047462 -0.041520 -0.098469 -0.141275 -0.074345  0.025407  0.117014  0.214267  0.249591  0.337155  0.430711  0.538132  0.634043 
Shapelet  31   1.609071  1.588819  1.509950  1.485898  1.426420  1.429376  1.402264  1.323579  1.287067  1.254574  1.193826  1.121273  1.110423  1.019850  0.946340  0.861798  0.766159  0.686773  0.685076  0.589873  0.596880  0.592399  0.508379  0.638840  0.757228  0.816979  0.916139  1.001111  1.055206  0.962332  0.889290  0.866625  0.807961  0.739767  0.690130  0.640964  0.601246  0.549025  0.513815  0.564335  0.470037  0.409005  0.341277  0.332729  0.397095  0.507568  0.599163  0.672169  0.703042  0.735721  0.827098  0.752138  0.828771  0.807440  0.755545  0.698374  0.615904  0.547278  0.479466  0.405814  0.352320  0.302838  0.219552  0.210871  0.166742  0.146867  0.160135  0.184489  0.215454  0.187221  0.107596  0.092384  0.046909 -0.071441 -0.135240 -0.290024 -0.412881 -0.489322 -0.553251 -0.723961 -0.798149 -0.920614 -1.039284 -1.152985 -1.338109 -1.520407 -1.706829 -1.825418 -1.844174 -1.759997 -1.682712 -1.580945 -1.464375 -1.358101 -1.312786 -1.201056 -1.067868 -0.966211 -0.835170 -0.709024 -0.596486 -0.526902 -0.423824 -0.299149 -0.143321 -0.065861  0.047289  0.189384  0.315374  0.433556  0.558007  0.709519  0.832575  0.996246  1.105680  1.252325  1.391703  1.473514  1.508649  1.655302  1.768372  1.908763  2.063815  2.193886  2.327374  2.359220  2.374035  2.339000  2.202140  2.082911  2.009840  2.007705  1.957542  1.889380  1.768303  1.633478  1.492464  1.348010  1.217075  1.073301  0.922459  0.797502  0.650813  0.515438  0.390252  0.250990  0.170829  0.054738 -0.091927 -0.227348 -0.375036 -0.510311 -0.644918 -0.787480 -0.915370 -1.035019 -1.167215 -1.312224 -1.313843 -1.282484 -1.412809 -1.483638 -1.628715 -1.745250 -1.892960 -2.001939 -2.123400 -2.242641 -2.268559 -2.225342 -2.120443 -2.068472 -1.990500 -1.880401 -1.829876 -1.733455 -1.665589 -1.598601 -1.555727 -1.461454 -1.415656 -1.326117 -1.278238 -1.224654 -1.165477 -1.146825 -1.088233 -1.073025 -0.991199 -0.968557 -0.933144 -0.883135 -0.864272 -0.819005 -0.703062 -0.666251 -0.771841 -0.819005 -0.808854 -0.765934 -0.690003 -0.813325 -0.766173 -0.825249 -0.852061 -0.866220 -0.742335 -0.700478 -0.753646 -0.861331 -0.890962 -0.924775 -1.031424 -1.097115 -1.017936 -0.914224 -0.959827 -1.040953 -1.135135 -1.212862 -1.263426 -1.181192 -1.149954 -1.054405 -1.118262 -1.232647 -1.370400 -1.473559 -1.565305 -1.521495 -1.459487 -1.383668 -1.421778 -1.376391 -1.276564 -1.277360 -1.203812 -1.161788 -1.079378 -1.066951 -1.082918 -1.070971 -0.942770 -0.826135 -0.835676 -0.785541 -0.654019 -0.654872 -0.704863 -0.570162 -0.442745 -0.356863 -0.319083 -0.197262 -0.074181  0.073811  0.208066  0.340115  0.469623  0.590313  0.736817  0.776557  0.860094  0.973272  1.080781  1.241784  1.236758  1.145186  1.057131  0.968025  0.884305  0.805058  0.729432  0.655368  0.544097  0.462565  0.417620  0.380729  0.222647  0.074019 -0.006864 -0.111554 -0.255576 -0.249348 -0.336531 -0.516612 -0.628853 -0.604398 -0.472679 -0.415755 -0.476918 -0.404576 -0.364847 -0.348051 -0.372589 -0.388730 -0.240427 -0.174341 -0.147518 -0.144667 -0.170440 -0.030818 -0.053395 -0.063021  0.009846  0.135851  0.240352  0.291882  0.181701  0.056451 -0.036733 -0.178695 -0.285568 -0.408222 -0.461048 -0.425627 -0.530280 -0.640054 -0.709333 -0.626491 -0.744623 -0.816221 -0.754581 -0.805441 -0.909765 -0.962496 -1.063340 -0.927591 -0.988309 -0.972519 -0.941373 -0.907202 -1.030441 -0.987742 -0.868677 -0.747753 -0.643594 -0.607281 -0.508580 -0.380113 -0.263738 -0.162976 -0.047068  0.065741  0.172971  0.114126  0.106506  0.224824  0.344289  0.459014  0.554474  0.618102  0.753258  0.889466  1.000350  1.109130  1.005188  0.886746  0.871041  0.966426  0.924708  1.002119  0.899284  0.794488  0.783237  0.718989  0.629906  0.563999  0.512734  0.457174  0.447964  0.385061  0.280784  0.243373  0.175133  0.109314 -0.020914 -0.120996 -0.200717 -0.307059 -0.145881 -0.018232  0.094140  0.204088  0.309798  0.346205  0.445256  0.539440  0.594786  0.690062  0.699083  0.753067  0.832731  0.789420  0.711076  0.718829  0.735502  0.648491  0.575771  0.449616  0.411157  0.346591  0.267097  0.173924  0.110083  0.090446  0.230630  0.371401  0.480053  0.615506  0.746170  0.886785  1.017710 


; cmd = ShapeletResearch/Execs/FastShapelet UCRArchive_2018//OSULeaf/OSULeaf_TRAIN.tsv 6 200 428 10 1 10 10 0 1 10 UCRArchive_2018//OSULeaf/tree.txt UCRArchive_2018//OSULeaf/time.txt
; time =>  509.012  15.222 101.124   8.683 376.235 
