;Shapelet Tree 

;random seed:1550678363, rand()=496825714, rand()=686653279
;command = ../../ShapeletResearch/Execs/FastShapelet ../../UCRArchive_2018//ScreenType/ScreenType_TRAIN.tsv 3 375 721 10 1 10 10 1 0 10 ../../UCRArchive_2018//ScreenType/tree.txt ../../UCRArchive_2018//ScreenType/time.txt 

;Local Class:   0  1  2 
;Real  Class:   1  2  3 

;Node ID class   obj  pos  len  dist_th 
TreeSize: 64 
NonL  1    --     71   24  684  45.1839 ==>  76  68  20  /  49  57 105 
NonL  2    --      0  434   53   1.7017 ==>  28   4   0  /  48  64  20 
NonL  3    --     43   23  383  21.2738 ==>   3  21  57  /  46  36  48 
NonL  4    --      0  245   17   0.4546 ==>   5   4   0  /  23   0   0 
NonL  5    --     41  325  260  17.0058 ==>  19  50  20  /  29  14   0 
NonL  6    --     21   14  630  40.2550 ==>   3   5  48  /   0  16   9 
NonL  7    --     56   24  422  22.7112 ==>   3  15   2  /  43  21  46 
NonL  8    --      0  389   17   0.7153 ==>   5   0   0  /   0   4   0 
Leaf  9     1    
NonL 10    --     65  168  509  29.2533 ==>  18  29  20  /   1  21   0 
NonL 11    --     14   48  628  18.2486 ==>   1   7   0  /  28   7   0 
NonL 12    --     48   52  307  18.2699 ==>   0   4  47  /   3   1   1 
NonL 13    --      3    0  641  37.2274 ==>   0   8   0  /   0   8   9 
NonL 14    --     19  280   16   1.6672 ==>   3   0   2  /   0  15   0 
NonL 15    --     99  157  253  41.5616 ==>  43  12  37  /   0   9   9 
Leaf 16     1    
Leaf 17     2    
NonL 20    --     56   40  676  28.4810 ==>   0   0   7  /  18  29  13 
Leaf 21     2    
NonL 22    --      0   10  552   6.7994 ==>   1   0   0  /   0   7   0 
NonL 23    --      0   54  272  11.0044 ==>  21   0   0  /   7   7   0 
Leaf 24     3    
NonL 25    --      1  287  432  28.8234 ==>   3   0   0  /   0   1   1 
Leaf 26     2    
NonL 27    --     16   37  438  32.7328 ==>   0   0   6  /   0   8   3 
NonL 28    --      4  558   10   1.4073 ==>   0   0   2  /   3   0   0 
Leaf 29     2    
NonL 30    --     10  215  504  49.9969 ==>  16   9  34  /  27   3   3 
NonL 31    --      1  274  201  19.2869 ==>   0   9   0  /   0   0   9 
Leaf 40     3    
Leaf 41     2    
Leaf 44     1    
Leaf 45     2    
Leaf 46     1    
Leaf 47     1    
Leaf 50     1    
Leaf 51     2    
Leaf 54     3    
Leaf 55     2    
Leaf 56     3    
Leaf 57     1    
Leaf 60     3    
Leaf 61     1    
Leaf 62     2    
Leaf 63     3    

;Shapelet id   <data>
Shapelet   1  -0.425259 -0.425259 -0.425259 -0.425259 -0.425259 -0.425259 -0.425259 -0.425259 -0.425259 -0.425259 -0.425259 -0.425259 -0.425259 -0.425259 -0.425259 -0.425259 -0.425259 -0.425259 -0.425259 -0.425259 -0.425259 -0.425259 -0.425259 -0.425259 -0.425259 -0.425259 -0.425259 -0.425259 -0.425259 -0.425259 -0.425259 -0.425259 -0.425259 -0.425259 -0.425259 -0.425259 -0.425259 -0.425259 -0.425259 -0.425259 -0.425259 -0.425259 -0.425259 -0.425259 -0.425259 -0.425259 -0.425259 -0.425259 -0.425259 -0.425259 -0.425259 -0.425259 -0.425259 -0.425259 -0.425259 -0.425259 -0.425259 -0.425259 -0.425259 -0.425259 -0.425259 -0.425259 -0.425259 -0.425259 -0.425259 -0.425259 -0.425259 -0.425259 -0.425259 -0.425259 -0.425259 -0.425259 -0.425259 -0.425259 -0.425259 -0.425259 -0.425259 -0.425259 -0.425259 -0.425259 -0.425259 -0.425259 -0.425259 -0.425259 -0.425259 -0.425259 -0.425259 -0.425259 -0.425259 -0.425259 -0.425259 -0.425259 -0.425259 -0.425259 -0.425259 -0.425259 -0.425259 -0.425259 -0.425259 -0.425259 -0.425259 -0.425259 -0.425259 -0.425259 -0.425259 -0.425259 -0.425259 -0.425259 -0.425259 -0.425259 -0.425259 -0.425259 -0.425259 -0.425259 -0.425259 -0.425259 -0.425259 -0.425259 -0.425259 -0.425259 -0.425259 -0.425259 -0.425259 -0.425259 -0.425259 -0.425259 -0.425259 -0.425259 -0.425259 -0.425259 -0.425259 -0.425259 -0.425259 -0.425259 -0.425259 -0.425259 -0.425259 -0.425259 -0.425259 -0.425259 -0.425259 -0.425259 -0.425259 -0.425259 -0.425259 -0.425259 -0.425259 -0.425259 -0.425259 -0.425259 -0.425259 -0.425259 -0.425259 -0.425259 -0.425259 -0.425259 -0.425259 -0.425259 -0.425259 -0.425259 -0.425259 -0.425259 -0.425259 -0.425259 -0.425259 -0.425259 -0.425259 -0.425259 -0.425259 -0.425259 -0.425259 -0.425259 -0.425259 -0.425259 -0.425259 -0.425259 -0.425259 -0.425259 -0.425259 -0.425259 -0.425259 -0.425259 -0.425259 -0.425259 -0.425259 -0.425259 -0.425259 -0.425259 -0.425259 -0.425259 -0.425259 -0.425259 -0.425259 -0.425259 -0.425259 -0.425259 -0.425259 -0.425259 -0.425259 -0.425259 -0.425259 -0.425259 -0.425259 -0.425259 -0.425259 -0.425259 -0.425259 -0.425259 -0.425259 -0.425259 -0.425259 -0.425259 -0.425259 -0.425259 -0.425259 -0.425259 -0.425259 -0.425259 -0.425259 -0.425259 -0.425259 -0.425259 -0.425259 -0.425259 -0.425259 -0.425259 -0.425259 -0.425259 -0.425259 -0.425259 -0.425259 -0.425259 -0.425259 -0.425259 -0.425259 -0.425259 -0.425259 -0.425259 -0.425259 -0.425259 -0.425259 -0.425259 -0.425259 -0.425259 -0.425259 -0.425259 -0.425259 -0.425259 -0.425259 -0.425259 -0.425259 -0.425259 -0.425259 -0.425259 -0.425259 -0.425259 -0.425259 -0.425259 -0.425259 -0.425259 -0.425259 -0.425259 -0.425259 -0.425259 -0.425259 -0.425259 -0.425259 -0.425259 -0.425259 -0.425259 -0.425259 -0.425259 -0.425259 -0.425259 -0.425259 -0.425259 -0.425259 -0.425259 -0.425259 -0.425259 -0.425259 -0.425259 -0.425259 -0.425259 -0.425259 -0.425259 -0.425259 -0.425259 -0.425259 -0.425259 -0.425259 -0.425259 -0.425259 -0.425259 -0.425259 -0.425259 -0.425259 -0.425259 -0.425259 -0.425259 -0.425259 -0.425259 -0.425259 -0.425259 -0.425259 -0.425259 -0.425259 -0.425259 -0.425259 -0.425259 -0.425259 -0.425259 -0.425259 -0.425259 -0.425259 -0.425259 -0.425259 -0.425259 -0.425259 -0.425259 -0.425259 -0.425259 -0.425259 -0.425259 -0.425259 -0.425259 -0.425259 -0.425259 -0.425259 -0.425259 -0.425259 -0.425259 -0.425259 -0.425259 -0.425259 -0.425259 -0.425259 -0.425259 -0.425259 -0.425259 -0.425259 -0.425259 -0.425259 -0.425259 -0.425259 -0.425259 -0.425259 -0.425259 -0.425259 -0.425259 -0.425259 -0.425259 -0.425259 -0.425259 -0.425259 -0.425259 -0.425259 -0.425259 -0.425259 -0.425259 -0.425259 -0.425259 -0.425259 -0.425259 -0.425259 -0.425259 -0.425259 -0.425259 -0.425259 -0.425259 -0.425259 -0.425259 -0.425259 -0.425259 -0.425259 -0.425259 -0.425259 -0.425259 -0.425259 -0.425259 -0.425259 -0.425259 -0.425259 -0.425259 -0.425259 -0.425259 -0.425259 -0.425259 -0.425259 -0.425259 -0.425259 -0.425259 -0.425259 -0.425259 -0.425259 -0.425259 -0.425259 -0.425259 -0.425259 -0.425259 -0.425259 -0.425259 -0.425259 -0.425259 -0.425259 -0.425259 -0.425259 -0.425259 -0.425259 -0.425259 -0.425259 -0.425259 -0.425259 -0.425259 -0.425259 -0.425259 -0.425259 -0.425259 -0.425259 -0.425259 -0.425259 -0.425259 -0.425259 -0.425259 -0.425259 -0.425259 -0.425259 -0.425259 -0.425259 -0.425259 -0.425259 -0.425259 -0.425259 -0.425259 -0.425259 -0.425259 -0.425259 -0.425259 -0.425259 -0.425259 -0.425259 -0.425259 -0.425259 -0.425259 -0.425259 -0.425259 -0.425259 -0.425259 -0.425259 -0.425259 -0.425259 -0.425259 -0.425259 -0.425259 -0.425259 -0.425259 -0.425259 -0.425259 -0.425259 -0.425259 -0.425259 -0.425259 -0.425259 -0.425259 -0.425259 -0.425259 -0.425259 -0.425259 -0.425259 -0.425259 -0.425259 -0.425259 -0.425259 -0.425259 -0.425259 -0.425259 -0.425259 -0.425259 -0.425259 -0.425259 -0.425259 -0.425259 -0.425259 -0.425259 -0.425259 -0.425259 -0.425259 -0.425259 -0.425259 -0.425259  1.349492  2.279123  2.279123  2.279123  2.617171  2.279123  2.279123  2.279123  2.617171  2.279123  1.941075  1.941075  0.081812 -0.340748 -0.425259 -0.425259 -0.425259 -0.425259 -0.425259 -0.425259 -0.425259 -0.425259 -0.425259 -0.425259 -0.425259 -0.425259 -0.425259 -0.425259 -0.425259 -0.425259 -0.425259 -0.425259 -0.425259 -0.425259 -0.425259 -0.425259 -0.425259 -0.425259 -0.425259 -0.425259 -0.425259 -0.425259 -0.425259 -0.425259 -0.425259 -0.425259 -0.425259 -0.425259 -0.425259 -0.425259 -0.425259 -0.425259 -0.425259 -0.425259 -0.087212  2.279123  2.279123  2.279123  2.279123  2.617171  2.279123  2.279123  2.279123  2.617171  2.279123  2.617171  2.279123  2.279123  2.617171  2.279123  2.279123  2.279123  2.279123  2.279123  2.617171  2.279123  2.279123  2.617171  2.279123  2.279123  2.617171  2.279123  2.279123  2.279123  2.279123  2.617171  2.279123  2.279123  2.617171  2.279123  2.279123  2.617171  2.279123  2.279123  2.617171  2.279123  2.279123  2.617171  2.279123  2.279123  2.279123  2.617171  2.279123  2.279123  2.617171  2.279123  2.279123  2.617171  2.279123  2.279123  2.279123  2.617171  2.279123  2.279123  2.279123  2.617171  2.279123  2.279123  2.279123  2.617171  2.279123  2.279123  2.279123  2.617171  2.279123  2.279123  2.617171  2.279123  2.279123  2.617171  2.279123  2.279123  2.617171  2.279123  2.279123  2.617171  2.279123  2.279123  2.279123  2.617171  2.279123  2.279123  2.617171  1.941075  1.941075  0.081812 -0.340748 -0.425259 -0.425259 -0.425259 -0.425259 -0.425259 -0.425259 -0.425259 -0.425259 -0.425259 -0.425259 -0.425259 -0.425259 -0.425259 -0.425259 -0.425259 -0.425259 -0.425259 -0.425259 -0.425259 -0.425259 -0.425259 -0.425259 -0.425259 -0.425259 -0.425259 -0.425259 -0.425259 -0.425259 -0.425259 -0.425259 -0.425259 -0.425259 -0.425259 -0.425259 -0.425259 -0.425259 -0.425259 -0.425259 -0.425259 -0.425259 -0.425259 -0.425259 -0.425259 -0.425259 -0.425259 -0.425259 -0.425259 
Shapelet   2  -0.552667 -0.552667 -0.552667 -0.552667 -0.552667 -0.552667 -0.552667 -0.552667 -0.552667 -0.552667 -0.552667 -0.552667 -0.552667 -0.552667 -0.552667 -0.552667 -0.552667 -0.552667 -0.552667 -0.552667 -0.552667 -0.552667 -0.552667 -0.552667 -0.552667 -0.552667 -0.552667 -0.552667 -0.552667 -0.552667 -0.552667 -0.552667 -0.552667 -0.552667 -0.552667  0.362092  1.581770  1.581770  1.886689  1.886689  1.581770  1.886689  1.886689  1.886689  1.886689  1.886689  1.581770  1.886689  1.886689  1.886689  1.886689  1.886689  1.886689 
Shapelet   3  -0.560218 -0.560218 -0.560218 -0.560218 -0.560218 -0.267294 -0.560218 -0.560218 -0.560218 -0.560218 -0.267294 -0.560218 -0.560218 -0.560218 -0.560218 -0.560218 -0.267294 -0.560218 -0.560218 -0.560218 -0.560218 -0.267294 -0.560218 -0.560218 -0.560218 -0.560218 -0.560218 -0.267294 -0.560218 -0.560218 -0.560218 -0.560218 -0.560218 -0.267294 -0.560218 -0.560218 -0.560218 -0.560218 -0.267294 -0.560218 -0.560218 -0.560218 -0.560218 -0.560218 -0.267294 -0.560218 -0.560218 -0.560218 -0.560218 -0.560218 -0.267294 -0.560218 -0.560218 -0.560218 -0.560218 -0.267294 -0.560218 -0.560218 -0.560218 -0.560218 -0.560218 -0.267294 -0.560218 -0.560218 -0.560218 -0.560218 -0.560218 -0.267294 -0.560218 -0.560218 -0.560218 -0.560218 -0.267294 -0.560218 -0.560218 -0.560218 -0.560218 -0.560218 -0.267294 -0.560218 -0.560218 -0.560218 -0.560218 -0.560218 -0.267294 -0.560218 -0.560218 -0.560218 -0.560218 -0.267294 -0.560218 -0.560218 -0.560218 -0.560218 -0.560218 -0.267294 -0.560218 -0.560218 -0.560218 -0.560218 -0.560218 -0.267294 -0.560218 -0.560218 -0.560218 -0.560218 -0.267294 -0.560218 -0.560218 -0.560218 -0.560218 -0.560218 -0.267294 -0.560218 -0.560218 -0.560218 -0.560218 -0.560218 -0.267294 -0.560218 -0.560218 -0.560218 -0.560218 -0.560218 -0.267294 -0.560218 -0.560218 -0.560218 -0.560218 -0.267294 -0.560218 -0.560218 -0.560218 -0.560218 -0.560218 -0.267294 -0.560218 -0.560218 -0.560218 -0.560218 -0.560218 -0.267294 -0.560218 -0.560218 -0.560218 -0.560218 -0.267294 -0.560218 -0.560218 -0.560218 -0.560218 -0.560218 -0.267294 -0.560218 -0.560218 -0.560218 -0.560218 -0.560218 -0.267294 -0.560218 -0.560218 -0.560218 -0.560218 -0.560218 -0.267294 -0.560218 -0.560218 -0.560218 -0.560218 -0.267294 -0.560218 -0.560218 -0.560218 -0.560218 -0.560218 -0.267294 -0.560218 -0.560218 -0.560218 -0.560218 -0.560218 -0.267294 -0.560218 -0.560218 -0.560218 -0.560218 -0.560218 -0.267294 -0.560218 -0.560218 -0.560218 -0.560218 -0.267294 -0.560218 -0.560218 -0.560218 -0.560218 -0.560218 -0.267294 -0.560218 -0.560218 -0.560218 -0.560218 -0.560218 -0.267294 -0.560218 -0.560218 -0.560218 -0.560218 -0.267294 -0.560218 -0.560218 -0.560218 -0.560218 -0.560218  1.197329  2.369027  1.783178  1.783178  1.783178  1.783178  1.783178  1.783178  1.783178  1.783178  1.783178  1.783178  2.369027  1.783178  1.783178  1.783178  1.783178  1.783178  1.783178  1.783178  1.783178  1.783178  1.783178  1.197329 -0.267294 -0.560218 -0.267294 -0.560218 -0.560218 -0.560218 -0.560218 -0.560218 -0.267294 -0.560218 -0.560218 -0.560218 -0.560218 -0.560218 -0.267294 -0.560218 -0.560218 -0.560218 -0.560218 -0.267294  0.025631  1.783178  1.783178  1.783178  1.783178  2.369027  1.783178  1.783178  1.783178  1.783178  1.783178  1.783178  2.369027  1.783178  1.783178  1.783178  1.783178  2.369027  1.783178  1.783178  1.783178  2.369027  1.783178  1.783178  2.369027  1.783178  1.783178  1.783178  2.369027  1.783178  1.783178  2.369027  1.783178  1.783178  1.783178  1.783178  2.369027  1.783178  1.783178  1.783178  1.783178  2.369027  1.783178  1.783178  1.783178  1.783178  2.369027  1.783178  1.783178  1.783178  1.783178  2.369027  1.197329 -0.267294 -0.560218 -0.560218 -0.560218 -0.560218 -0.560218 -0.267294 -0.560218 -0.560218 -0.560218 -0.560218 -0.267294 -0.560218 -0.560218 -0.560218 -0.560218 -0.560218 -0.267294 -0.560218 -0.560218 -0.560218 -0.560218 -0.267294 -0.560218 -0.560218 -0.560218 -0.560218 -0.560218 -0.267294 -0.560218 -0.560218 -0.560218 -0.560218 -0.267294 -0.560218 -0.560218 -0.560218 -0.560218 -0.267294 -0.560218 -0.560218 -0.560218 -0.560218 -0.560218 -0.267294 -0.560218 -0.560218 -0.560218 -0.560218 -0.267294 -0.560218 -0.560218 -0.560218 -0.560218 -0.560218 -0.267294 -0.560218 -0.560218 -0.560218 -0.560218 -0.267294 -0.560218 -0.560218 -0.560218 -0.560218 -0.560218 -0.267294 -0.560218 -0.560218 -0.560218 -0.560218 
Shapelet   4  -0.552667 -0.552667 -0.552667 -0.552667 -0.552667 -0.552667 -0.552667 -0.552667 -0.552667 -0.552667 -0.552667 -0.552667 -0.552667 -0.552667  0.362092  1.886689  1.581770 
Shapelet   5  -0.647197 -0.728013 -0.647197 -0.647197 -0.728013 -0.647197 -0.728013 -0.647197 -0.728013 -0.647197 -0.647197 -0.728013 -0.647197 -0.647197 -0.647197 -0.728013 -0.647197 -0.647197 -0.728013 -0.647197 -0.647197 -0.647197 -0.728013 -0.647197 -0.728013 -0.647197 -0.647197 -0.647197 -0.728013 -0.647197 -0.728013 -0.647197 -0.647197 -0.728013 -0.647197 -0.647197 -0.647197 -0.728013 -0.647197 -0.728013 -0.647197 -0.647197 -0.728013 -0.647197 -0.728013 -0.647197 -0.647197 -0.728013 -0.647197 -0.647197 -0.728013 -0.647197 -0.647197 -0.728013 -0.647197 -0.647197 -0.728013 -0.647197 -0.647197 -0.728013 -0.647197 -0.647197 -0.728013 -0.647197 -0.647197 -0.728013 -0.647197 -0.647197 -0.728013 -0.647197 -0.647197 -0.728013 -0.647197 -0.647197 -0.647197 -0.728013 -0.647197 -0.728013 -0.647197 -0.647197 -0.728013 -0.647197 -0.647197 -0.728013 -0.647197 -0.728013 -0.647197 -0.647197 -0.647197 -0.728013 -0.647197 -0.647197 -0.728013 -0.647197 -0.647197 -0.728013 -0.647197 -0.647197 -0.647197 -0.728013 -0.647197 -0.728013 -0.647197 -0.647197 -0.728013 -0.647197 -0.647197 -0.728013 -0.647197 -0.647197 -0.728013 -0.647197 -0.647197 -0.647197 -0.728013 -0.647197 -0.728013 -0.647197 -0.728013 -0.647197 -0.647197 -0.647197 -0.728013 -0.647197 -0.647197 -0.728013 -0.647197 -0.728013 -0.647197 -0.647197 -0.728013 -0.647197 -0.647197 -0.728013 -0.647197 -0.728013 -0.647197 -0.647197 -0.728013 -0.647197 -0.647197 -0.728013 -0.647197 -0.728013 -0.647197 -0.647197 -0.728013 -0.647197 -0.647197 -0.728013 -0.647197 -0.647197 -0.728013 -0.647197 -0.647197 -0.728013 -0.647197 -0.647197 -0.728013  0.969112  1.534821  1.534821  1.534821  1.534821  1.858083  1.534821  1.534821  1.534821  1.534821  1.534821  1.534821  1.534821  1.534821  1.534821  1.534821  1.534821  1.534821  1.211559  1.534821  1.534821  1.534821  1.534821  1.534821  1.211559  1.534821  1.534821  1.534821  1.534821  1.211559  1.534821  1.534821  1.534821  1.211559  1.534821  1.534821  1.534821  1.534821  1.211559  1.534821  1.534821  1.534821  1.211559  0.969112 -0.485566 -0.728013 -0.647197 -0.728013 -0.647197 -0.728013 -0.647197 -0.647197 -0.728013 -0.647197 -0.728013 -0.647197 -0.647197 -0.728013 -0.647197 -0.647197 -0.728013 -0.647197 -0.728013 -0.647197  0.726666  1.534821  1.534821  1.858083  1.534821  1.534821  1.534821  1.534821  1.534821  1.534821  1.534821  1.534821  1.534821  1.534821  1.534821  1.534821 -0.404751 -0.647197 -0.728013 -0.485566  1.534821  1.534821  1.534821  1.534821  1.534821  1.534821  1.534821  1.211559  1.534821  1.534821  1.534821  1.534821  1.534821  1.534821  1.211559  1.534821  0.241773 
Shapelet   6  -0.205243 -0.205243 -0.205243 -0.205243 -0.205243 -0.205243 -0.205243 -0.205243 -0.205243 -0.205243 -0.205243 -0.205243 -0.205243 -0.205243 -0.205243 -0.205243 -0.205243 -0.205243 -0.205243 -0.205243 -0.205243 -0.205243 -0.205243 -0.205243 -0.205243 -0.205243 -0.205243 -0.205243 -0.205243 -0.205243 -0.205243 -0.205243 -0.205243 -0.205243 -0.205243 -0.205243 -0.205243 -0.205243 -0.205243 -0.205243 -0.205243 -0.205243 -0.205243 -0.205243 -0.205243 -0.205243 -0.205243 -0.205243 -0.205243 -0.205243 -0.205243 -0.205243 -0.205243 -0.205243 -0.205243 -0.205243 -0.205243 -0.205243 -0.205243 -0.205243 -0.205243 -0.205243 -0.205243 -0.205243 -0.205243 -0.205243 -0.205243 -0.205243 -0.205243 -0.205243 -0.205243 -0.205243 -0.205243 -0.205243 -0.205243 -0.205243 -0.205243 -0.205243 -0.205243 -0.205243 -0.205243 -0.205243 -0.205243 -0.205243 -0.205243 -0.205243 -0.205243 -0.205243 -0.205243 -0.205243 -0.205243 -0.205243 -0.205243 -0.205243 -0.205243 -0.205243 -0.205243 -0.205243 -0.205243 -0.205243 -0.205243 -0.205243 -0.205243 -0.205243 -0.205243 -0.205243 -0.205243 -0.205243 -0.205243 -0.205243 -0.205243 -0.205243 -0.205243 -0.205243 -0.205243 -0.205243 -0.205243 -0.205243 -0.205243 -0.205243 -0.205243 -0.205243 -0.205243 -0.205243 -0.205243 -0.205243 -0.205243 -0.205243 -0.205243 -0.205243 -0.205243 -0.205243 -0.205243 -0.205243 -0.205243 -0.205243 -0.205243 -0.205243 -0.205243 -0.205243 -0.205243 -0.205243 -0.205243 -0.205243 -0.205243 -0.205243 -0.205243 -0.205243 -0.205243 -0.205243 -0.205243 -0.205243 -0.205243 -0.205243 -0.205243 -0.205243 -0.205243 -0.205243 -0.205243 -0.205243 -0.205243 -0.205243 -0.205243 -0.205243 -0.205243 -0.205243 -0.205243 -0.205243 -0.205243 -0.205243 -0.205243 -0.205243 -0.205243 -0.205243 -0.205243 -0.205243 -0.205243 -0.205243 -0.205243 -0.205243 -0.205243 -0.205243 -0.205243 -0.205243 -0.205243 -0.205243 -0.205243 -0.205243 -0.205243 -0.205243 -0.205243 -0.205243 -0.205243 -0.205243 -0.205243 -0.205243 -0.205243 -0.205243 -0.205243 -0.205243 -0.205243 -0.205243 -0.205243 -0.205243 -0.205243 -0.205243 -0.205243 -0.205243 -0.205243 -0.205243 -0.205243 -0.205243 -0.205243 -0.205243 -0.205243 -0.205243 -0.205243 -0.205243 -0.205243 -0.205243 -0.205243 -0.205243 -0.205243 -0.205243 -0.205243 -0.205243 -0.205243 -0.205243 -0.205243 -0.205243 -0.205243 -0.205243 -0.205243 -0.205243 -0.205243 -0.205243 -0.205243 -0.205243 -0.205243 -0.205243 -0.205243 -0.205243 -0.205243 -0.205243 -0.205243 -0.205243 -0.205243 -0.205243 -0.205243 -0.205243 -0.205243 -0.205243 -0.205243 -0.205243 -0.205243 -0.205243 -0.205243 -0.205243 -0.205243 -0.205243 -0.205243 -0.205243 -0.205243 -0.205243 -0.205243 -0.205243 -0.205243 -0.205243 -0.205243 -0.205243 -0.205243 -0.205243 -0.205243 -0.205243 -0.205243 -0.205243 -0.205243 -0.205243 -0.205243 -0.205243 -0.205243 -0.205243 -0.205243 -0.205243 -0.205243 -0.205243 -0.205243 -0.205243 -0.205243 -0.205243 -0.205243 -0.205243 -0.205243 -0.205243 -0.205243 -0.205243 -0.205243 -0.205243 -0.205243 -0.205243 -0.205243 -0.205243 -0.205243 -0.205243 -0.205243 -0.205243 -0.205243 -0.205243 -0.205243 -0.205243 -0.205243 -0.205243 -0.205243 -0.205243 -0.205243 -0.205243 -0.205243 -0.205243 -0.205243 -0.205243 -0.205243 -0.205243 -0.205243 -0.205243 -0.205243 -0.205243 -0.205243 -0.205243 -0.205243 -0.205243 -0.205243 -0.205243 -0.205243 -0.205243 -0.205243 -0.205243 -0.205243 -0.205243 -0.205243 -0.205243 -0.205243 -0.205243 -0.205243 -0.205243 -0.205243 -0.205243 -0.205243 -0.205243 -0.205243 -0.205243 -0.205243 -0.205243 -0.205243 -0.205243 -0.205243 -0.205243 -0.205243 -0.205243 -0.205243 -0.205243  4.069249  4.679891  5.494080  4.679891  5.494080  5.494080  4.679891  2.847965  0.201851 -0.205243 -0.205243 -0.205243 -0.205243 -0.205243 -0.205243 -0.205243 -0.205243 -0.205243 -0.205243 -0.205243 -0.205243 -0.205243 -0.205243 -0.205243 -0.205243 -0.205243 -0.205243 -0.205243 -0.205243 -0.205243 -0.205243 -0.205243 -0.205243 -0.205243 -0.205243 -0.205243 -0.205243 -0.205243 -0.205243 -0.205243 -0.205243 -0.205243 -0.205243 -0.205243 -0.205243 -0.205243 -0.205243 -0.205243 -0.205243 -0.205243 -0.205243 -0.205243 -0.205243 -0.205243 -0.205243 -0.205243 -0.205243 -0.205243 -0.205243 -0.205243 -0.205243 -0.205243 -0.205243 -0.205243 -0.205243 -0.205243 -0.205243 -0.205243 -0.205243 -0.205243 -0.205243 -0.205243 -0.205243 -0.205243 -0.205243 -0.205243 -0.205243 -0.205243 -0.205243 -0.205243 -0.205243 -0.205243 -0.205243 -0.205243 -0.205243 -0.205243 -0.205243 -0.205243 -0.205243 -0.205243 -0.205243 -0.205243 -0.205243 -0.205243  3.458607  4.679891  5.494080  4.679891  4.679891  4.679891  5.494080  5.494080  4.679891  4.679891  5.494080  4.679891  5.494080  4.679891  5.494080  4.679891  4.679891  4.679891  4.679891  5.494080  4.679891  1.016040 -0.205243 -0.205243 -0.205243 -0.205243 -0.205243 -0.205243 -0.205243 -0.205243 -0.205243 -0.205243 -0.205243 -0.205243 -0.205243 -0.205243 -0.205243 -0.205243 -0.205243 -0.205243 -0.205243 -0.205243 -0.205243 -0.205243 -0.205243 -0.205243 -0.205243 -0.205243 -0.205243 -0.205243 -0.205243 -0.205243 -0.205243 -0.205243 -0.205243 -0.205243 -0.205243 -0.205243 -0.205243 -0.205243 -0.205243 -0.205243 -0.205243 -0.205243 -0.205243 -0.205243 -0.205243 -0.205243 -0.205243 -0.205243 -0.205243 -0.205243 -0.205243 -0.205243 -0.205243 -0.205243 -0.205243 -0.205243 -0.205243 -0.205243 -0.205243 -0.205243 -0.205243 -0.205243 -0.205243 -0.205243 -0.205243 -0.205243 -0.205243 -0.205243 -0.205243 -0.205243 -0.205243 -0.205243 -0.205243 -0.205243 -0.205243 -0.205243 -0.205243 -0.205243 -0.205243 -0.205243 -0.205243 -0.205243 -0.205243 -0.205243 -0.205243 -0.205243 -0.205243 -0.205243 -0.205243 -0.205243 -0.205243 -0.205243 -0.205243 -0.205243 -0.205243 -0.205243 -0.205243 -0.205243 -0.205243 -0.205243 -0.205243 -0.205243 -0.205243 -0.205243 -0.205243 -0.205243 -0.205243 -0.205243 -0.205243 -0.205243 -0.205243 -0.205243 -0.205243 -0.205243 -0.205243 -0.205243 -0.205243 -0.205243 -0.205243 -0.205243 -0.205243 -0.205243 -0.205243 -0.205243 -0.205243 -0.205243 -0.205243 -0.205243 -0.205243 -0.205243 -0.205243 -0.205243 -0.205243 -0.205243 -0.205243 -0.205243 -0.205243 -0.205243 -0.205243 -0.205243 -0.205243 -0.205243 -0.205243 -0.205243 -0.205243 -0.205243 -0.205243 -0.205243 -0.205243 -0.205243 -0.205243 -0.205243 -0.205243 -0.205243 
Shapelet   7  -1.110489 -1.110489 -1.110489 -1.110489 -1.110489 -1.110489 -1.110489 -1.110489 -1.110489 -1.110489 -1.110489 -0.868665  0.824106  0.824106  0.582282  0.824106  0.824106  0.582282  0.824106  0.582282  0.824106  0.582282  0.824106  0.582282  0.824106  0.340457 -1.110489 -1.110489 -1.110489 -1.110489 -1.110489 -1.110489 -1.110489 -1.110489 -1.110489 -1.110489 -1.110489 -1.110489 -1.110489 -1.110489  0.340457  0.824106  0.824106  0.582282  0.824106  0.824106  0.582282  0.824106  0.582282  0.824106  0.582282  0.824106  0.582282  0.582282 -1.029881 -1.110489 -1.110489 -1.110489 -1.110489 -1.110489 -1.110489 -1.110489 -1.110489 -1.110489 -1.110489 -1.110489 -1.110489 -1.110489 -0.143191  0.824106  0.824106  0.824106  0.582282  0.824106  0.582282  0.824106  0.582282  0.824106  0.582282  0.824106  0.582282  0.582282 -1.029881 -1.110489 -1.110489 -1.110489 -1.110489 -1.110489 -1.110489 -1.110489 -1.110489 -1.110489 -1.110489 -1.110489 -1.110489 -1.110489 -0.465624  0.824106  0.824106  0.582282  0.824106  0.824106  0.582282  0.824106  0.582282  0.582282  0.824106  0.582282  0.824106  0.340457 -1.029881 -1.110489 -1.110489 -1.110489 -1.110489 -1.110489 -1.110489 -1.110489 -1.110489 -1.110489 -1.110489 -1.110489 -1.110489 -1.110489 -0.465624  0.824106  0.582282  0.824106  0.824106  0.582282  0.824106  0.582282  0.824106  0.582282  0.824106  0.582282  0.824106 -0.143191 -1.029881 -1.110489 -1.110489 -1.110489 -1.110489 -1.110489 -1.110489 -1.110489 -1.110489 -1.110489 -1.110489 -1.110489 -1.110489 -1.110489 -0.143191  0.824106  0.582282  0.824106  0.824106  0.582282  0.824106  0.824106  0.582282  0.582282  0.824106  0.582282  0.824106 -0.304408 -1.110489 -1.110489 -1.110489 -1.110489 -1.110489 -1.110489 -1.110489 -1.110489 -1.110489 -1.110489 -1.110489 -1.110489 -1.110489 -1.110489  0.582282  0.824106  0.824106  0.582282  0.824106  0.824106  0.582282  0.824106  0.582282  0.582282  0.824106  0.582282  0.582282 -0.143191 -1.110489 -1.110489 -1.110489 -1.110489 -1.110489 -1.110489 -1.110489 -1.110489 -1.110489 -1.110489 -1.110489 -1.110489 -1.110489 -0.949273  0.824106  0.582282  0.824106  0.824106  0.582282  0.824106  0.582282  0.824106  0.582282  0.824106  0.582282  0.582282  0.824106 -0.143191 -1.110489 -1.110489 -1.110489 -1.110489 -1.110489 -1.110489 -1.110489 -1.110489 -1.110489 -1.110489 -1.110489 -1.110489 -1.110489 -0.143191  0.582282  0.824106  0.824106  0.582282  0.824106  0.824106  0.582282  0.582282  0.824106  0.582282  0.824106  0.582282  0.582282 -0.465624 -1.110489 -1.110489 -1.110489 -1.110489 -1.110489 -1.110489 -1.110489 -1.110489 -1.110489 -1.110489 -1.110489 -1.110489 -1.110489  0.582282  0.824106  0.582282  0.824106  0.582282  0.824106  0.824106  0.582282  0.582282  0.824106  0.582282  0.824106  0.582282  0.582282 -0.949273 -1.110489 -1.110489 -1.110489 -1.110489 -1.110489 -1.110489 -1.110489 -1.110489 -1.110489 -1.110489 -1.110489 -1.110489 -0.788057  0.824106  0.824106  0.582282  0.824106  0.824106  0.582282  0.824106  0.582282  0.582282  0.824106  0.582282  0.824106  0.582282  0.098633 -0.949273 -1.110489 -1.110489 -1.110489 -1.110489 -1.110489 -1.110489 -1.110489 -1.110489 -1.110489 -1.110489 -1.110489 -1.110489  0.098633  0.824106  0.824106  0.582282  0.824106  0.582282  0.824106  0.582282  0.824106  0.582282  0.824106  0.582282  0.582282  0.824106 -0.304408 -1.110489 -1.110489 -1.110489 -1.110489 -1.110489 -1.110489 -1.110489 -1.110489 -1.110489 -1.110489 -1.110489 -1.110489 -1.110489  0.824106  0.582282  0.824106  0.824106  0.582282  0.824106  0.582282  0.824106  0.582282  0.582282  0.824106  0.582282  0.824106  0.582282 -0.949273 -1.110489 -1.110489 -1.110489 -1.110489 -1.110489 -1.110489 -1.110489 -1.110489 -1.110489 -1.110489 -1.110489 -1.110489 -0.626840  0.824106  0.824106  0.582282  0.824106  0.582282  0.824106  0.582282  0.824106  0.582282  0.824106  0.582282  0.824106  0.582282  0.098633 -0.949273 -1.110489 -1.110489 -0.304408  0.824106  0.824106  0.824106  0.824106  0.824106  0.824106  0.824106  0.824106  0.824106  0.582282  0.824106  0.824106  0.582282  0.824106  0.582282  0.824106  0.582282  0.824106  0.582282  0.824106  0.582282  0.824106  0.582282  0.824106  0.582282  0.824106  0.582282  0.582282  0.824106  1.468972 
Shapelet   8   1.886689  1.886689  1.886689  1.886689  1.886689  1.581770  1.886689 -0.476437 -0.552667 -0.552667 -0.552667 -0.552667 -0.552667 -0.552667 -0.552667 -0.552667 -0.552667 
Shapelet  10  -0.517099 -0.517099 -0.517099 -0.517099 -0.517099 -0.517099 -0.517099 -0.517099 -0.517099 -0.517099 -0.517099 -0.517099 -0.517099 -0.517099 -0.517099 -0.517099 -0.517099 -0.517099 -0.517099 -0.517099 -0.517099 -0.517099 -0.517099 -0.517099 -0.517099 -0.517099 -0.517099 -0.517099 -0.517099 -0.517099 -0.517099 -0.517099 -0.517099 -0.517099 -0.517099 -0.517099 -0.517099 -0.517099 -0.517099 -0.517099 -0.517099 -0.517099 -0.517099 -0.517099 -0.517099 -0.517099 -0.517099 -0.517099 -0.517099 -0.517099 -0.517099 -0.517099 -0.517099 -0.517099 -0.517099 -0.517099 -0.517099 -0.517099 -0.517099 -0.517099 -0.517099 -0.517099 -0.517099 -0.517099 -0.517099 -0.517099 -0.517099 -0.517099 -0.517099 -0.517099 -0.517099 -0.517099 -0.517099 -0.517099 -0.517099 -0.517099 -0.517099 -0.517099 -0.517099 -0.517099 -0.517099 -0.517099 -0.517099 -0.517099 -0.517099 -0.517099 -0.517099 -0.517099 -0.517099 -0.517099 -0.517099 -0.517099 -0.517099 -0.517099 -0.517099 -0.517099 -0.517099 -0.517099 -0.517099 -0.517099 -0.517099 -0.517099 -0.517099 -0.517099 -0.517099 -0.517099 -0.517099 -0.517099 -0.517099 -0.517099 -0.517099 -0.517099 -0.517099 -0.517099 -0.517099 -0.517099 -0.517099 -0.517099 -0.517099 -0.517099 -0.517099 -0.517099 -0.517099 -0.517099 -0.517099 -0.517099 -0.517099 -0.517099 -0.517099 -0.517099 -0.517099 -0.517099 -0.517099 -0.517099 -0.517099 -0.517099 -0.517099 -0.517099 -0.517099 -0.517099 -0.517099 -0.517099 -0.517099 -0.517099 -0.517099 -0.517099 -0.517099 -0.517099 -0.517099 -0.517099 -0.517099 -0.517099 -0.517099 -0.517099 -0.517099 -0.517099 -0.517099 -0.517099 -0.517099 -0.517099 -0.517099 -0.517099 -0.517099 -0.517099 -0.517099 -0.517099 -0.517099 -0.517099 -0.517099 -0.517099 -0.517099 -0.517099 -0.517099 -0.517099 -0.517099 -0.517099 -0.517099 -0.517099 -0.517099 -0.517099 -0.517099 -0.517099 -0.517099 -0.517099 -0.517099 -0.517099 -0.517099 -0.517099 -0.517099 -0.517099 -0.517099 -0.517099 -0.517099 -0.517099 -0.517099 -0.517099 -0.517099 -0.517099 -0.517099 -0.517099 -0.517099 -0.517099 -0.517099 -0.517099 -0.517099 -0.517099 -0.517099 -0.517099 -0.517099 -0.517099 -0.517099 -0.517099 -0.517099 -0.517099 -0.517099 -0.517099 -0.517099 -0.517099 -0.517099 -0.517099 -0.517099 -0.517099 -0.517099 -0.517099 -0.517099 -0.517099 -0.517099 -0.517099 -0.517099 -0.517099 -0.517099 -0.517099 -0.517099 -0.517099 -0.517099 -0.517099 -0.517099 -0.517099 -0.517099 -0.517099 -0.517099 -0.517099 -0.517099 -0.517099 -0.517099 -0.517099 -0.517099 -0.517099 -0.517099 -0.517099 -0.517099 -0.517099 -0.517099 -0.517099 -0.517099 -0.517099 -0.517099 -0.517099 -0.517099 -0.517099 -0.517099 -0.517099 -0.517099 -0.517099 -0.517099 -0.517099 -0.517099 -0.517099 -0.517099 -0.517099 -0.517099 -0.517099 -0.517099 -0.517099 -0.517099 -0.517099 -0.517099 -0.517099 -0.517099 -0.517099 -0.517099 -0.517099 -0.517099 -0.517099 -0.517099 -0.517099 -0.517099 -0.517099 -0.517099 -0.517099 -0.517099 -0.517099 -0.517099 -0.517099 -0.517099 -0.517099 -0.517099 -0.517099 -0.517099 -0.517099 -0.517099 -0.517099 -0.517099 -0.517099 -0.517099 -0.517099 -0.517099 -0.517099 -0.517099 -0.517099 -0.517099 -0.517099 -0.517099 -0.517099 -0.517099 -0.517099 -0.517099 -0.517099 -0.517099 -0.517099 -0.517099 -0.517099 -0.517099 -0.517099 -0.517099 -0.517099 -0.517099 -0.517099 -0.517099 -0.517099 -0.517099 -0.517099 -0.517099 -0.517099 -0.517099 -0.517099 -0.517099 -0.517099 -0.517099 -0.517099 -0.517099 -0.517099  1.677885  1.991454  2.409546  1.991454  1.991454  2.409546  1.991454  1.991454  2.409546  1.991454  1.991454  2.409546  1.991454  2.409546  1.991454  2.409546  1.991454  2.409546  1.991454  2.409546  1.991454  2.409546  1.991454  1.991454  2.409546  2.409546  1.991454  1.991454  1.991454  2.409546  1.991454  1.991454  2.409546  1.991454  1.991454  2.409546  1.991454  1.991454  1.991454  2.409546  1.991454  1.991454  2.409546  1.991454  1.991454  2.409546  1.991454  2.409546  1.991454  1.991454  1.677885  1.364316  1.677885  1.677885  1.364316  1.677885  1.364316  1.364316  1.677885  1.364316  1.364316  1.677885  1.364316  1.677885  1.364316  1.677885  1.991454  1.677885  1.991454  1.991454  1.991454  1.991454  2.409546  1.991454  1.677885  1.677885  1.991454  1.364316  1.991454  1.677885  1.677885  1.677885  1.677885  1.677885  1.677885  1.677885  1.677885  1.677885  1.677885  1.677885  1.677885  1.677885  1.677885  1.677885  1.677885  1.677885  1.677885  1.677885  1.991454  1.677885  1.991454  1.677885  1.991454  1.677885  1.677885  1.677885  1.991454  1.677885  1.991454  1.991454  1.677885  1.991454  1.677885  1.991454  1.991454  1.677885  1.991454  1.991454  1.991454  1.991454  1.991454  1.991454  1.677885  1.991454  1.677885  1.991454  1.677885  1.677885  1.991454  1.991454  1.991454  1.991454  1.991454  1.991454  1.991454  1.991454  1.991454  1.677885  1.677885  1.991454  1.991454  1.991454  2.409546  1.677885  1.991454  1.677885  1.677885  1.991454  1.991454  1.677885  2.409546  1.677885  1.677885  1.050747 -0.412576 -0.517099 -0.517099 -0.517099 -0.517099 -0.517099 -0.517099 -0.517099 -0.517099 -0.517099 -0.517099 -0.517099 -0.517099 
Shapelet  11   0.964641 -0.767874 -1.004126 -1.004126 -1.004126 -1.004126 -1.004126 -1.004126 -1.004126 -1.004126 -1.004126 -1.004126 -1.004126 -1.004126 -1.004126 -1.004126 -1.004126 -1.004126 -1.004126 -1.004126 -1.004126 -1.004126 -1.004126 -1.004126 -1.004126 -1.004126 -1.004126 -1.004126 -1.004126 -1.004126 -1.004126 -1.004126 -1.004126 -1.004126 -1.004126 -1.004126 -1.004126 -1.004126 -1.004126 -1.004126 -1.004126 -1.004126 -1.004126 -1.004126 -1.004126 -1.004126 -1.004126 -1.004126 -1.004126 -1.004126 -1.004126 -1.004126 -1.004126 -1.004126 -1.004126 -1.004126 -1.004126 -1.004126 -1.004126 -1.004126 -1.004126 -1.004126 -1.004126 -1.004126 -1.004126 -1.004126 -1.004126 -1.004126 -1.004126 -1.004126 -1.004126 -1.004126 -1.004126 -1.004126 -1.004126 -1.004126 -1.004126 -1.004126 -1.004126 -1.004126 -1.004126 -1.004126 -1.004126 -1.004126 -1.004126 -1.004126 -1.004126 -1.004126 -1.004126 -1.004126 -1.004126 -1.004126 -1.004126 -1.004126 -1.004126 -1.004126 -1.004126 -1.004126 -1.004126 -1.004126 -1.004126 -1.004126 -1.004126 -1.004126 -1.004126 -1.004126 -1.004126 -1.004126 -1.004126 -1.004126 -1.004126 -1.004126 -1.004126 -1.004126 -1.004126 -1.004126 -1.004126 -1.004126 -1.004126 -1.004126 -1.004126 -1.004126 -1.004126 -1.004126 -1.004126 -1.004126 -1.004126 -1.004126 -1.004126 -1.004126 -1.004126 -1.004126 -1.004126 -1.004126 -1.004126 -1.004126 -1.004126 -1.004126 -1.004126 -1.004126 -1.004126 -1.004126 -1.004126 -1.004126 -1.004126 -1.004126 -1.004126 -1.004126 -1.004126 -1.004126 -1.004126 -1.004126 -1.004126 -1.004126 -1.004126 -1.004126 -1.004126 -1.004126 -1.004126 -1.004126 -1.004126 -1.004126 -1.004126 -1.004126 -1.004126 -1.004126 -1.004126 -1.004126 -1.004126 -1.004126 -1.004126 -1.004126 -1.004126 -1.004126 -1.004126 -1.004126 -1.004126 -1.004126 -1.004126 -1.004126 -1.004126 -1.004126 -1.004126 -1.004126 -1.004126 -1.004126 -1.004126 -1.004126 -1.004126 -1.004126 -1.004126 -1.004126 -1.004126 -1.004126 -1.004126 -1.004126 -1.004126 -1.004126 -1.004126 -1.004126 -1.004126 -1.004126 -1.004126 -1.004126 -1.004126 -1.004126 -1.004126 -1.004126 -1.004126 -1.004126 -1.004126 -1.004126 -1.004126 -1.004126 -1.004126 -1.004126 -1.004126 -1.004126 -1.004126 -1.004126 -1.004126 -1.004126 -1.004126 -1.004126 -1.004126 -1.004126 -1.004126 -1.004126 -1.004126 -1.004126 -1.004126 -1.004126 -1.004126 -1.004126 -1.004126 -1.004126 -1.004126 -1.004126 -1.004126 -1.004126 -1.004126 -1.004126 -1.004126 -1.004126 -1.004126 -1.004126 -1.004126 -1.004126 -1.004126 -1.004126 -1.004126 -1.004126 -1.004126 -1.004126 -1.004126 -1.004126 -1.004126 -1.004126 -1.004126 -1.004126 -1.004126 -1.004126 -1.004126 -1.004126 -1.004126 -1.004126 -1.004126 -1.004126 -1.004126 -1.004126 -1.004126 -1.004126 -1.004126 -1.004126 -1.004126 -1.004126 -1.004126 -1.004126 -1.004126 -1.004126 -1.004126 -1.004126 -1.004126 -1.004126 -1.004126 -1.004126 -1.004126 -1.004126 -1.004126 -1.004126 -1.004126 -1.004126 -1.004126 -1.004126 -1.004126 -1.004126 -1.004126 -1.004126 -1.004126 -1.004126 -1.004126 -1.004126 -1.004126 -1.004126 -1.004126 -1.004126 -1.004126 -1.004126 -1.004126 -1.004126 -1.004126 -1.004126 -1.004126 -1.004126 -1.004126 -1.004126 -1.004126 -1.004126  0.570888  1.161518  0.964641  0.964641  1.161518  0.964641  1.161518  0.964641  0.964641  1.161518  0.570888  0.964641  0.964641  1.161518  0.964641  0.964641  0.964641  0.964641  1.161518  0.964641  0.964641  0.964641  0.964641  1.161518  0.964641  1.161518  0.964641  0.964641  1.161518  0.964641  0.964641  1.161518  0.964641  0.964641  1.161518  0.964641  0.964641  1.161518  0.964641  0.964641  1.161518  0.964641  1.161518  0.964641  0.964641  1.161518  0.964641  0.964641  1.161518  0.964641  1.161518  0.964641  0.964641  0.964641  1.161518  0.964641  1.161518  0.964641  0.964641  0.964641  1.161518  0.964641  0.964641  1.161518  0.964641  0.964641  1.161518  0.964641  1.161518  0.964641  0.964641  0.964641  1.161518  0.964641  1.161518  0.964641  0.964641  0.964641  1.161518  0.964641  1.161518  0.964641  0.964641  1.161518  0.964641  1.161518  0.964641  0.964641  1.161518  0.964641  0.964641  1.161518  0.964641  1.161518  0.964641  0.964641  0.964641  1.161518  0.964641  0.964641  1.161518  0.964641  0.964641  0.964641  0.964641  0.964641  0.964641  0.964641  0.964641  1.161518  0.964641  0.964641  0.964641  1.161518  0.964641  0.964641  0.964641  1.161518  0.964641  0.964641  1.161518  0.964641  0.964641  1.161518  0.964641  0.964641  0.964641  1.161518  0.964641  0.964641  1.161518  0.767765  1.161518  0.964641  0.964641  0.964641  0.767765  0.098384 -0.925375 -1.004126 -1.004126 -1.004126 -1.004126 -1.004126 -1.004126 -1.004126 -1.004126 -1.004126 -1.004126 -1.004126 -1.004126 -1.004126 -1.004126 -1.004126 -1.004126 -1.004126 -1.004126 -1.004126 -1.004126 -1.004126 -1.004126 -1.004126 -1.004126 -1.004126 -1.004126 -1.004126 -0.177244  0.964641  0.964641  0.964641  1.161518  0.964641  0.767765  0.964641  0.964641  0.964641  1.161518  0.964641  0.964641  0.964641  0.964641  0.964641  0.964641  0.964641  0.964641  1.161518  0.964641  0.964641  0.964641  0.767765  0.964641  0.964641  0.964641  0.964641  1.161518  0.964641  0.964641  0.964641  0.964641  0.964641  0.767765  0.098384  0.570888  0.767765  0.767765  0.767765  0.767765  0.767765  0.964641  0.767765  0.964641  0.570888  0.964641  0.964641  0.964641  0.964641  0.767765  0.570888  0.767765  0.767765  0.964641  0.964641  0.964641  0.964641  0.964641  0.964641  0.964641  0.964641  0.964641  0.964641  0.964641  0.964641  1.161518  0.767765  0.767765  0.964641  1.161518  0.964641  1.161518  0.964641  1.161518  1.161518  0.767765  1.161518  1.161518  0.964641  1.161518  1.161518  0.964641  0.964641  0.964641  1.161518  0.964641  0.964641  0.964641  1.161518  0.964641  1.161518  1.161518  0.964641  0.964641  1.161518  1.161518  0.964641  1.161518  0.964641  0.767765  0.964641  1.161518  0.964641  1.161518  1.161518  0.767765  1.161518  0.964641  0.964641  0.964641  0.964641  0.964641  1.161518  1.161518  0.964641  1.161518  1.161518  0.413386  0.570888  0.767765  0.767765  0.767765  0.767765  0.767765  0.570888  0.767765  0.767765  0.767765  0.964641  0.767765  1.161518  1.161518  0.964641  1.161518  1.161518  0.964641  1.161518  0.964641  0.964641  1.161518  0.964641  1.161518  1.161518 
Shapelet  12  -0.712203 -0.712203 -0.712203 -0.712203 -0.712203 -0.712203 -0.712203 -0.446097 -0.712203 -0.712203 -0.712203 -0.712203 -0.712203 -0.712203 -0.712203 -0.712203 -0.712203 -0.712203 -0.446097 -0.712203 -0.712203 -0.712203 -0.712203 -0.712203 -0.712203 -0.712203 -0.712203 -0.712203 -0.712203 -0.446097 -0.712203 -0.712203 -0.712203 -0.712203 -0.712203 -0.712203 -0.712203 -0.712203 -0.712203 -0.712203 -0.446097 -0.712203 -0.712203 -0.712203 -0.712203 -0.712203 -0.712203 -0.712203 -0.712203 -0.712203 -0.712203 -0.712203 -0.446097 -0.712203 -0.712203 -0.712203 -0.712203 -0.712203 -0.712203 -0.712203 -0.712203 -0.712203 -0.712203 -0.446097 -0.712203 -0.712203 -0.712203 -0.712203 -0.712203 -0.712203 -0.712203 -0.712203 -0.712203 -0.712203 -0.446097 -0.712203 -0.712203 -0.712203 -0.712203 -0.712203 -0.712203 -0.712203 -0.712203 -0.712203 -0.712203 -0.712203 -0.446097 -0.712203 -0.712203 -0.712203 -0.712203 -0.712203 -0.712203 -0.712203 -0.712203 -0.712203 -0.712203 -0.446097 -0.712203 -0.712203 -0.712203 -0.712203 -0.712203 -0.712203 -0.712203 -0.712203 -0.712203 -0.712203 -0.712203 -0.446097 -0.712203 -0.712203 -0.712203 -0.712203 -0.712203 -0.712203 -0.712203 -0.712203 -0.712203 -0.712203 -0.446097 -0.712203 -0.712203 -0.712203 -0.712203 -0.712203 -0.712203 -0.712203 -0.712203 -0.712203 -0.712203 -0.712203 -0.446097 -0.712203 -0.712203 -0.712203 -0.712203 -0.712203 -0.712203 -0.712203 -0.712203 -0.712203 -0.712203 -0.446097 -0.712203 -0.712203 -0.712203 -0.712203 -0.712203 -0.712203 -0.712203 -0.712203 -0.712203 -0.446097 -0.712203 -0.712203 -0.712203 -0.712203 -0.712203 -0.712203 -0.712203 -0.712203 -0.712203 -0.712203 -0.712203 -0.446097 -0.712203 -0.712203 -0.712203 -0.712203 -0.712203 -0.712203 -0.712203 -0.712203 -0.712203 -0.712203 -0.712203 -0.446097 -0.712203 -0.712203 -0.712203 -0.712203 -0.712203 -0.712203 -0.712203 -0.712203 -0.712203 -0.446097 -0.712203 -0.712203 -0.712203 -0.712203 -0.712203 -0.712203 -0.712203 -0.712203 -0.712203 -0.712203 -0.446097  0.086115  1.416644  1.416644  1.416644  1.948856  1.416644  1.416644  1.416644  1.416644  1.416644  1.416644  1.948856  1.416644  1.416644  1.416644  1.416644  1.416644  1.416644  1.416644  1.416644  1.416644  1.416644 -0.712203 -0.712203 -0.712203 -0.712203 -0.712203 -0.712203 -0.712203 -0.712203 -0.446097 -0.712203 -0.712203 -0.712203 -0.712203 -0.712203 -0.712203 -0.712203 -0.712203 -0.712203 -0.712203 -0.446097 -0.712203 -0.712203 -0.712203 -0.712203 -0.712203 -0.712203 -0.712203 -0.712203 -0.712203 -0.712203 -0.446097 -0.712203 -0.712203 -0.712203 -0.712203 -0.712203 -0.712203 -0.712203 -0.712203 -0.712203 -0.446097 -0.712203 -0.712203 -0.712203 -0.712203 -0.712203 -0.712203 -0.712203 -0.712203 -0.712203 -0.446097 -0.712203 -0.712203 -0.712203 -0.712203 -0.712203 -0.712203 -0.712203 -0.712203 -0.712203 -0.712203 -0.446097 -0.712203 -0.712203 -0.446097  1.416644  1.416644  1.416644  1.948856  1.416644  1.416644  1.416644  1.416644  1.416644  1.948856  0.884432  1.416644  1.948856  1.416644  1.416644  1.416644  1.416644  1.416644  1.416644  1.416644  1.416644 
Shapelet  13  -0.145208 -0.145208 -0.145208 -0.145208 -0.145208 -0.145208 -0.145208 -0.145208 -0.145208 -0.145208 -0.145208 -0.145208 -0.145208 -0.145208 -0.145208 -0.145208 -0.145208 -0.145208 -0.145208 -0.145208 -0.145208 -0.145208 -0.145208 -0.145208 -0.145208 -0.145208 -0.145208 -0.145208 -0.145208 -0.145208 -0.145208 -0.145208 -0.145208 -0.145208 -0.145208 -0.145208 -0.145208 -0.145208 -0.145208 -0.145208 -0.145208 -0.145208 -0.145208 -0.145208 -0.145208 -0.145208 -0.145208 -0.145208 -0.145208 -0.145208 -0.145208 -0.145208 -0.145208 -0.145208 -0.145208 -0.145208 -0.145208 -0.145208 -0.145208 -0.145208 -0.145208 -0.145208 -0.145208 -0.145208 -0.145208 -0.145208 -0.145208 -0.145208 -0.145208 -0.145208 -0.145208 -0.145208 -0.145208 -0.145208 -0.145208 -0.145208 -0.145208 -0.145208 -0.145208 -0.145208 -0.145208 -0.145208 -0.145208 -0.145208 -0.145208 -0.145208 -0.145208 -0.145208 -0.145208 -0.145208 -0.145208 -0.145208 -0.145208 -0.145208 -0.145208 -0.145208 -0.145208 -0.145208 -0.145208 -0.145208 -0.145208 -0.145208 -0.145208 -0.145208 -0.145208 -0.145208 -0.145208 -0.145208 -0.145208 -0.145208 -0.145208 -0.145208 -0.145208 -0.145208 -0.145208 -0.145208 -0.145208 -0.145208 -0.145208 -0.145208 -0.145208 -0.145208 -0.145208 -0.145208 -0.145208 -0.145208 -0.145208 -0.145208 -0.145208 -0.145208 -0.145208 -0.145208 -0.145208 -0.145208 -0.145208 -0.145208 -0.145208 -0.145208 -0.145208 -0.145208 -0.145208 -0.145208 -0.145208 -0.145208 -0.145208 -0.145208 -0.145208 -0.145208 -0.145208 -0.145208 -0.145208 -0.145208 -0.145208 -0.145208 -0.145208  6.205935  6.205935  6.205935  6.205935  0.343342  8.648682  8.648682  8.648682  8.648682  0.343342  0.343342  0.343342  0.343342  0.343342  0.343342 -0.145208 -0.145208 -0.145208 -0.145208 -0.145208 -0.145208 -0.145208 -0.145208 -0.145208 -0.145208 -0.145208 -0.145208 -0.145208 -0.145208 -0.145208 -0.145208 -0.145208 -0.145208 -0.145208 -0.145208 -0.145208 -0.145208 -0.145208 -0.145208 -0.145208 -0.145208 -0.145208 -0.145208 -0.145208 -0.145208 -0.145208 -0.145208 -0.145208 -0.145208 -0.145208 -0.145208 -0.145208 -0.145208 -0.145208 -0.145208 -0.145208 -0.145208 -0.145208 -0.145208 -0.145208 -0.145208 -0.145208 -0.145208 -0.145208 -0.145208 -0.145208 -0.145208 -0.145208 -0.145208 -0.145208 -0.145208 -0.145208 -0.145208 -0.145208 -0.145208 -0.145208 -0.145208 -0.145208 -0.145208 -0.145208 -0.145208 -0.145208 -0.145208 -0.145208 -0.145208 -0.145208 -0.145208 -0.145208 -0.145208 -0.145208 -0.145208 -0.145208 -0.145208 -0.145208 -0.145208 -0.145208 -0.145208 -0.145208 -0.145208 -0.145208 -0.145208 -0.145208 -0.145208 -0.145208 -0.145208 -0.145208 -0.145208 -0.145208 -0.145208 -0.145208 -0.145208 -0.145208 -0.145208 -0.145208 -0.145208 -0.145208 -0.145208 -0.145208 -0.145208 -0.145208 -0.145208 -0.145208 -0.145208 -0.145208 -0.145208 -0.145208 -0.145208 -0.145208 -0.145208 -0.145208 -0.145208 -0.145208 -0.145208 -0.145208 -0.145208 -0.145208 -0.145208 -0.145208 -0.145208 -0.145208 -0.145208 -0.145208 -0.145208 -0.145208 -0.145208 -0.145208 -0.145208 -0.145208 -0.145208 -0.145208 -0.145208 -0.145208 -0.145208 -0.145208 -0.145208 -0.145208 -0.145208 -0.145208 -0.145208 -0.145208 -0.145208 -0.145208 -0.145208 -0.145208 -0.145208 -0.145208 -0.145208 -0.145208 -0.145208 -0.145208 -0.145208 -0.145208 -0.145208 -0.145208 -0.145208 -0.145208 -0.145208 -0.145208 -0.145208 -0.145208 -0.145208 -0.145208 -0.145208 -0.145208 -0.145208 -0.145208 -0.145208 -0.145208 -0.145208 -0.145208 -0.145208 -0.145208 -0.145208 -0.145208 -0.145208 -0.145208 -0.145208 -0.145208 -0.145208 -0.145208 -0.145208 -0.145208 -0.145208 -0.145208 -0.145208 -0.145208 -0.145208 -0.145208 -0.145208 -0.145208 -0.145208 -0.145208 -0.145208 -0.145208 -0.145208 -0.145208 -0.145208 -0.145208 -0.145208 -0.145208 -0.145208 -0.145208 -0.145208 -0.145208 -0.145208 -0.145208 -0.145208 -0.145208 -0.145208 -0.145208 -0.145208 -0.145208 -0.145208 -0.145208 -0.145208 -0.145208 -0.145208 -0.145208 -0.145208 -0.145208 -0.145208 -0.145208 -0.145208 -0.145208 -0.145208 -0.145208 -0.145208 -0.145208 -0.145208 -0.145208 -0.145208 -0.145208 -0.145208 -0.145208 -0.145208 -0.145208 -0.145208 -0.145208 -0.145208 -0.145208 -0.145208 -0.145208 -0.145208 -0.145208 -0.145208 -0.145208 -0.145208 -0.145208 -0.145208 -0.145208 -0.145208 -0.145208 -0.145208 -0.145208 -0.145208 -0.145208 -0.145208 -0.145208 -0.145208 -0.145208 -0.145208 -0.145208 -0.145208 -0.145208 -0.145208 -0.145208 -0.145208 -0.145208 -0.145208 -0.145208 -0.145208 -0.145208 -0.145208 -0.145208 -0.145208 -0.145208 -0.145208 -0.145208 -0.145208 -0.145208 -0.145208 -0.145208 -0.145208 -0.145208 -0.145208 -0.145208 -0.145208 -0.145208 -0.145208 -0.145208 -0.145208 -0.145208 -0.145208 -0.145208 -0.145208 -0.145208 -0.145208 -0.145208 -0.145208 -0.145208 -0.145208 -0.145208 -0.145208 -0.145208 -0.145208 -0.145208 -0.145208 -0.145208 -0.145208 -0.145208 -0.145208 -0.145208 -0.145208 -0.145208 -0.145208 -0.145208 -0.145208 -0.145208 -0.145208 -0.145208 -0.145208 -0.145208 -0.145208 -0.145208 -0.145208 -0.145208 -0.145208 -0.145208 -0.145208 -0.145208 -0.145208 -0.145208 -0.145208 -0.145208 -0.145208 -0.145208 -0.145208 -0.145208 -0.145208 -0.145208 -0.145208 -0.145208 -0.145208 -0.145208 -0.145208 -0.145208 -0.145208 -0.145208 -0.145208 -0.145208 -0.145208 -0.145208 -0.145208 -0.145208 -0.145208 -0.145208 -0.145208 -0.145208 -0.145208 -0.145208 -0.145208 -0.145208 -0.145208 -0.145208 -0.145208 -0.145208 -0.145208 -0.145208 -0.145208 -0.145208 -0.145208 -0.145208 -0.145208 -0.145208 -0.145208 -0.145208 -0.145208 -0.145208 -0.145208 -0.145208 -0.145208 -0.145208 -0.145208 -0.145208 -0.145208 -0.145208 -0.145208 -0.145208 -0.145208 -0.145208 -0.145208 -0.145208 -0.145208 -0.145208 -0.145208 -0.145208 -0.145208 -0.145208 -0.145208 -0.145208 -0.145208 -0.145208 -0.145208 -0.145208 -0.145208 -0.145208 -0.145208 -0.145208 -0.145208 -0.145208 -0.145208 -0.145208 -0.145208 -0.145208 -0.145208 -0.145208 -0.145208 -0.145208 -0.145208 -0.145208 -0.145208 -0.145208 -0.145208 -0.145208 -0.145208 -0.145208 -0.145208 -0.145208 -0.145208 -0.145208 -0.145208 -0.145208 -0.145208 -0.145208 -0.145208 -0.145208 -0.145208 -0.145208 -0.145208 -0.145208 -0.145208 -0.145208 -0.145208 -0.145208 -0.145208 -0.145208 -0.145208 -0.145208 -0.145208 -0.145208 -0.145208 -0.145208 -0.145208 -0.145208 -0.145208 -0.145208 -0.145208 -0.145208 -0.145208 -0.145208 -0.145208 -0.145208 -0.145208 -0.145208 -0.145208 -0.145208 
Shapelet  14  -0.356105  0.539756 -0.356105  0.539756 -0.356105 -0.356105 -0.356105 -0.356105  0.539756 -0.356105 -0.356105 -0.356105 -0.356105 -0.356105 -0.356105 -0.356105 
Shapelet  15  -0.466524 -0.466524 -0.466524 -0.466524 -0.466524 -0.466524 -0.466524 -0.466524 -0.466524 -0.466524 -0.466524 -0.466524 -0.466524 -0.466524 -0.466524 -0.466524 -0.466524 -0.466524 -0.466524 -0.466524 -0.466524 -0.466524 -0.466524 -0.466524 -0.466524 -0.466524 -0.466524 -0.466524 -0.466524 -0.466524 -0.466524 -0.466524 -0.466524 -0.466524 -0.466524 -0.466524 -0.466524 -0.466524 -0.466524 -0.466524 -0.466524 -0.466524 -0.466524 -0.466524 -0.466524 -0.466524 -0.466524 -0.466524 -0.466524 -0.466524 -0.466524 -0.466524 -0.466524 -0.466524 -0.466524 -0.466524 -0.466524 -0.466524 -0.466524 -0.466524 -0.466524 -0.466524 -0.466524 -0.466524 -0.466524 -0.466524 -0.466524 -0.466524 -0.466524 -0.466524 -0.466524 -0.466524 -0.466524 -0.466524 -0.466524 -0.466524 -0.466524 -0.466524 -0.466524 -0.466524 -0.466524 -0.466524 -0.466524 -0.466524 -0.466524 -0.466524 -0.466524 -0.466524 -0.466524 -0.466524 -0.466524 -0.466524 -0.466524 -0.466524 -0.466524 -0.466524 -0.466524 -0.309416 -0.466524 -0.466524 -0.466524 -0.466524 -0.466524 -0.466524 -0.466524 -0.466524 -0.466524 -0.466524 -0.466524 -0.466524 -0.466524 -0.466524 -0.466524 -0.466524 -0.466524 -0.466524 -0.466524 -0.466524 -0.466524 -0.466524 -0.466524 -0.466524 -0.466524 -0.466524 -0.466524 -0.466524 -0.466524 -0.466524 -0.309416 -0.309416 -0.309416 -0.309416 -0.309416  2.047209  2.047209  2.047209  2.047209  0.004801  2.361426  2.361426  2.361426  2.361426 -0.309416  0.790342  0.790342  0.790342  0.790342 -0.466524 -0.466524 -0.466524 -0.466524 -0.466524 -0.466524 -0.466524 -0.466524 -0.466524 -0.466524 -0.466524 -0.466524 -0.466524 -0.466524 -0.466524 -0.466524 -0.466524 -0.466524 -0.466524 -0.466524 -0.466524 -0.466524 -0.466524 -0.466524 -0.466524 -0.309416 -0.466524 -0.466524 -0.466524 -0.466524 -0.466524 -0.466524 -0.466524 -0.466524 -0.466524 -0.466524 -0.466524 -0.466524 -0.466524 -0.466524 -0.466524 -0.466524 -0.466524 -0.466524 -0.466524 -0.466524 -0.466524 -0.466524 -0.466524 -0.466524 -0.466524 -0.466524 -0.466524 -0.466524 -0.466524 -0.466524  0.161909  0.161909  0.161909  0.161909 -0.466524  2.361426  2.361426  2.361426  2.361426 -0.309416  2.361426  2.361426  2.361426  2.361426 -0.309416  2.361426  2.361426  2.361426  2.361426 -0.309416  2.361426  2.361426  2.361426  2.361426 -0.309416  2.361426  2.361426  2.361426  2.361426 -0.309416  2.518534  2.518534  2.518534  2.518534  0.004801  2.361426  2.361426  2.361426  2.361426 -0.309416  2.361426  2.361426  2.361426  2.361426 -0.309416  1.418775  1.418775  1.418775  1.418775 -0.466524 
Shapelet  20  -0.267288 -0.267288 -0.267288 -0.267288 -0.267288 -0.267288 -0.267288 -0.267288 -0.267288 -0.267288 -0.267288 -0.267288 -0.267288 -0.267288 -0.267288 -0.267288 -0.267288 -0.267288 -0.267288 -0.267288 -0.267288 -0.267288 -0.267288 -0.267288 -0.267288 -0.267288 -0.267288 -0.267288 -0.267288 -0.267288 -0.267288 -0.267288 -0.267288 -0.267288 -0.267288 -0.267288 -0.267288 -0.267288 -0.267288 -0.267288 -0.267288 -0.267288 -0.267288 -0.267288 -0.267288 -0.267288 -0.267288 -0.267288 -0.267288 -0.267288 -0.267288 -0.267288 -0.267288 -0.267288 -0.267288 -0.267288 -0.267288 -0.267288 -0.267288 -0.267288 -0.267288 -0.267288 -0.267288 -0.267288 -0.267288 -0.267288 -0.267288 -0.267288 -0.267288 -0.267288 -0.267288 -0.267288 -0.267288 -0.267288 -0.267288 -0.267288 -0.267288 -0.267288 -0.267288 -0.267288 -0.267288 -0.267288 -0.267288 -0.267288 -0.267288 -0.267288 -0.267288 -0.267288 -0.267288 -0.267288 -0.267288 -0.267288 -0.267288 -0.267288 -0.267288 -0.267288 -0.267288 -0.267288 -0.267288 -0.267288 -0.267288 -0.267288 -0.267288 -0.267288 -0.267288 -0.267288 -0.267288 -0.267288 -0.267288 -0.267288 -0.267288 -0.267288 -0.267288 -0.267288 -0.267288 -0.267288 -0.267288 -0.267288 -0.267288 -0.267288 -0.267288 -0.267288 -0.267288 -0.267288 -0.267288 -0.267288 -0.267288 -0.267288 -0.267288 -0.267288 -0.267288 -0.267288 -0.267288 -0.267288 -0.267288 -0.267288 -0.267288 -0.267288 -0.267288 -0.267288 -0.267288 -0.267288 -0.267288 -0.267288 -0.267288 -0.267288 -0.267288 -0.267288 -0.267288 -0.267288 -0.267288 -0.267288 -0.267288 -0.267288 -0.267288 -0.267288 -0.267288 -0.267288 -0.267288 -0.267288 -0.267288 -0.267288 -0.267288 -0.267288 -0.267288 -0.267288 -0.267288 -0.267288 -0.267288 -0.267288 -0.267288 -0.267288 -0.267288 -0.267288 -0.267288 -0.267288 -0.267288 -0.267288 -0.267288 -0.267288 -0.267288 -0.267288 -0.267288 -0.267288 -0.267288 -0.267288 -0.267288 -0.267288 -0.267288 -0.267288 -0.267288 -0.267288 -0.267288 -0.267288 -0.267288 -0.267288 -0.267288 -0.267288 -0.267288 -0.267288 -0.267288 -0.267288 -0.267288 -0.267288 -0.267288 -0.267288 -0.267288 -0.267288 -0.267288 -0.267288 -0.267288 -0.267288 -0.267288 -0.267288 -0.267288 -0.267288 -0.267288 -0.267288 -0.267288 -0.267288 -0.267288 -0.267288 -0.267288 -0.267288 -0.267288 -0.267288 -0.267288 -0.267288 -0.267288 -0.267288 -0.267288 -0.267288 -0.267288 -0.267288 -0.267288 -0.267288 -0.267288 -0.267288 -0.267288 -0.267288 -0.267288 -0.267288 -0.267288 -0.267288 -0.267288 -0.267288 -0.267288 -0.267288 -0.267288 -0.267288 -0.267288 -0.267288 -0.267288 -0.267288 -0.267288 -0.267288 -0.267288 -0.267288 -0.267288 -0.267288 -0.267288 -0.267288 -0.267288 -0.267288 -0.267288 -0.267288 -0.267288 -0.267288 -0.267288 -0.267288 -0.267288 -0.267288 -0.267288 -0.267288 -0.267288 -0.267288 -0.267288 -0.267288 -0.267288 -0.267288 -0.267288 -0.267288 -0.267288 -0.267288 -0.267288 -0.267288 -0.267288 -0.267288 -0.267288 -0.267288 -0.267288 -0.267288 -0.267288 -0.267288 -0.267288 -0.267288 -0.267288 -0.267288 -0.267288 -0.267288 -0.267288 -0.267288 -0.267288 -0.267288 -0.267288 -0.267288 -0.267288 -0.267288 -0.267288 -0.267288 -0.267288 -0.267288 -0.267288 -0.267288 -0.267288 -0.267288 -0.267288 -0.267288 -0.267288 -0.267288 -0.267288 -0.267288 -0.267288 -0.267288 -0.267288 -0.267288 -0.267288 -0.267288 -0.267288 -0.267288 -0.267288 -0.267288 -0.267288 -0.267288 -0.267288 -0.267288 -0.267288 -0.267288 -0.267288 -0.267288 -0.267288 -0.267288 -0.267288 -0.267288 -0.267288 -0.267288 -0.267288 -0.267288 -0.267288 -0.267288 -0.267288 -0.267288 -0.267288 -0.267288 -0.267288 -0.267288 -0.267288 -0.267288 -0.267288 -0.267288 -0.267288 -0.267288 -0.267288 -0.267288 -0.267288 -0.267288 -0.267288 -0.267288 -0.267288 -0.267288 -0.267288 -0.267288 -0.267288 -0.267288 -0.267288 -0.267288 -0.267288 -0.267288 -0.267288 -0.267288 -0.267288 -0.267288 -0.267288 -0.267288 -0.267288 -0.267288 -0.267288 -0.267288 -0.267288 -0.267288 -0.267288 -0.267288 -0.267288 -0.267288 -0.267288 -0.267288 -0.267288 -0.267288 -0.267288 -0.267288 -0.267288 -0.267288 -0.267288 -0.267288 -0.267288 -0.267288 -0.267288 -0.267288 -0.267288 -0.267288 -0.267288 -0.267288 -0.267288 -0.267288 -0.267288 -0.267288 -0.267288 -0.267288 -0.267288 -0.267288 -0.267288 -0.267288 -0.267288 -0.267288 -0.267288 -0.267288 -0.267288 -0.267288 -0.267288 -0.267288 -0.267288 -0.267288 -0.267288 -0.267288 -0.267288 -0.267288 -0.267288 -0.267288 -0.267288 -0.267288 -0.267288 -0.267288 -0.267288 -0.267288 -0.267288 -0.267288 -0.267288 -0.267288 -0.267288 -0.267288 -0.267288 -0.267288 -0.267288 -0.267288 -0.267288 -0.267288 -0.267288 -0.267288 -0.267288 -0.267288 -0.267288 -0.267288 -0.267288 -0.267288 -0.267288 -0.267288 -0.267288 -0.267288 -0.267288 -0.267288 -0.267288 -0.267288 -0.267288 -0.267288 -0.267288 -0.267288 -0.267288 -0.267288 -0.267288 -0.267288 -0.267288 -0.267288 -0.267288 -0.267288 -0.267288 -0.267288 -0.267288 -0.267288 -0.267288 -0.267288 -0.267288 -0.267288 -0.267288 -0.267288 -0.267288 -0.267288 -0.267288 -0.267288 -0.267288 -0.267288 -0.267288 -0.267288 -0.267288 -0.267288 -0.267288 -0.267288  2.940166  4.009317  4.009317  2.940166  4.009317  4.009317  4.009317  2.940166  4.009317  4.009317  4.009317  2.940166  4.009317  4.009317  2.940166  4.009317  4.009317  4.009317  2.940166  4.009317  4.009317  2.940166  4.009317  4.009317  4.009317  2.940166  4.009317  4.009317  2.940166  4.009317  4.009317  2.940166  4.009317  4.009317  2.940166  4.009317  4.009317  4.009317  2.940166  4.009317  4.009317  2.940166  4.009317  4.009317  2.940166  4.009317  4.009317  4.009317  1.871015 -0.267288 -0.267288 -0.267288 -0.267288 -0.267288 -0.267288 -0.267288 -0.267288 -0.267288 -0.267288 -0.267288 -0.267288 -0.267288 -0.267288 -0.267288 -0.267288 -0.267288 -0.267288 -0.267288 -0.267288 -0.267288 -0.267288 -0.267288 -0.267288 -0.267288 -0.267288 -0.267288 -0.267288 -0.267288 -0.267288 -0.267288 -0.267288 -0.267288 -0.267288 -0.267288 -0.267288 -0.267288 -0.267288 -0.267288 -0.267288 -0.267288 -0.267288 -0.267288 -0.267288 -0.267288 -0.267288 -0.267288 -0.267288 -0.267288 -0.267288 -0.267288 -0.267288 -0.267288 -0.267288 -0.267288 -0.267288 -0.267288 -0.267288 -0.267288 -0.267288 -0.267288 -0.267288 -0.267288 -0.267288 -0.267288 -0.267288 -0.267288 -0.267288 -0.267288 -0.267288 -0.267288 -0.267288 -0.267288 -0.267288 -0.267288 -0.267288 -0.267288 -0.267288 -0.267288 -0.267288 -0.267288 -0.267288 -0.267288 -0.267288 -0.267288 -0.267288 -0.267288 -0.267288 -0.267288 -0.267288 -0.267288 -0.267288 -0.267288 -0.267288 -0.267288 -0.267288 -0.267288 -0.267288 -0.267288 -0.267288 -0.267288 -0.267288 -0.267288 -0.267288 -0.267288 -0.267288 -0.267288 -0.267288 -0.267288 -0.267288 -0.267288 -0.267288 -0.267288 -0.267288 -0.267288 -0.267288 -0.267288 -0.267288 -0.267288 -0.267288 -0.267288 
Shapelet  22   0.964641  0.964641  1.161518  1.161518  0.964641  1.161518  0.964641  0.964641  0.964641  0.964641  1.161518  0.964641  0.964641  0.964641  0.767765  1.161518  0.964641  0.964641  1.161518  0.964641  0.964641  0.964641  0.964641  0.767765  1.161518  0.964641  0.964641  0.964641  1.161518  0.964641  0.964641  0.964641  1.161518  0.964641  1.161518  1.161518  1.161518 -0.177244  0.964641 -0.767874 -1.004126 -1.004126 -1.004126 -1.004126 -1.004126 -1.004126 -1.004126 -1.004126 -1.004126 -1.004126 -1.004126 -1.004126 -1.004126 -1.004126 -1.004126 -1.004126 -1.004126 -1.004126 -1.004126 -1.004126 -1.004126 -1.004126 -1.004126 -1.004126 -1.004126 -1.004126 -1.004126 -1.004126 -1.004126 -1.004126 -1.004126 -1.004126 -1.004126 -1.004126 -1.004126 -1.004126 -1.004126 -1.004126 -1.004126 -1.004126 -1.004126 -1.004126 -1.004126 -1.004126 -1.004126 -1.004126 -1.004126 -1.004126 -1.004126 -1.004126 -1.004126 -1.004126 -1.004126 -1.004126 -1.004126 -1.004126 -1.004126 -1.004126 -1.004126 -1.004126 -1.004126 -1.004126 -1.004126 -1.004126 -1.004126 -1.004126 -1.004126 -1.004126 -1.004126 -1.004126 -1.004126 -1.004126 -1.004126 -1.004126 -1.004126 -1.004126 -1.004126 -1.004126 -1.004126 -1.004126 -1.004126 -1.004126 -1.004126 -1.004126 -1.004126 -1.004126 -1.004126 -1.004126 -1.004126 -1.004126 -1.004126 -1.004126 -1.004126 -1.004126 -1.004126 -1.004126 -1.004126 -1.004126 -1.004126 -1.004126 -1.004126 -1.004126 -1.004126 -1.004126 -1.004126 -1.004126 -1.004126 -1.004126 -1.004126 -1.004126 -1.004126 -1.004126 -1.004126 -1.004126 -1.004126 -1.004126 -1.004126 -1.004126 -1.004126 -1.004126 -1.004126 -1.004126 -1.004126 -1.004126 -1.004126 -1.004126 -1.004126 -1.004126 -1.004126 -1.004126 -1.004126 -1.004126 -1.004126 -1.004126 -1.004126 -1.004126 -1.004126 -1.004126 -1.004126 -1.004126 -1.004126 -1.004126 -1.004126 -1.004126 -1.004126 -1.004126 -1.004126 -1.004126 -1.004126 -1.004126 -1.004126 -1.004126 -1.004126 -1.004126 -1.004126 -1.004126 -1.004126 -1.004126 -1.004126 -1.004126 -1.004126 -1.004126 -1.004126 -1.004126 -1.004126 -1.004126 -1.004126 -1.004126 -1.004126 -1.004126 -1.004126 -1.004126 -1.004126 -1.004126 -1.004126 -1.004126 -1.004126 -1.004126 -1.004126 -1.004126 -1.004126 -1.004126 -1.004126 -1.004126 -1.004126 -1.004126 -1.004126 -1.004126 -1.004126 -1.004126 -1.004126 -1.004126 -1.004126 -1.004126 -1.004126 -1.004126 -1.004126 -1.004126 -1.004126 -1.004126 -1.004126 -1.004126 -1.004126 -1.004126 -1.004126 -1.004126 -1.004126 -1.004126 -1.004126 -1.004126 -1.004126 -1.004126 -1.004126 -1.004126 -1.004126 -1.004126 -1.004126 -1.004126 -1.004126 -1.004126 -1.004126 -1.004126 -1.004126 -1.004126 -1.004126 -1.004126 -1.004126 -1.004126 -1.004126 -1.004126 -1.004126 -1.004126 -1.004126 -1.004126 -1.004126 -1.004126 -1.004126 -1.004126 -1.004126 -1.004126 -1.004126 -1.004126 -1.004126 -1.004126 -1.004126 -1.004126 -1.004126 -1.004126 -1.004126 -1.004126 -1.004126 -1.004126 -1.004126 -1.004126 -1.004126 -1.004126 -1.004126 -1.004126 -1.004126 -1.004126 -1.004126 -1.004126 -1.004126 -1.004126 -1.004126 -1.004126 -1.004126 -1.004126 -1.004126 -1.004126 -1.004126 -1.004126 -1.004126 -1.004126 -1.004126 -1.004126 -1.004126 -1.004126 -1.004126 -1.004126 -1.004126 -1.004126 -1.004126 -1.004126 -1.004126 -1.004126 -1.004126 -1.004126 -1.004126 -1.004126 -1.004126 -1.004126 -1.004126 -1.004126 -1.004126 -1.004126 -1.004126 -1.004126 -1.004126 -1.004126 -1.004126 -1.004126 -1.004126 -1.004126 -1.004126 -1.004126 -1.004126 -1.004126 -1.004126 -1.004126 -1.004126 -1.004126 -1.004126 -1.004126 -1.004126 -1.004126  0.570888  1.161518  0.964641  0.964641  1.161518  0.964641  1.161518  0.964641  0.964641  1.161518  0.570888  0.964641  0.964641  1.161518  0.964641  0.964641  0.964641  0.964641  1.161518  0.964641  0.964641  0.964641  0.964641  1.161518  0.964641  1.161518  0.964641  0.964641  1.161518  0.964641  0.964641  1.161518  0.964641  0.964641  1.161518  0.964641  0.964641  1.161518  0.964641  0.964641  1.161518  0.964641  1.161518  0.964641  0.964641  1.161518  0.964641  0.964641  1.161518  0.964641  1.161518  0.964641  0.964641  0.964641  1.161518  0.964641  1.161518  0.964641  0.964641  0.964641  1.161518  0.964641  0.964641  1.161518  0.964641  0.964641  1.161518  0.964641  1.161518  0.964641  0.964641  0.964641  1.161518  0.964641  1.161518  0.964641  0.964641  0.964641  1.161518  0.964641  1.161518  0.964641  0.964641  1.161518  0.964641  1.161518  0.964641  0.964641  1.161518  0.964641  0.964641  1.161518  0.964641  1.161518  0.964641  0.964641  0.964641  1.161518  0.964641  0.964641  1.161518  0.964641  0.964641  0.964641  0.964641  0.964641  0.964641  0.964641  0.964641  1.161518  0.964641  0.964641  0.964641  1.161518  0.964641  0.964641  0.964641  1.161518  0.964641  0.964641  1.161518  0.964641  0.964641  1.161518  0.964641  0.964641  0.964641  1.161518  0.964641  0.964641  1.161518  0.767765  1.161518  0.964641  0.964641  0.964641  0.767765  0.098384 -0.925375 -1.004126 -1.004126 -1.004126 -1.004126 -1.004126 -1.004126 -1.004126 -1.004126 -1.004126 -1.004126 -1.004126 -1.004126 -1.004126 -1.004126 -1.004126 -1.004126 -1.004126 -1.004126 -1.004126 -1.004126 -1.004126 -1.004126 -1.004126 -1.004126 -1.004126 -1.004126 -1.004126 -0.177244  0.964641  0.964641  0.964641  1.161518  0.964641  0.767765  0.964641  0.964641  0.964641  1.161518  0.964641  0.964641  0.964641  0.964641  0.964641  0.964641  0.964641  0.964641  1.161518  0.964641  0.964641  0.964641  0.767765  0.964641  0.964641  0.964641  0.964641  1.161518  0.964641 
Shapelet  23  -0.770947 -0.770947 -0.770947 -0.770947 -0.770947 -0.770947 -0.770947 -0.770947 -0.770947 -0.770947 -0.770947 -0.770947 -0.770947 -0.770947 -0.770947 -0.770947 -0.770947 -0.770947 -0.770947 -0.770947 -0.770947 -0.770947 -0.770947 -0.770947 -0.770947 -0.770947 -0.770947 -0.770947 -0.770947 -0.770947 -0.770947 -0.770947 -0.770947 -0.770947 -0.770947 -0.770947 -0.770947 -0.770947 -0.770947 -0.770947 -0.770947 -0.770947 -0.770947 -0.770947 -0.770947 -0.770947 -0.770947 -0.770947 -0.770947 -0.770947 -0.770947 -0.770947 -0.770947 -0.770947 -0.770947 -0.770947 -0.770947 -0.770947 -0.770947 -0.770947 -0.770947 -0.770947 -0.770947 -0.770947 -0.770947 -0.770947 -0.770947 -0.770947 -0.770947 -0.770947 -0.770947 -0.770947 -0.770947 -0.770947 -0.770947 -0.770947 -0.770947 -0.770947 -0.770947 -0.770947 -0.770947 -0.770947 -0.770947 -0.770947 -0.770947 -0.770947 -0.770947 -0.770947 -0.770947 -0.770947 -0.770947 -0.770947 -0.770947 -0.770947 -0.770947 -0.770947 -0.770947 -0.770947 -0.770947 -0.770947 -0.770947 -0.770947 -0.770947 -0.770947 -0.770947 -0.770947 -0.770947 -0.770947 -0.770947 -0.770947 -0.770947 -0.770947 -0.770947 -0.770947 -0.770947 -0.770947 -0.770947 -0.770947 -0.770947 -0.770947 -0.770947 -0.770947 -0.770947 -0.770947 -0.770947 -0.770947 -0.770947 -0.770947 -0.770947 -0.770947 -0.770947 -0.770947 -0.770947 -0.770947 -0.770947 -0.770947 -0.770947 -0.770947 -0.770947 -0.770947 -0.770947 -0.770947 -0.770947 -0.770947 -0.770947 -0.770947 -0.770947 -0.770947 -0.770947 -0.770947 -0.770947 -0.770947 -0.770947 -0.770947 -0.770947 -0.770947 -0.770947 -0.770947 -0.770947 -0.770947 -0.770947 -0.770947 -0.770947 -0.770947 -0.770947 -0.770947 -0.770947 -0.770947 -0.770947 -0.770947 -0.770947 -0.770947 -0.770947 -0.770947 -0.770947 -0.770947 -0.770947 -0.770947 -0.770947 -0.770947 -0.770947 -0.770947 -0.770947 -0.770947 -0.770947 -0.770947 -0.770947 -0.770947 -0.770947 -0.770947 -0.770947 -0.770947 -0.770947 -0.770947 -0.770947 -0.770947 -0.770947 -0.770947 -0.770947 -0.770947 -0.770947 -0.770947 -0.770947 -0.770947 -0.770947 -0.770947 -0.770947 -0.770947 -0.770947 -0.770947 -0.770947 -0.770947 -0.770947 -0.770947 -0.770947 -0.770947 -0.770947 -0.770947 -0.770947 -0.770947 -0.770947 -0.770947 -0.770947 -0.770947 -0.770947 -0.770947 -0.770947 -0.770947 -0.770947 -0.770947 -0.770947 -0.770947 -0.770947 -0.770947 -0.770947 -0.770947 -0.770947 -0.770947 -0.770947 -0.575220  1.055838  1.316807  1.055838  1.316807  1.316807  1.316807  1.055838  1.316807  1.316807  1.316807  1.316807  1.316807  1.316807  1.316807  1.316807  1.316807  1.316807  1.316807  1.055838  1.316807  1.316807  1.316807  1.316807  1.316807  1.316807  1.316807  1.316807  1.316807  1.316807  1.316807  1.055838  1.316807 
Shapelet  25   2.668217  2.380098  2.380098  2.380098  2.380098  2.380098  2.380098  2.380098  2.380098  2.380098  2.380098  2.380098  2.091980  2.380098  2.380098  2.380098  2.380098  2.380098  2.380098  2.380098  2.380098  2.380098  2.380098  2.380098  2.380098  2.380098  2.380098  2.380098  2.380098  2.380098  2.380098  2.380098  2.380098  2.380098  2.380098  2.380098  2.380098  2.380098  2.380098  2.380098  2.380098  2.380098  2.380098  2.380098  2.380098  2.380098  2.380098  2.380098  2.380098  2.380098  2.380098  2.380098  2.380098  2.380098  2.380098  0.190398 -0.501086 -0.501086 -0.501086 -0.501086 -0.501086 -0.501086 -0.501086 -0.501086 -0.501086 -0.501086 -0.501086 -0.501086 -0.501086 -0.501086 -0.501086 -0.501086 -0.501086 -0.501086 -0.501086 -0.501086 -0.501086 -0.501086 -0.501086  1.803861  2.668217  2.668217  2.668217  2.380098  2.668217  2.380098  2.380098 -0.270591 -0.443462 -0.501086 -0.501086 -0.501086 -0.501086 -0.501086 -0.501086 -0.501086 -0.501086 -0.501086 -0.501086 -0.501086 -0.501086 -0.501086 -0.501086 -0.501086 -0.501086 -0.501086 -0.501086 -0.501086 -0.501086 -0.501086 -0.501086 -0.501086 -0.501086 -0.501086  0.881882  2.380098  2.668217  0.536140 -0.501086 -0.501086 -0.501086 -0.501086 -0.501086 -0.501086 -0.501086 -0.501086 -0.501086 -0.501086 -0.501086 -0.501086 -0.501086 -0.501086 -0.501086 -0.501086 -0.501086 -0.501086 -0.501086 -0.501086 -0.501086 -0.501086 -0.501086 -0.501086 -0.501086 -0.501086 -0.501086 -0.501086 -0.501086 -0.501086 -0.501086 -0.501086 -0.501086 -0.501086 -0.501086 -0.501086 -0.501086 -0.501086 -0.501086 -0.501086 -0.501086 -0.501086 -0.501086 -0.501086 -0.501086 -0.501086 -0.501086 -0.501086 -0.501086 -0.501086 -0.501086 -0.501086 -0.501086 -0.501086 -0.501086 -0.501086 -0.501086 -0.501086 -0.501086 -0.501086 -0.501086 -0.501086 -0.501086 -0.501086 -0.501086 -0.501086 -0.501086 -0.501086 -0.501086 -0.501086 -0.501086 -0.501086 -0.501086 -0.501086 -0.501086 -0.501086 -0.501086 -0.501086 -0.501086  2.091980  2.380098  2.668217  2.668217  2.380098  2.380098  2.668217  2.380098  2.380098  2.091980  2.668217  2.380098  2.380098  2.380098  2.380098  2.091980  2.380098  1.573367 -0.328215 -0.501086 -0.501086 -0.501086 -0.501086 -0.501086 -0.501086 -0.501086 -0.501086 -0.501086 -0.501086 -0.501086 -0.501086 -0.501086 -0.501086 -0.501086 -0.501086 -0.501086 -0.501086 -0.501086 -0.501086 -0.501086 -0.501086 -0.501086 -0.501086 -0.501086 -0.501086 -0.501086 -0.501086 -0.501086 -0.501086 -0.501086 -0.501086 -0.501086 -0.501086 -0.501086 -0.501086 -0.501086 -0.501086 -0.501086 -0.501086 -0.501086 -0.501086 -0.501086 -0.501086 -0.501086 -0.501086 -0.501086 -0.501086 -0.501086 -0.501086 -0.501086 -0.501086 -0.501086 -0.501086 -0.501086 -0.501086 -0.501086 -0.501086 -0.501086 -0.501086 -0.501086 -0.501086 -0.501086 -0.501086 -0.501086 -0.501086 -0.501086 -0.501086 -0.501086 -0.501086 -0.501086 -0.501086 -0.501086 -0.501086 -0.501086 -0.501086 -0.501086 -0.501086 -0.501086 -0.501086 -0.501086 -0.501086 -0.501086 -0.501086 -0.501086 -0.501086 -0.501086 -0.501086  0.709011  0.709011  0.881882  0.709011  0.881882  0.709011  0.709011  0.536140  0.709011  0.709011  0.709011  0.709011  0.536140  0.709011  0.709011  0.709011  0.709011  0.536140  0.709011  0.709011  0.709011  0.709011  0.709011  0.536140  0.709011  0.709011  0.709011  0.536140  0.709011  0.709011  0.709011  0.709011  0.536140  0.709011  0.709011  0.709011  0.709011  0.536140  0.709011  0.709011  0.709011  0.536140  0.709011  0.709011  0.709011  0.536140  0.709011  0.709011  0.709011  0.709011  0.536140  0.709011  0.709011  0.709011  0.536140  0.709011  0.709011  0.709011  0.709011  0.709011  0.536140  0.709011  0.709011  0.709011  0.536140  0.709011  0.709011  0.709011  0.709011  0.363269 -0.328215 -0.501086 -0.501086 -0.501086 -0.501086 -0.501086 -0.501086 -0.501086 -0.501086 -0.501086 -0.501086 -0.501086 -0.501086 -0.501086 -0.501086 -0.501086 -0.501086 -0.501086 -0.501086 -0.501086 -0.501086 -0.501086 -0.501086 -0.501086 -0.501086 -0.501086 -0.501086 -0.501086 -0.501086 -0.501086 -0.501086 -0.501086 -0.501086 -0.501086 -0.501086 -0.501086 -0.501086 -0.501086 -0.501086 -0.501086 -0.501086 -0.501086 -0.501086 -0.501086 -0.501086 -0.501086 -0.501086 -0.501086 -0.501086 -0.501086 -0.501086 -0.501086 -0.501086 -0.501086 -0.501086 -0.501086 -0.501086 -0.501086 
Shapelet  27  -0.242742 -0.242742 -0.242742 -0.242742  0.228347 -0.242742 -0.242742 -0.242742 -0.242742 -0.242742 -0.242742 -0.242742 -0.242742 -0.242742 -0.242742 -0.242742 -0.242742 -0.242742 -0.242742 -0.242742 -0.242742 -0.242742  0.228347 -0.242742 -0.242742 -0.242742 -0.242742 -0.242742 -0.242742 -0.242742 -0.242742 -0.242742 -0.242742 -0.242742 -0.242742 -0.242742 -0.242742 -0.242742 -0.242742  0.228347 -0.242742 -0.242742 -0.242742 -0.242742 -0.242742 -0.242742 -0.242742 -0.242742 -0.242742 -0.242742 -0.242742 -0.242742 -0.242742 -0.242742 -0.242742 -0.242742 -0.242742 -0.242742  0.228347 -0.242742 -0.242742 -0.242742 -0.242742 -0.242742 -0.242742 -0.242742 -0.242742 -0.242742 -0.242742 -0.242742 -0.242742 -0.242742 -0.242742 -0.242742 -0.242742 -0.242742 -0.242742 -0.242742 -0.242742 -0.242742  0.228347 -0.242742 -0.242742 -0.242742 -0.242742 -0.242742 -0.242742 -0.242742 -0.242742 -0.242742 -0.242742 -0.242742 -0.242742 -0.242742 -0.242742 -0.242742 -0.242742 -0.242742 -0.242742 -0.242742 -0.242742 -0.242742 -0.242742 -0.242742  0.228347 -0.242742 -0.242742 -0.242742 -0.242742 -0.242742 -0.242742 -0.242742 -0.242742 -0.242742 -0.242742 -0.242742 -0.242742 -0.242742 -0.242742 -0.242742 -0.242742 -0.242742  0.228347 -0.242742 -0.242742 -0.242742 -0.242742 -0.242742 -0.242742 -0.242742 -0.242742 -0.242742 -0.242742 -0.242742 -0.242742 -0.242742 -0.242742 -0.242742  0.228347 -0.242742 -0.242742 -0.242742 -0.242742 -0.242742 -0.242742 -0.242742 -0.242742 -0.242742 -0.242742 -0.242742 -0.242742 -0.242742 -0.242742  0.228347 -0.242742 -0.242742 -0.242742 -0.242742 -0.242742 -0.242742 -0.242742 -0.242742 -0.242742 -0.242742 -0.242742 -0.242742 -0.242742 -0.242742  0.228347 -0.242742 -0.242742 -0.242742 -0.242742 -0.242742 -0.242742 -0.242742 -0.242742 -0.242742 -0.242742 -0.242742 -0.242742 -0.242742 -0.242742  0.228347 -0.242742 -0.242742 -0.242742 -0.242742 -0.242742 -0.242742 -0.242742 -0.242742 -0.242742 -0.242742 -0.242742 -0.242742 -0.242742 -0.242742  1.641615  4.468151  5.410329  4.468151  4.468151  5.410329  4.468151  4.468151  5.410329  4.468151  4.468151  5.410329  4.468151  4.468151  4.468151  5.410329  4.468151  4.468151  4.468151  0.699437 -0.242742 -0.242742 -0.242742  0.228347 -0.242742 -0.242742 -0.242742 -0.242742 -0.242742 -0.242742 -0.242742  0.228347 -0.242742 -0.242742 -0.242742 -0.242742 -0.242742 -0.242742 -0.242742  0.228347 -0.242742 -0.242742 -0.242742 -0.242742 -0.242742 -0.242742 -0.242742 -0.242742 -0.242742 -0.242742 -0.242742  0.228347 -0.242742 -0.242742 -0.242742 -0.242742 -0.242742 -0.242742 -0.242742 -0.242742 -0.242742 -0.242742 -0.242742 -0.242742  0.228347 -0.242742 -0.242742 -0.242742 -0.242742 -0.242742 -0.242742 -0.242742 -0.242742 -0.242742 -0.242742 -0.242742 -0.242742  0.228347 -0.242742  0.699437  4.468151  5.410329  4.468151  4.468151  5.410329  4.468151  5.410329  4.468151  4.468151  4.468151  5.410329  3.525972 -0.242742 -0.242742 -0.242742 -0.242742 -0.242742 -0.242742 -0.242742 -0.242742 -0.242742 -0.242742 -0.242742 -0.242742 -0.242742  0.228347 -0.242742 -0.242742 -0.242742 -0.242742 -0.242742 -0.242742 -0.242742 -0.242742 -0.242742 -0.242742 -0.242742 -0.242742 -0.242742 -0.242742  0.228347 -0.242742 -0.242742 -0.242742 -0.242742 -0.242742 -0.242742 -0.242742 -0.242742 -0.242742 -0.242742 -0.242742 -0.242742 -0.242742  0.228347 -0.242742 -0.242742 -0.242742 -0.242742 -0.242742 -0.242742 -0.242742 -0.242742 -0.242742 -0.242742 -0.242742 -0.242742 -0.242742 -0.242742 -0.242742  0.228347 -0.242742 -0.242742 -0.242742 -0.242742 -0.242742 -0.242742 -0.242742 -0.242742 -0.242742 -0.242742 -0.242742 -0.242742 -0.242742 -0.242742 -0.242742  0.228347 -0.242742 -0.242742 -0.242742 -0.242742 -0.242742 -0.242742 -0.242742 -0.242742 -0.242742 -0.242742 -0.242742 -0.242742 -0.242742 -0.242742 -0.242742  0.228347 -0.242742 -0.242742 -0.242742 -0.242742 -0.242742 -0.242742 -0.242742 -0.242742 -0.242742 -0.242742 -0.242742 -0.242742 -0.242742 -0.242742  0.228347 -0.242742 -0.242742 -0.242742 -0.242742 -0.242742 -0.242742 -0.242742 -0.242742 -0.242742 -0.242742 -0.242742 -0.242742 -0.242742 -0.242742  0.228347 -0.242742 -0.242742 -0.242742 -0.242742 -0.242742 -0.242742 -0.242742 -0.242742 -0.242742 -0.242742 -0.242742 -0.242742 -0.242742 -0.242742  0.228347 -0.242742 -0.242742 -0.242742 -0.242742 -0.242742 -0.242742 -0.242742 -0.242742 -0.242742 -0.242742 -0.242742 -0.242742 
Shapelet  28  -0.356105 -0.356105 -0.356105  0.539756 -0.356105  0.539756 -0.356105 -0.356105  0.539756 -0.356105 
Shapelet  30  -0.202838 -0.202838 -0.202838 -0.202838 -0.202838  0.356716 -0.202838 -0.202838 -0.202838 -0.202838 -0.202838  0.356716 -0.202838 -0.202838 -0.202838 -0.202838 -0.202838  0.356716 -0.202838 -0.202838 -0.202838 -0.202838 -0.202838  0.356716 -0.202838 -0.202838 -0.202838 -0.202838 -0.202838  0.356716 -0.202838 -0.202838 -0.202838 -0.202838 -0.202838  0.356716 -0.202838 -0.202838 -0.202838 -0.202838 -0.202838  0.356716 -0.202838 -0.202838 -0.202838 -0.202838 -0.202838  0.356716 -0.202838 -0.202838 -0.202838 -0.202838 -0.202838  0.356716 -0.202838 -0.202838 -0.202838 -0.202838 -0.202838  0.356716 -0.202838 -0.202838 -0.202838 -0.202838 -0.202838  0.356716 -0.202838 -0.202838 -0.202838 -0.202838 -0.202838  0.356716 -0.202838 -0.202838 -0.202838 -0.202838 -0.202838  0.356716 -0.202838 -0.202838 -0.202838 -0.202838 -0.202838 -0.202838  0.356716 -0.202838 -0.202838 -0.202838 -0.202838 -0.202838  0.356716 -0.202838 -0.202838 -0.202838 -0.202838 -0.202838  0.356716 -0.202838 -0.202838 -0.202838 -0.202838 -0.202838  0.356716 -0.202838 -0.202838 -0.202838 -0.202838 -0.202838  0.356716 -0.202838 -0.202838 -0.202838 -0.202838 -0.202838  0.356716 -0.202838 -0.202838 -0.202838 -0.202838 -0.202838  0.356716 -0.202838 -0.202838 -0.202838 -0.202838 -0.202838  0.356716 -0.202838 -0.202838 -0.202838 -0.202838 -0.202838  0.356716 -0.202838 -0.202838 -0.202838 -0.202838 -0.202838  0.356716 -0.202838 -0.202838 -0.202838 -0.202838 -0.202838  0.356716 -0.202838 -0.202838 -0.202838 -0.202838 -0.202838  0.356716 -0.202838 -0.202838 -0.202838 -0.202838 -0.202838  0.356716 -0.202838 -0.202838 -0.202838 -0.202838 -0.202838  0.356716 -0.202838 -0.202838 -0.202838  6.511807  8.190469  9.869130  8.190469  8.190469  9.869130  8.190469  8.190469  9.869130  3.154485 -0.202838 -0.202838 -0.202838 -0.202838 -0.202838 -0.202838  0.356716 -0.202838 -0.202838 -0.202838 -0.202838 -0.202838 -0.202838  0.356716 -0.202838 -0.202838 -0.202838 -0.202838 -0.202838 -0.202838  0.356716 -0.202838 -0.202838 -0.202838 -0.202838 -0.202838 -0.202838  0.356716 -0.202838 -0.202838 -0.202838 -0.202838 -0.202838 -0.202838  0.356716 -0.202838 -0.202838 -0.202838 -0.202838 -0.202838  0.356716 -0.202838 -0.202838 -0.202838 -0.202838 -0.202838 -0.202838  0.356716 -0.202838 -0.202838 -0.202838 -0.202838 -0.202838 -0.202838  0.356716 -0.202838 -0.202838 -0.202838 -0.202838 -0.202838  0.356716 -0.202838 -0.202838 -0.202838 -0.202838 -0.202838  0.356716 -0.202838 -0.202838 -0.202838 -0.202838 -0.202838 -0.202838  0.356716 -0.202838 -0.202838 -0.202838 -0.202838 -0.202838  0.356716 -0.202838 -0.202838 -0.202838 -0.202838 -0.202838  0.356716 -0.202838 -0.202838 -0.202838 -0.202838 -0.202838 -0.202838  0.356716 -0.202838 -0.202838 -0.202838 -0.202838 -0.202838 -0.202838  0.356716 -0.202838 -0.202838 -0.202838 -0.202838 -0.202838  0.356716 -0.202838 -0.202838 -0.202838 -0.202838 -0.202838 -0.202838  0.356716 -0.202838 -0.202838 -0.202838 -0.202838 -0.202838  0.356716 -0.202838 -0.202838 -0.202838 -0.202838 -0.202838 -0.202838  0.356716 -0.202838 -0.202838 -0.202838 -0.202838 -0.202838 -0.202838  0.356716 -0.202838 -0.202838 -0.202838 -0.202838 -0.202838  0.356716 -0.202838 -0.202838 -0.202838 -0.202838 -0.202838  0.356716 -0.202838 -0.202838 -0.202838 -0.202838 -0.202838 -0.202838  0.356716 -0.202838 -0.202838 -0.202838 -0.202838 -0.202838  0.356716 -0.202838 -0.202838 -0.202838 -0.202838 -0.202838 -0.202838  0.356716 -0.202838 -0.202838 -0.202838 -0.202838 -0.202838  0.356716 -0.202838 -0.202838 -0.202838 -0.202838 -0.202838 -0.202838  0.356716 -0.202838 -0.202838 -0.202838 -0.202838 -0.202838  0.356716 -0.202838 -0.202838 -0.202838 -0.202838 -0.202838 -0.202838  0.356716 -0.202838 -0.202838 -0.202838 -0.202838 -0.202838  0.356716 -0.202838 -0.202838 -0.202838 -0.202838 -0.202838  0.356716 -0.202838 -0.202838 -0.202838 -0.202838 -0.202838  0.356716 -0.202838 -0.202838 -0.202838 -0.202838 -0.202838 -0.202838  0.356716 -0.202838 -0.202838 -0.202838 -0.202838 -0.202838 -0.202838  0.356716 -0.202838 -0.202838 -0.202838 -0.202838 -0.202838  0.356716 -0.202838 -0.202838 -0.202838 -0.202838 -0.202838 -0.202838  0.356716 -0.202838 -0.202838 -0.202838 -0.202838 -0.202838 -0.202838  0.356716 -0.202838 -0.202838 -0.202838 -0.202838 -0.202838  0.356716 -0.202838 -0.202838 -0.202838 -0.202838 -0.202838 -0.202838  0.356716 -0.202838 -0.202838 -0.202838 -0.202838 -0.202838  0.356716 -0.202838 -0.202838 -0.202838 -0.202838 -0.202838 -0.202838  0.356716 -0.202838 -0.202838 -0.202838 -0.202838 -0.202838 -0.202838  0.356716 -0.202838 -0.202838 -0.202838 -0.202838 -0.202838  0.356716 -0.202838 -0.202838 -0.202838 -0.202838 -0.202838  0.356716 -0.202838 -0.202838 -0.202838 -0.202838 -0.202838  0.356716 -0.202838 -0.202838 -0.202838 -0.202838 -0.202838  0.356716 -0.202838 -0.202838 -0.202838 -0.202838 -0.202838  0.356716 -0.202838 -0.202838 -0.202838 -0.202838 -0.202838 -0.202838  0.356716 -0.202838 -0.202838 -0.202838 -0.202838 -0.202838 -0.202838  0.356716 -0.202838 -0.202838 -0.202838 -0.202838 -0.202838  0.356716 -0.202838 -0.202838 
Shapelet  31   0.624035 -1.600248  0.624035  0.624035  0.624035 -1.600248  0.624035  0.624035  0.624035 -1.600248  0.624035  0.624035 -1.600248  0.624035  0.624035  0.624035 -1.600248  0.624035  0.624035 -1.600248  0.624035  0.624035  0.624035 -1.600248  0.624035  0.624035 -1.600248  0.624035  0.624035  0.624035 -1.600248  0.624035  0.624035  0.624035 -1.600248  0.624035  0.624035 -1.600248  0.624035  0.624035  0.624035 -1.600248  0.624035  0.624035 -1.600248  0.624035  0.624035  0.624035 -1.600248  0.624035  0.624035  0.624035 -1.600248  0.624035  0.624035 -1.600248  0.624035  0.624035  0.624035 -1.600248  0.624035  0.624035  0.624035 -1.600248  0.624035  0.624035 -1.600248  0.624035  0.624035  0.624035 -1.600248  0.624035  0.624035 -1.600248  0.624035  0.624035  0.624035 -1.600248  0.624035  0.624035  0.624035 -1.600248  0.624035  0.624035 -1.600248  0.624035  0.624035  0.624035 -1.600248  0.624035  0.624035  0.624035 -1.600248  0.624035  0.624035 -1.600248  0.624035  0.624035  0.624035 -1.600248  0.624035  0.624035 -1.600248  0.624035  0.624035  0.624035 -1.600248  0.624035  0.624035 -1.600248  0.624035  0.624035  0.624035 -1.600248  0.624035  0.624035  0.624035 -1.600248  0.624035  0.624035  0.624035 -1.600248  0.624035  0.624035 -1.600248  0.624035  0.624035  0.624035 -1.600248  0.624035  0.624035  0.624035 -1.600248  0.624035  0.624035  0.624035 -1.600248  0.624035  0.624035  0.624035 -1.600248  0.624035  0.624035 -1.600248  0.624035  0.624035 -1.600248  0.624035  0.624035  0.624035 -1.600248  0.624035  0.624035  0.624035 -1.600248  0.624035  0.624035 -1.600248  0.624035  0.624035  0.624035 -1.600248  0.624035  0.624035 -1.600248  0.624035  0.624035  0.624035 -1.600248  0.624035  0.624035  0.624035 -1.600248  0.624035  0.624035 -1.600248  0.624035  0.624035  0.624035 -1.600248  0.624035  0.624035 -1.600248  0.624035  0.624035  0.624035 -1.600248  0.624035  0.624035 -1.600248  0.624035  0.624035  0.624035 -1.600248  0.624035  0.624035 -1.600248  0.624035  0.624035  0.624035 -1.600248 


; cmd = ../../ShapeletResearch/Execs/FastShapelet ../../UCRArchive_2018//ScreenType/ScreenType_TRAIN.tsv 3 375 721 10 1 10 10 1 0 10 ../../UCRArchive_2018//ScreenType/tree.txt ../../UCRArchive_2018//ScreenType/time.txt
; time =>  3464.084  80.797 336.774  25.372 2995.548 
