;Shapelet Tree 

;random seed:1551069185, rand()=459043290, rand()=1467639154
;command = ShapeletResearch/Execs/FastShapelet UCRArchive_2018//PickupGestureWiimoteZ/PickupGestureWiimoteZ_TRAIN.tsv 10 50 362 10 1 10 10 0 1 10 UCRArchive_2018//PickupGestureWiimoteZ/tree.txt UCRArchive_2018//PickupGestureWiimoteZ/time.txt 

;Local Class:   0  1  2  3  4  5  6  7  8  9 
;Real  Class:   1  2  3  4  5  6  7  8  9 10 

;Node ID class   obj  pos  len  dist_th 
TreeSize: 136 
NonL  1    --      0  308   17  100000000000000000000.0000 ==>   0   0   0   0   0   5   5   5   5   5  /   5   5   5   5   5   0   0   0   0   0 
NonL  2    --      0  308   17  100000000000000000000.0000 ==>   0   0   0   0   0   5   5   5   5   5  /   5   5   5   5   5   0   0   0   0   0 
NonL  4    --      0  308   17  100000000000000000000.0000 ==>   0   0   0   0   0   5   5   5   5   5  /   5   5   5   5   5   0   0   0   0   0 
NonL  8    --      0  308   17  100000000000000000000.0000 ==>   0   0   0   0   0   5   5   5   5   5  /   5   5   5   5   5   0   0   0   0   0 
NonL 16    --      2   39   58   5.0261 ==>   5   5   0   5   0   5   0   0   5   0  /   0   0   5   0   5   0   5   5   0   5 
NonL 32    --      0  118  193  100000000000000000000.0000 ==>   5   0   0   0   0   5   0   0   5   0  /   0   5   0   5   0   0   0   0   0   0 
NonL 33    --     20   42   87  11.3770 ==>   0   0   0   0   5   0   0   0   0   5  /   0   0   5   0   0   0   5   5   0   0 
NonL 64    --      1   24  193  100000000000000000000.0000 ==>   5   0   0   0   0   5   0   0   5   0  /   0   5   0   5   0   0   0   0   0   0 
NonL 66    --      5   37  109  50000000000000000000.0000 ==>   0   0   0   0   0   0   0   0   0   5  /   0   0   0   0   5   0   0   0   0   0 
NonL 67    --      8   15   54   5.9779 ==>   0   0   5   0   0   0   5   0   0   0  /   0   0   0   0   0   0   0   5   0   0 
Leaf 128     1    
Leaf 132    10    
Leaf 133     5    
Leaf 134     3    
Leaf 135     8    

;Shapelet id   <data>
Shapelet   1   1.038000  1.000000  1.000000  0.962000  0.962000  0.962000  1.038000  1.038000  1.038000  1.038000  1.000000  0.962000  0.962000  0.962000  0.962000  0.962000       nan 
Shapelet   2   1.038000  1.000000  1.000000  0.962000  0.962000  0.962000  1.038000  1.038000  1.038000  1.038000  1.000000  0.962000  0.962000  0.962000  0.962000  0.962000       nan 
Shapelet   4   1.038000  1.000000  1.000000  0.962000  0.962000  0.962000  1.038000  1.038000  1.038000  1.038000  1.000000  0.962000  0.962000  0.962000  0.962000  0.962000       nan 
Shapelet   8   1.038000  1.000000  1.000000  0.962000  0.962000  0.962000  1.038000  1.038000  1.038000  1.038000  1.000000  0.962000  0.962000  0.962000  0.962000  0.962000       nan 
Shapelet  16   1.000000  1.000000  0.962000  0.962000  0.962000  0.962000  0.962000  0.962000  0.962000  0.962000  1.000000  0.962000  0.962000  1.000000  1.000000  1.000000  1.000000  1.000000  0.962000  1.000000  1.000000  1.000000  1.000000  0.962000  1.000000  1.000000  1.000000  1.000000  1.000000  1.000000  1.000000  1.000000  1.000000  1.000000  0.923000  0.923000  1.038000  1.154000  1.385000  1.615000  1.615000  1.615000  1.577000  1.462000  1.538000  1.654000  1.654000  1.615000  1.615000  1.500000  1.346000  1.269000  1.231000  1.038000  1.038000  0.846000  0.885000  0.962000 
Shapelet  32   0.769000  0.615000  0.615000  0.500000  0.462000  0.462000  0.423000  0.423000  0.423000  0.346000  0.308000  0.346000  0.346000  0.346000  0.346000  0.308000  0.346000  0.462000  0.462000  0.500000  0.423000  0.385000  0.462000  0.500000  0.500000  0.500000  0.500000  0.577000  0.654000  0.654000  0.654000  0.654000  0.731000  0.808000  0.885000  1.000000  1.154000  1.154000  1.269000  1.269000  1.269000  1.269000  1.308000  1.385000  1.385000  1.462000  1.462000  1.462000  1.500000  1.577000  1.577000  1.654000  1.654000  1.615000  1.577000  1.577000  1.577000  1.577000  1.462000  1.269000  1.077000  0.923000  0.846000  0.846000  0.808000  0.808000  0.846000  0.885000  0.885000  0.923000  0.962000  1.000000  1.038000  1.077000  1.077000  1.115000  1.154000  1.115000  1.115000  1.038000  1.038000  1.000000  0.962000  0.962000  1.000000  1.000000  1.000000  0.962000  1.000000  1.000000  1.000000  1.000000  1.000000  0.962000  1.000000  1.000000  1.000000  1.000000  1.000000  0.962000  0.962000  0.962000  0.962000  0.962000  0.962000  0.962000  1.000000  1.000000  1.038000  1.000000  1.000000  1.000000  1.000000  1.000000  1.000000  1.000000  0.962000  1.000000  1.000000  1.000000  1.000000  1.000000  1.000000  1.000000  1.000000  1.000000  1.000000  1.000000  1.000000  1.000000  1.000000  0.962000  0.962000  1.000000  0.962000  0.962000  0.962000  1.000000  1.000000  1.000000  1.000000  0.962000  0.962000  0.962000  1.000000  0.962000  0.962000  1.000000  1.000000  1.000000  1.000000  0.962000  0.962000  1.000000  1.000000  1.000000  0.962000  1.000000  0.962000  0.962000  0.962000  1.000000  1.000000  1.000000  1.000000  0.962000  0.962000  0.962000  0.962000  1.000000  1.000000  1.000000  0.962000  0.962000  0.962000  0.962000  0.962000  1.000000  1.000000  1.000000  0.962000  0.962000  0.962000  1.000000  1.038000  1.038000  1.038000  1.038000  1.038000  1.000000  1.038000  1.000000  1.000000 
Shapelet  33   0.269000  0.308000  0.423000  0.538000  0.538000  0.538000  0.462000  0.385000  0.269000  0.192000  0.154000  0.154000  0.231000  0.346000  0.385000  0.423000  0.423000  0.423000  0.269000  0.231000  0.115000  0.154000  0.154000  0.231000  0.269000  0.269000  0.231000  0.115000  0.115000  0.115000  0.115000  0.192000  0.308000  0.423000  0.500000  0.462000  0.462000  0.346000  0.231000  0.115000 -0.038000 -0.077000 -0.115000 -0.077000 -0.077000 -0.077000  0.000000  0.038000  0.038000  0.000000  0.000000 -0.038000 -0.038000 -0.077000 -0.154000  0.000000  0.000000  0.000000  0.077000  0.154000  0.269000  0.308000  0.308000  0.269000  0.231000  0.231000  0.269000  0.269000  0.269000  0.308000  0.385000  0.385000  0.385000  0.385000  0.346000  0.308000  0.192000  0.154000  0.154000  0.231000  0.231000  0.308000  0.346000  0.385000  0.346000  0.346000  0.346000 
Shapelet  64   0.962000  1.000000  1.000000  1.000000  1.000000  1.000000  1.000000  1.000000  0.962000  0.962000  0.962000  0.962000  0.962000  1.000000  1.038000  1.038000  1.000000  1.000000  1.000000  1.038000  1.000000  1.000000  0.962000  0.962000  0.962000  0.962000  0.962000  1.000000  1.000000  0.962000  0.962000  0.962000  1.000000  1.000000  1.038000  1.000000  1.000000  0.962000  0.962000  0.962000  0.962000  0.962000  0.962000  0.962000  0.962000  0.962000  1.000000  1.000000  1.000000  1.000000  1.000000  1.000000  0.962000  0.962000  1.000000  0.962000  0.962000  0.962000  1.000000  1.000000  1.000000  1.000000  1.000000  1.000000  1.000000  1.000000  0.962000  0.962000  1.000000  1.000000  1.000000  1.000000  1.000000  1.000000  1.000000  1.000000  1.000000  1.000000  1.000000  1.000000  0.962000  1.000000  1.000000  0.962000  0.962000  0.962000  1.000000  1.038000  1.000000  1.000000  1.000000  0.962000  1.000000  1.000000  0.962000  1.000000  1.000000  0.962000  0.962000  1.000000  1.000000  1.038000  1.038000  1.038000  1.038000  1.038000  1.385000  1.500000  1.385000  1.385000  1.192000  1.308000  1.423000  1.423000  1.385000  1.385000  1.269000  1.154000  1.154000  1.269000  1.269000  1.269000  1.231000  1.154000  1.154000  1.192000  1.192000  1.077000  1.077000  0.962000  0.885000  0.885000  0.885000  0.885000  0.885000  0.808000  0.731000  0.692000  0.731000  0.769000  0.769000  0.731000  0.538000  0.423000  0.385000  0.462000  0.462000  0.500000  0.423000  0.308000  0.308000  0.462000  0.577000  0.577000  0.577000  0.538000  0.423000  0.346000  0.385000  0.462000  0.462000  0.462000  0.385000  0.346000  0.423000  0.577000  0.692000  0.692000  0.769000  0.731000  0.769000  0.769000  0.769000  0.769000  0.769000  0.808000  0.962000  1.154000  1.308000  1.269000  1.269000  1.192000  1.115000  1.154000  1.192000  1.192000  1.192000  1.192000  1.192000  1.269000  1.385000  1.385000  1.385000 
Shapelet  66   0.269000  0.269000  0.269000  0.269000  0.269000  0.269000  0.308000  0.423000  0.538000  0.538000  0.538000  0.462000  0.385000  0.269000  0.192000  0.154000  0.154000  0.231000  0.346000  0.385000  0.423000  0.423000  0.423000  0.269000  0.231000  0.115000  0.154000  0.154000  0.231000  0.269000  0.269000  0.231000  0.115000  0.115000  0.115000  0.115000  0.192000  0.308000  0.423000  0.500000  0.462000  0.462000  0.346000  0.231000  0.115000 -0.038000 -0.077000 -0.115000 -0.077000 -0.077000 -0.077000  0.000000  0.038000  0.038000  0.000000  0.000000 -0.038000 -0.038000 -0.077000 -0.154000  0.000000  0.000000  0.000000  0.077000  0.154000  0.269000  0.308000  0.308000  0.269000  0.231000  0.231000  0.269000  0.269000  0.269000  0.308000  0.385000  0.385000  0.385000  0.385000  0.346000  0.308000  0.192000  0.154000  0.154000  0.231000  0.231000  0.308000  0.346000  0.385000  0.346000  0.346000  0.346000  0.308000  0.308000  0.346000  0.385000  0.346000  0.346000  0.346000  0.385000  0.346000  0.385000  0.385000  0.385000  0.346000  0.346000  0.308000  0.308000  0.308000 
Shapelet  67   1.000000  1.000000  1.000000  1.000000  1.038000  1.038000  1.346000  1.500000  1.462000  1.462000  1.308000  1.346000  1.385000  1.346000  1.269000  1.269000  1.154000  1.038000  0.923000  0.885000  0.846000  0.846000  0.846000  0.885000  0.846000  0.808000  0.808000  0.808000  0.808000  0.692000  0.615000  0.538000  0.538000  0.577000  0.577000  0.654000  0.692000  0.769000  0.731000  0.654000  0.654000  0.538000  0.500000  0.538000  0.615000  0.769000  0.769000  0.846000  0.923000  0.962000  0.885000  0.808000  0.808000  0.846000 


; cmd = ShapeletResearch/Execs/FastShapelet UCRArchive_2018//PickupGestureWiimoteZ/PickupGestureWiimoteZ_TRAIN.tsv 10 50 362 10 1 10 10 0 1 10 UCRArchive_2018//PickupGestureWiimoteZ/tree.txt UCRArchive_2018//PickupGestureWiimoteZ/time.txt
; time =>  106.007   2.388   7.841   0.688  94.681 
