;Shapelet Tree 

;random seed:1551091178, rand()=539008193, rand()=333074284
;command = ShapeletResearch/Execs/FastShapelet UCRArchive_2018//MixedShapesSmallTrain/MixedShapesSmallTrain_TRAIN.tsv 5 100 1025 10 1 10 10 0 1 10 UCRArchive_2018//MixedShapesSmallTrain/tree.txt UCRArchive_2018//MixedShapesSmallTrain/time.txt 

;Local Class:   0  1  2  3  4 
;Real  Class:   1  2  3  4  5 

;Node ID class   obj  pos  len  dist_th 
TreeSize: 16 
NonL  1    --     81  113  586  19.3774 ==>   5  20   0   1  20  /  15   0  20  19   0 
NonL  2    --      0  377  192   2.4659 ==>   5   0   0   0  20  /   0  20   0   1   0 
NonL  3    --     25  162  633  19.5600 ==>   0   0  20  16   0  /  15   0   0   3   0 
NonL  4    --     18   78  682  20.8574 ==>   0   0   0   0  20  /   5   0   0   0   0 
Leaf  5     2    
NonL  6    --      0  519   65   0.8997 ==>   0   0  20   0   0  /   0   0   0  16   0 
NonL  7    --      6   44  903  33.5123 ==>  15   0   0   0   0  /   0   0   0   3   0 
Leaf  8     5    
Leaf  9     1    
Leaf 12     3    
Leaf 13     4    
Leaf 14     1    
Leaf 15     4    

;Shapelet id   <data>
Shapelet   1   1.910749  1.869859  1.829117  1.788578  1.748206  1.688228  1.610412  1.570337  1.530453  1.490730  1.451168  1.411789  1.372629  1.333636  1.294812  1.256159  1.217754  1.179525  1.141471  1.103596  1.065959  1.028526  0.991277  0.954213  0.917376  0.880774  0.844364  0.796531  0.713093  0.674251  0.638499  0.602950  0.567604  0.532550  0.532367  0.526542  0.492343  0.458423  0.385616  0.326971  0.293524  0.260340  0.227443  0.194775  0.162337  0.130146  0.098281  0.066654  0.035268  0.004123 -0.026683 -0.094840 -0.154481 -0.184737 -0.214671 -0.244301 -0.273670 -0.302777 -0.331581 -0.407053 -0.425623 -0.416139 -0.443770 -0.471010 -0.497969 -0.524645 -0.551036 -0.577039 -0.602726 -0.628119 -0.653218 -0.677949 -0.702318 -0.726384 -0.750146 -0.773564 -0.796571 -0.819265 -0.858587 -0.935996 -0.957780 -0.979238 -1.000371 -1.025745 -1.102105 -1.134801 -1.154628 -1.174114 -1.193188 -1.211834 -1.230132 -1.234126 -1.194711 -1.208165 -1.224743 -1.240966 -1.256830 -1.272186 -1.287168 -1.301786 -1.316038 -1.329813 -1.389395 -1.432068 -1.444791 -1.457069 -1.468865 -1.480280 -1.491311 -1.501935 -1.512024 -1.521724 -1.531035 -1.539956 -1.548334 -1.599677 -1.641015 -1.648257 -1.654991 -1.661253 -1.667112 -1.672568 -1.677560 -1.682028 -1.686090 -1.689746 -1.692983 -1.695644 -1.697898 -1.699743 -1.701180 -1.702064 -1.702503 -1.702533 -1.702155 -1.701271 -1.699894 -1.698108 -1.695915 -1.693265 -1.635501 -1.608885 -1.604922 -1.600557 -1.595613 -1.590269 -1.584525 -1.578383 -1.571713 -1.610393 -1.634180 -1.626200 -1.617740 -1.608792 -1.599449 -1.589713 -1.579549 -1.568858 -1.557779 -1.546313 -1.534460 -1.522066 -1.509279 -1.472465 -1.406912 -1.393009 -1.378680 -1.363982 -1.348916 -1.333420 -1.367695 -1.375823 -1.358995 -1.341786 -1.324083 -1.306026 -1.287615 -1.268854 -1.249611 -1.230003 -1.210052 -1.189760 -1.169040 -1.147925 -1.126477 -1.104698 -1.082542 -1.059966 -1.037066 -1.013847 -0.990299 -0.966306 -0.942002 -0.917387 -0.892465 -0.867130 -0.841468 -0.815506 -0.789248 -0.762625 -0.735652 -0.708391 -0.680843 -0.652978 -0.624741 -0.596228 -0.567438 -0.538375 -0.508923 -0.479204 -0.449221 -0.418974 -0.388384 -0.357507 -0.350050 -0.360834 -0.328922 -0.296706 -0.264246 -0.231544 -0.198580 -0.165295 -0.131777 -0.098027 -0.064047 -0.029745  0.004786  0.039540  0.074514  0.109769  0.145271  0.180985  0.216910  0.253080  0.289510  0.326143  0.362977  0.400023  0.393059  0.414701  0.452632  0.490753  0.529134  0.567710  0.606470  0.645411  0.684580  0.723956  0.763508  0.803233  0.843155  0.883295  0.923603  0.964075  1.004717  1.003400  1.030513  1.071917  1.113477  1.155245  1.165474  1.184518  1.226964  1.269590  1.312389  1.355330  1.398413  1.441651  1.485070  1.528625  1.572315  1.616137  1.660148  1.704288  1.733255  1.738241  1.743977  1.715181  1.676501  1.645455  1.652891  1.621497  1.583768  1.546213  1.508847  1.471720  1.434772  1.398004  1.361418  1.325091  1.288956  1.253009  1.217251  1.181740  1.146451  1.111358  1.076461  1.041799  1.007390  0.973185  0.939185  0.905404  0.871911  0.838630  0.805562  0.772709  0.740156  0.707835  0.675736  0.643859  0.612268  0.580944  0.549851  0.518989  0.488395  0.458107  0.428058  0.398249  0.368689  0.339474  0.310508  0.281790  0.253323  0.225198  0.157552  0.100832  0.073309  0.046110  0.019232 -0.007378 -0.033718 -0.059755 -0.085429 -0.110825 -0.135942 -0.160780 -0.185208 -0.209351 -0.233206 -0.256771 -0.279950 -0.302799 -0.325352 -0.347606 -0.369497 -0.391014 -0.412225 -0.433129 -0.453697 -0.473844 -0.493676 -0.513192 -0.532391 -0.551139 -0.569555 -0.587647 -0.599593 -0.559896 -0.565108 -0.581602 -0.597766 -0.613539 -0.679417 -0.719179 -0.733979 -0.748417 -0.762380 -0.775996 -0.789266 -0.802187 -0.814624 -0.826688 -0.838399 -0.849755 -0.860661 -0.871147 -0.881274 -0.891041 -0.900394 -0.909277 -0.917798 -0.925953 -0.933733 -0.940995 -0.947890 -0.976175 -1.037940 -1.043648 -1.048949 -1.053875 -1.058426 -1.062512 -1.066145 -1.069400 -1.072278 -1.074733 -1.076688 -1.078265 -1.079463 -1.080282 -1.140085 -1.158201 -1.157711 -1.156840 -1.155462 -1.107523 -1.073781 -1.071237 -1.068237 -1.064771 -1.060928 -1.056709 -1.052081 -1.046945 -1.041435 -1.035551 -1.029295 -1.022512 -1.015348 -1.007814 -0.999909 -0.991529 -0.982727 -0.973559 -0.964026 -0.954065 -0.943645 -0.932865 -0.921725 -0.910205 -0.898191 -0.885823 -0.852965 -0.784227 -0.770783 -0.756973 -0.742819 -0.728320 -0.713390 -0.698060 -0.682392 -0.666388 -0.649999 -0.633181 -0.616032 -0.598554 -0.580739 -0.562466 -0.543869 -0.524952 -0.505716 -0.486050 -0.466042 -0.445722 -0.425091 -0.404077 -0.429059 -0.433290 -0.411127 -0.388627 -0.365730 -0.342537 -0.319048 -0.295267 -0.325320 -0.317310 -0.292347 -0.267098 -0.241476 -0.215540 -0.214296 -0.232285 -0.205267 -0.177913 -0.150290 -0.122400 -0.094221 -0.114572 -0.104776 -0.092344 -0.113308 -0.083221 -0.089292 -0.088782 -0.062868 -0.081905 -0.060365 -0.052658 -0.060942 -0.028090 -0.038145 -0.025737 -0.004804 -0.019351  0.013265  0.016752  0.020537  0.054102  0.042534  0.066157  0.082594  0.072623  0.063484  0.092568  0.107114  0.108867  0.147352  0.145711  0.140072  0.147684  0.187454  0.184542  0.210594  0.235364  0.233058  0.231639  0.262808  0.285807  0.285942  0.286882  0.288610  0.312501  0.346865  0.350136  0.354264  0.359038  0.364458  0.370522  0.415851  0.434872  0.442641  0.451046  0.460292  0.470246  0.480830  0.492044  0.504014  0.516756  0.549149  0.589084  0.603220  0.618186  0.633761  0.649945  0.666734  0.684374  0.702629  0.721480  0.740924  0.761131  0.741115  0.736210  0.757944  0.780360  0.803505  0.827221  0.837511  0.809648  0.832888  0.824087  0.815751  0.840350  0.814264  0.827981  0.833237  0.814737  0.844150  0.874199  0.876872  0.864401  0.895897  0.878608  0.888693  0.905851  0.883934  0.916859  0.913842  0.913537  0.945479  0.925402  0.948112  0.959673  0.948658  0.986483  0.977405  0.959386 
Shapelet   2   0.140061  0.148184  0.156790  0.165896  0.177652  0.177567  0.133885  0.095365  0.033371 -0.023821 -0.088979 -0.127270 -0.132718 -0.163743 -0.164429 -0.177490 -0.173366 -0.148916 -0.143697 -0.132168 -0.116223 -0.105160 -0.116774 -0.103510 -0.099717 -0.124129 -0.118894 -0.125714 -0.171613 -0.217325 -0.262845 -0.292348 -0.337386 -0.343381 -0.315340 -0.283445 -0.286206 -0.270759 -0.254713 -0.272123 -0.300069 -0.342128 -0.355600 -0.336942 -0.362670 -0.385677 -0.426062 -0.466198 -0.506069 -0.544087 -0.528830 -0.515364 -0.507517 -0.483684 -0.493063 -0.520828 -0.502099 -0.483820 -0.490730 -0.477523 -0.493133 -0.527491 -0.541915 -0.535899 -0.505806 -0.508063 -0.484132 -0.458357 -0.468493 -0.499484 -0.530120 -0.560417 -0.590350 -0.619937 -0.640361 -0.606030 -0.580396 -0.543913 -0.506946 -0.520823 -0.525785 -0.502325 -0.472402 -0.443038 -0.393254 -0.344872 -0.299643 -0.254146 -0.208384 -0.160639 -0.109749 -0.067758 -0.063175 -0.084972 -0.155277 -0.226513 -0.301542 -0.372550 -0.339526 -0.303361 -0.289207 -0.243995 -0.204245 -0.159850 -0.119070 -0.068766 -0.026445  0.021108  0.070168  0.121478  0.171903  0.214437  0.264450  0.312904  0.306774  0.292893  0.302872  0.327987  0.379068  0.387650  0.375825  0.364415  0.353401  0.342805  0.332608  0.322832  0.313458  0.304509  0.297102  0.311695  0.328692  0.383866  0.442019  0.498885  0.555803  0.612827  0.669973  0.728440  0.784567  0.803430  0.822215  0.817446  0.813062  0.809089  0.805502  0.836729  0.894939  0.918277  0.916157  0.914443  0.913113  0.936247  0.956974  1.016827  1.076926  1.137145  1.177231  1.178329  1.179806  1.181672  1.183916  1.210583  1.233178  1.294624  1.355882  1.417185  1.479734  1.495608  1.517253  1.522017  1.527148  1.532647  1.538512  1.550490  1.614719  1.680371  1.744139  1.807365  1.868969  1.932910  1.997870  2.061029  2.128415  2.172229  2.236686  2.277162  2.286184  2.295538  2.266368  2.212687  2.160289  2.164737 
Shapelet   3  -0.434466 -0.419912 -0.422997 -0.429263 -0.413414 -0.408389 -0.416292 -0.404018 -0.390709 -0.397662 -0.404403 -0.410937 -0.395645 -0.381950 -0.387534 -0.378737 -0.358730 -0.361231 -0.359073 -0.337960 -0.332121 -0.335838 -0.339140 -0.334200 -0.311554 -0.305631 -0.308002 -0.309952 -0.311742 -0.313260 -0.314465 -0.315519 -0.316171 -0.316638 -0.316856 -0.316736 -0.316464 -0.315813 -0.327158 -0.351674 -0.354621 -0.357563 -0.381119 -0.404397 -0.427427 -0.449971 -0.473133 -0.498560 -0.521888 -0.543715 -0.568826 -0.594166 -0.619497 -0.644821 -0.670141 -0.699277 -0.727173 -0.752546 -0.777911 -0.803416 -0.832353 -0.859911 -0.885327 -0.913095 -0.941638 -0.969774 -0.997695 -1.025346 -1.052582 -1.079628 -1.106193 -1.119699 -1.120019 -1.141544 -1.166713 -1.191329 -1.215535 -1.239406 -1.262553 -1.278986 -1.275807 -1.287474 -1.308879 -1.329366 -1.349494 -1.368906 -1.387596 -1.405701 -1.398406 -1.399552 -1.415762 -1.437586 -1.462229 -1.494975 -1.517511 -1.525491 -1.532882 -1.542848 -1.574161 -1.593599 -1.599395 -1.604493 -1.613536 -1.642971 -1.658852 -1.662147 -1.664632 -1.672439 -1.699478 -1.711342 -1.711834 -1.711418 -1.710656 -1.709180 -1.723000 -1.746007 -1.743095 -1.739219 -1.734678 -1.746363 -1.764999 -1.758298 -1.751239 -1.743594 -1.735282 -1.728591 -1.742745 -1.746157 -1.735513 -1.724226 -1.712659 -1.700419 -1.698406 -1.707196 -1.696814 -1.682584 -1.667821 -1.652726 -1.637346 -1.638955 -1.637666 -1.620722 -1.603483 -1.586040 -1.550856 -1.520013 -1.502097 -1.472339 -1.436085 -1.399831 -1.363577 -1.327323 -1.303613 -1.285292 -1.266645 -1.240949 -1.204721 -1.181495 -1.162527 -1.143296 -1.123938 -1.104430 -1.084711 -1.067351 -1.063007 -1.050446 -1.029901 -1.021791 -1.019993 -1.034282 -1.048332 -1.062194 -1.075651 -1.094768 -1.129901 -1.164985 -1.200036 -1.191587 -1.181156 -1.169892 -1.150724 -1.127601 -1.104363 -1.081084 -1.057736 -1.034314 -1.010856 -0.987309 -0.963724 -0.940087 -0.916384 -0.892652 -0.868850 -0.845013 -0.821136 -0.797201 -0.773242 -0.749228 -0.720456 -0.687434 -0.662370 -0.636299 -0.603211 -0.575445 -0.551512 -0.518987 -0.488460 -0.464564 -0.434762 -0.401558 -0.377560 -0.350537 -0.317283 -0.290508 -0.266310 -0.233010 -0.199659 -0.166231 -0.139996 -0.115384 -0.081919 -0.048404 -0.014824  0.010842  0.035903  0.069511  0.098152  0.121743  0.153842  0.187497  0.221232  0.249345  0.272844  0.305576  0.339354  0.373200  0.400763  0.424175  0.457550  0.488228  0.511627  0.541894  0.575705  0.599092  0.626234  0.660128  0.686569  0.710571  0.744479  0.774057  0.797420  0.828825  0.862754  0.896748  0.925779  0.949072  0.981092  1.013318  1.036602  1.059912  1.083244  1.115799  1.147427  1.170751  1.200142  1.234109  1.258265  1.284482  1.318460  1.345787  1.369093  1.392443  1.415808  1.439202  1.462625  1.486063  1.509540  1.533033  1.556550  1.580096  1.603655  1.627250  1.650860  1.674491  1.690554  1.704569  1.718937  1.721876  1.712665  1.703630  1.694668  1.685878  1.677204  1.668627  1.638680  1.611916  1.603699  1.581204  1.548827  1.539560  1.524601  1.492482  1.476246  1.468787  1.437059  1.413794  1.406734  1.382594  1.352241  1.345595  1.329124  1.297876  1.266730  1.238164  1.232136  1.214911  1.184137  1.153487  1.122893  1.092433  1.074765  1.069603  1.043096  1.013055  0.983155  0.953360  0.923646  0.917132  0.906378  0.877097  0.847942  0.818868  0.790002  0.761215  0.732582  0.704104  0.675708  0.647552  0.619489  0.591587  0.582233  0.580179  0.578420  0.576796  0.575356  0.593923  0.618462  0.643299  0.656155  0.655686  0.676611  0.702144  0.727932  0.740382  0.740840  0.764049  0.790495  0.817157  0.829140  0.830479  0.855898  0.875979  0.877889  0.896139  0.923870  0.926742  0.937834  0.966059  0.976982  0.980938  1.009631  1.028557  1.032084  1.054540  1.081413  1.085447  1.089600  1.093904  1.118391  1.144587  1.149377  1.154298  1.159352  1.185810  1.211299  1.216817  1.222476  1.228250  1.256620  1.281376  1.287593  1.293960  1.300425  1.307125  1.313910  1.320866  1.327980  1.335061  1.318014  1.301114  1.284480  1.268144  1.251465  1.227213  1.202973  1.178749  1.154548  1.130357  1.106193  1.078084  1.045383  1.019603  0.995419  0.971261  0.942695  0.909985  0.884660  0.860483  0.836331  0.807308  0.774586  0.749719  0.723243  0.690574  0.663163  0.638955  0.606571  0.573997  0.541506  0.514540  0.490027  0.457601  0.425225  0.392935  0.360748  0.328611  0.296613  0.264683  0.232842  0.206650  0.181100  0.149357  0.117699  0.086131  0.054717  0.024555 -0.000234 -0.028492 -0.059750 -0.090826 -0.121826 -0.152659 -0.183357 -0.213959 -0.244332 -0.274614 -0.304712 -0.334634 -0.364456 -0.393989 -0.422063 -0.447368 -0.475438 -0.504533 -0.529887 -0.556692 -0.585694 -0.612000 -0.637731 -0.666429 -0.692142 -0.714220 -0.715483 -0.711527 -0.707146 -0.702514 -0.697635 -0.692335 -0.686864 -0.681007 -0.688679 -0.707104 -0.731251 -0.754096 -0.771566 -0.788530 -0.805170 -0.829166 -0.850725 -0.866267 -0.887415 -0.911267 -0.925616 -0.939604 -0.952967 -0.973470 -0.996032 -1.008033 -1.019581 -1.030496 -1.040551 -1.051829 -1.073893 -1.089414 -1.097611 -1.104812 -1.114222 -1.135147 -1.147827 -1.153044 -1.157135 -1.164614 -1.184170 -1.193583 -1.195594 -1.196360 -1.196655 -1.195984 -1.206632 -1.223892 -1.221519 -1.218341 -1.214263 -1.209274 -1.203817 -1.197097 -1.198317 -1.212145 -1.209291 -1.200388 -1.190341 -1.179760 -1.168496 -1.156302 -1.143701 -1.130127 -1.116016 -1.101353 -1.085809 -1.069908 -1.053203 -1.035979 -1.018323 -0.999854 -0.981078 -0.961654 -0.938827 -0.913724 -0.893118 -0.872522 -0.851399 -0.829810 -0.807960 -0.782527 -0.758103 -0.735521 -0.712498 -0.689157 -0.663602 -0.638746 -0.614909 -0.590656 -0.566135 -0.540518 -0.515222 -0.490302 -0.464991 -0.439550 -0.413915 -0.388166 -0.362309 -0.336084 -0.309713 -0.283025 -0.270618 -0.269125 -0.267243 -0.265212 -0.262872 -0.260271 -0.257510 -0.279013 -0.302262 -0.327661 -0.350510 -0.372209 -0.397526 -0.422838 -0.448142 -0.473439 -0.498381 -0.519139 -0.541792 -0.566974 -0.592144 -0.616619 -0.636498 -0.658855 -0.683880 -0.708885 -0.732762 -0.751644 -0.773702 -0.798524 -0.823316 -0.846437 -0.864183 -0.885935 -0.910497 -0.935014 -0.957190 -0.973636 -0.995070 -1.019298 -1.034600 -1.052799 -1.076685 -1.093639 -1.107968 -1.131446 -1.150552 -1.162993 -1.183319 -1.205121 -1.215972 -1.232023 -1.254448 -1.266226 -1.275145 -1.282933 -1.279542 -1.265080 -1.232473 
Shapelet   4  -0.410595 -0.431237 -0.451878 -0.471990 -0.491799 -0.511571 -0.530532 -0.549492 -0.568063 -0.586159 -0.604255 -0.621596 -0.638813 -0.655792 -0.672114 -0.688436 -0.704146 -0.719559 -0.734897 -0.749387 -0.763877 -0.751838 -0.712032 -0.672226 -0.679193 -0.691576 -0.703672 -0.715109 -0.726547 -0.737303 -0.747784 -0.758150 -0.767664 -0.777178 -0.786178 -0.794716 -0.803254 -0.810873 -0.818427 -0.844292 -0.905425 -0.966557 -0.986126 -0.991794 -0.997301 -1.001947 -1.006592 -1.010658 -1.014276 -1.017894 -1.020510 -1.023097 -1.025292 -1.026845 -1.028399 -0.985902 -0.931508 -0.887618 -0.887109 -0.886601 -0.885480 -0.883956 -0.882421 -0.879881 -0.877342 -0.874380 -0.870828 -0.867276 -0.862893 -0.858333 -0.853539 -0.847975 -0.842411 -0.836208 -0.829645 -0.823036 -0.815482 -0.807928 -0.799925 -0.791387 -0.782849 -0.773468 -0.763954 -0.754179 -0.743698 -0.733217 -0.722087 -0.710650 -0.699131 -0.686748 -0.674365 -0.661520 -0.648202 -0.634885 -0.620736 -0.606496 -0.591975 -0.576825 -0.561676 -0.545884 -0.529838 -0.513683 -0.496755 -0.479826 -0.462436 -0.444640 -0.426843 -0.408245 -0.389595 -0.370654 -0.351166 -0.331677 -0.311567 -0.291255 -0.270813 -0.249693 -0.228574 -0.207003 -0.185092 -0.163180 -0.140511 -0.117823 -0.094844 -0.071396 -0.047949 -0.023912  0.000279  0.024615  0.049534  0.074453  0.099804  0.125434  0.151074  0.177400  0.203725  0.230338  0.257343  0.284348  0.311903  0.339571  0.367394  0.395709  0.424025  0.452748  0.481695  0.510676  0.540239  0.569803  0.599643  0.629808  0.659972  0.690646  0.721396  0.752304  0.783625  0.814946  0.846647  0.878525  0.910452  0.942871  0.975290  1.007972  1.040919  1.073866  1.107279  1.140739  1.174357  1.208318  1.242278  1.276590  1.311038  1.345547  1.380468  1.415390  1.450559  1.485941  1.521324  1.557130  1.592961  1.628945  1.665213  1.701481  1.707315  1.703513  1.699965  1.697682  1.695399  1.671787  1.632389  1.592991  1.553963  1.514942  1.476072  1.437440  1.398807  1.360493  1.322260  1.284112  1.246292  1.208471  1.170911  1.133516  1.096129  1.059172  1.022214  0.985449  0.948942  0.912436  0.876317  0.840275  0.804350  0.768786  0.733223  0.697980  0.662910  0.627869  0.593307  0.558745  0.524426  0.490386  0.456347  0.422778  0.389277  0.355931  0.322985  0.290038  0.226903  0.150118  0.077620  0.045404  0.013188 -0.018724 -0.050336 -0.081949 -0.112995 -0.143985 -0.174772 -0.205124 -0.235475 -0.265348 -0.295042 -0.324644 -0.353662 -0.382679 -0.411319 -0.439641 -0.467963 -0.495607 -0.523215 -0.550561 -0.577435 -0.604309 -0.630608 -0.656729 -0.682717 -0.708066 -0.733415 -0.758304 -0.782861 -0.807418 -0.831173 -0.854918 -0.858517 -0.831252 -0.803986 -0.816010 -0.837701 -0.859212 -0.880042 -0.900873 -0.889412 -0.857969 -0.827795 -0.846520 -0.865245 -0.883578 -0.901400 -0.919222 -0.980269 -1.049519 -1.105622 -1.121881 -1.138140 -1.153766 -1.169060 -1.184292 -1.198605 -1.212918 -1.226762 -1.240080 -1.253398 -1.265828 -1.278136 -1.290151 -1.301436 -1.312721 -1.323288 -1.333537 -1.343681 -1.352884 -1.362086 -1.398418 -1.460935 -1.523452 -1.535292 -1.542513 -1.549378 -1.555503 -1.561628 -1.566946 -1.571967 -1.584466 -1.643186 -1.701905 -1.730077 -1.732933 -1.735789 -1.737556 -1.739271 -1.740572 -1.741144 -1.741716 -1.741408 -1.740836 -1.740061 -1.738346 -1.736631 -1.734249 -1.731393 -1.728537 -1.724552 -1.720559 -1.716113 -1.710988 -1.705862 -1.699828 -1.693577 -1.687086 -1.679717 -1.672349 -1.664290 -1.655814 -1.647304 -1.637729 -1.628154 -1.618104 -1.607443 -1.596783 -1.585214 -1.573480 -1.561478 -1.548685 -1.535891 -1.522408 -1.508570 -1.494662 -1.479795 -1.464928 -1.424612 -1.356272 -1.287933 -1.265343 -1.248782 -1.231941 -1.214418 -1.196894 -1.178711 -1.160243 -1.141676 -1.122281 -1.102885 -1.083024 -1.062720 -1.042417 -1.067730 -1.096929 -1.109130 -1.086684 -1.064237 -1.041158 -1.017852 -0.994425 -0.970280 -0.946135 -0.894601 -0.820828 -0.747056 -0.719746 -0.694397 -0.668764 -0.642643 -0.616522 -0.589817 -0.562943 -0.535935 -0.508328 -0.480720 -0.452691 -0.424369 -0.396047 -0.367032 -0.338014 -0.308723 -0.279030 -0.249336 -0.219108 -0.188757 -0.158265 -0.127274 -0.096283 -0.064902 -0.033290 -0.001656  0.030560  0.062776  0.095252  0.128055  0.160858  0.194145  0.227518  0.261033  0.294958  0.328884  0.363166  0.397629  0.432129  0.467112  0.502095  0.537322  0.572811  0.608299  0.607713  0.602604  0.609930  0.646805  0.683679  0.692820  0.690289  0.692294  0.730488  0.768682  0.787053  0.787053  0.787053  0.823604  0.863050  0.890142  0.892619  0.895096  0.898795  0.902920  0.907290  0.913056  0.918823  0.901799  0.866645  0.831492  0.838254  0.846556  0.855466  0.865404  0.875341  0.851943  0.819130  0.794804  0.807300  0.819796  0.833252  0.847363  0.861360  0.830997  0.800634  0.789560  0.806228  0.822897  0.802384  0.773581  0.755601  0.774828  0.794055  0.814267  0.835050  0.853931  0.827724  0.801517  0.797496  0.820800  0.844105  0.826454  0.801897  0.777517  0.753633  0.729749  0.739872  0.766679  0.789641  0.767456  0.745271  0.723429  0.701951  0.680474  0.659639  0.638881  0.633807  0.665109  0.696412  0.692055  0.673053  0.654137  0.635884  0.617631  0.627142  0.661870  0.696598  0.683624  0.667149  0.650937  0.635236  0.619535  0.643993  0.682064  0.712107  0.698195  0.684283  0.670817  0.657698  0.644580  0.684234  0.725543  0.746994  0.735660  0.724327  0.755996  0.799456  0.832714  0.823147  0.813581  0.804500  0.795744  0.787406  0.833866  0.880327  0.904585  0.897571  0.890557  0.929146  0.977556  1.013593  1.008290  1.002988  1.033139  1.083409  1.131223  1.127597  1.123971  1.145570  1.197607  1.249644  1.255179  1.253191  1.266150  1.319863  1.373577  1.427835  1.482355  1.532353  1.532740  1.533126  1.560852  1.616903  1.672953  1.680342  1.682247  1.684386  1.687052  1.689718  1.692926  1.696352  1.699869  1.704051  1.708234  1.683899  1.634185  1.584471  1.535619  1.486825  1.457110  1.463729  1.470348  1.436675  1.389707  1.351548  1.359809  1.368070  1.346092  1.301031  1.255969  1.211949  1.167955  1.124384  1.081495  1.038607  0.996623  0.954879  0.923893  0.936630  0.949367  0.930444  0.890855  0.851951  0.866434  0.880917  0.895722  0.910971  0.926219  0.898734  0.862362  0.838555  0.855546  0.872537  0.856699  0.822637  0.791248  0.809980  0.828712  0.847779  0.867241  0.886703  0.862742  0.832053  0.815545  0.836723  0.857902  0.879558  0.901437  0.923378  0.945945  0.968513  0.966845  0.940572  0.914298  0.933667  0.957895  0.982327  1.007210  1.032093  1.057437  1.082962  1.102487  1.080620  1.058752  1.063049  1.090162  1.117274  1.100579  1.081175  1.078565  1.107231  1.135898  1.130049  1.113118  1.103939  1.134119  1.164300  1.168941  1.154485  1.140029  1.127100  1.114203  1.118914  1.151473  1.184033  1.217002  1.250076  1.274521  1.264987  1.255453  1.272753  1.307201  1.340912  1.333811  1.326709 
Shapelet   6   1.820096  1.845407  1.869857  1.895847  1.919045  1.921471  1.939970  1.949168  1.963930  1.966833  1.977461  2.004306  2.030767  2.055839  2.066458  2.069966  2.073590  2.058347  2.036078  2.013975  1.990394  1.968601  1.946182  1.922628  1.901345  1.878583  1.855057  1.831535  1.808018  1.786549  1.764200  1.740714  1.717232  1.693755  1.670283  1.649892  1.626737  1.603300  1.579868  1.556441  1.535880  1.513159  1.489771  1.466389  1.443013  1.419644  1.396280  1.372925  1.349575  1.326232  1.302897  1.279568  1.256247  1.232934  1.209627  1.186329  1.163039  1.139756  1.116482  1.093215  1.069958  1.046709  1.023469  1.000239  0.977016 
Shapelet   7   0.926258  0.931234  0.931771  0.913667  0.895861  0.848178  0.820227  0.772866  0.730363  0.713789  0.670444  0.642576  0.626868  0.649270  0.653086  0.657206  0.661638  0.660487  0.652582  0.609922  0.565056  0.520370  0.501740  0.554504  0.584889  0.610453  0.598819  0.588694  0.545462  0.502204  0.459541  0.419587  0.377842  0.338123  0.313628  0.364760  0.385007  0.413648  0.424041  0.434745  0.427309  0.401633  0.360685  0.325470  0.285915  0.289245  0.283795  0.296936  0.310383  0.324130  0.299347  0.274521  0.289184  0.294031  0.299202  0.262725  0.232780  0.196946  0.192375  0.191528  0.157749  0.147684  0.138078  0.102837  0.083718  0.059843  0.029255  0.029233  0.006703 -0.021789 -0.056876 -0.088175 -0.127384 -0.135975 -0.120760 -0.109465 -0.095698 -0.125032 -0.117910 -0.111445 -0.100439 -0.131229 -0.155815 -0.182945 -0.209720 -0.245891 -0.281906 -0.254495 -0.228850 -0.202951 -0.202555 -0.223211 -0.221031 -0.244719 -0.257182 -0.281991 -0.310565 -0.338850 -0.343656 -0.356640 -0.372400 -0.387611 -0.412587 -0.440201 -0.463023 -0.491530 -0.494499 -0.463094 -0.438633 -0.414800 -0.431566 -0.447889 -0.463746 -0.479140 -0.492443 -0.489382 -0.468925 -0.482419 -0.495458 -0.508005 -0.493290 -0.478107 -0.489223 -0.473109 -0.483260 -0.493842 -0.516535 -0.525339 -0.529993 -0.546057 -0.561735 -0.550469 -0.523758 -0.511664 -0.507264 -0.487187 -0.491725 -0.460467 -0.431671 -0.427294 -0.423306 -0.433557 -0.445379 -0.455814 -0.453803 -0.443199 -0.452258 -0.460904 -0.452761 -0.460508 -0.448079 -0.414748 -0.409089 -0.405795 -0.418833 -0.414632 -0.418411 -0.421773 -0.426843 -0.427213 -0.433610 -0.411248 -0.366885 -0.330065 -0.317927 -0.292081 -0.283199 -0.273832 -0.281664 -0.285814 -0.285132 -0.301862 -0.300408 -0.279135 -0.239306 -0.224377 -0.188889 -0.148417 -0.128543 -0.098548 -0.083963 -0.050683 -0.037459 -0.037534 -0.044130 -0.022807  0.005869  0.013093  0.020710  0.048376  0.074177  0.086474  0.110786  0.126202  0.130339  0.148853  0.188784  0.199905  0.211381  0.204459  0.216642  0.229184  0.242087  0.272995  0.306648  0.321811  0.334972  0.349652  0.359956  0.361143  0.376839  0.392879  0.390318  0.407024  0.405116  0.422476  0.421217  0.439227  0.438615  0.457267  0.457299  0.476590  0.477259  0.497186  0.498486  0.500104  0.502037  0.504293  0.506856  0.509748  0.512948  0.516469  0.501417  0.505575  0.491189  0.495987  0.482271  0.468888  0.444106  0.420857  0.412057  0.400087  0.388465  0.377203  0.366288  0.355743  0.345547  0.354341  0.358797  0.354285  0.364041  0.374100  0.384478  0.395154  0.387703  0.380610  0.373886  0.385875  0.398164  0.392476  0.405395  0.400408  0.395782  0.391530  0.383123  0.351410  0.344965  0.342274  0.339964  0.336904  0.325320  0.296383  0.261275  0.238791  0.223430  0.214037  0.180311  0.154277  0.130970  0.133130  0.118410  0.121395  0.124767  0.129587  0.132660  0.136119  0.114649  0.110577  0.090238  0.070515  0.051406  0.023576  0.005561 -0.011794  0.003926  0.014918  0.004159  0.001970  0.012221  0.022844  0.041740  0.059933  0.062828  0.081707  0.069985  0.074258  0.092336  0.105991  0.120000  0.119355  0.117383  0.119674  0.131680  0.151383  0.162313  0.184480  0.194368  0.203774  0.213639  0.197168  0.171528  0.165494  0.163303  0.161790  0.160924  0.174133  0.160956  0.138865  0.105120  0.096472  0.116464  0.140018  0.175029  0.198305  0.226618  0.255935  0.260676  0.251611  0.257534  0.276121  0.295089  0.294338  0.295979  0.304761  0.325558  0.323084  0.309607  0.281099  0.275986  0.298646  0.295350  0.292489  0.305877  0.330218  0.344702  0.359818  0.375531  0.375638  0.392487  0.382273  0.374464  0.350504  0.366170  0.385514  0.409890  0.433663  0.428253  0.427971  0.456652  0.487235  0.509970  0.541282  0.564984  0.544943  0.525157  0.523019  0.525606  0.558832  0.592347  0.619054  0.653236  0.687674  0.697952  0.708630  0.737539  0.743497  0.743117  0.773382  0.768125  0.771090  0.794738  0.826762  0.859256  0.877424  0.882317  0.869279  0.856531  0.844058  0.831876  0.841812  0.885258  0.927965  0.975179  1.018042  1.056758  1.074957  1.072665  1.062569  1.029541  0.972351  1.003735  1.023851  1.016348  1.009127  1.048946  1.066920  1.059478  1.071076  1.099417  1.132810  1.145397  1.187714  1.228025  1.254561  1.293203  1.288552  1.284188  1.280104  1.276314  1.272802  1.238853  1.190976  1.155188  1.104291  1.105727  1.152442  1.161576  1.160360  1.178375  1.177741  1.201082  1.249587  1.298381  1.347217  1.386991  1.427034  1.464989  1.489003  1.539327  1.565061  1.567402  1.570025  1.591830  1.605636  1.656133  1.707150  1.758849  1.776991  1.800109  1.804608  1.781106  1.737748  1.692856  1.650178  1.640750  1.646882  1.688491  1.735015  1.760644  1.815796  1.850068  1.876377  1.884221  1.873650  1.882035  1.890673  1.899579  1.908735  1.918155  1.887234  1.845776  1.808519  1.771641  1.735159  1.717486  1.728920  1.722225  1.734195  1.764746  1.758896  1.746509  1.712791  1.679502  1.640889  1.603171  1.569840  1.527682  1.488464  1.447246  1.401750  1.355559  1.315311  1.269209  1.229158  1.183148  1.142151  1.097384  1.051500  1.005650  0.959438  0.907736  0.861946  0.809848  0.764089  0.718365  0.669866  0.620568  0.574913  0.529293  0.479218  0.431596  0.386050  0.340544  0.295077  0.242956  0.197528  0.145406  0.100019  0.047896  0.002551 -0.042751 -0.088007 -0.140132 -0.185342 -0.237467 -0.282630 -0.327745 -0.372810 -0.417825 -0.462789 -0.507699 -0.552558 -0.597360 -0.642107 -0.686797 -0.738896 -0.776000 -0.817168 -0.857278 -0.889401 -0.929129 -0.911874 -0.863382 -0.806851 -0.758349 -0.701823 -0.653313 -0.597293 -0.548274 -0.491757 -0.435232 -0.386718 -0.337192 -0.281677 -0.233140 -0.176633 -0.128089 -0.071587 -0.023035  0.027017  0.079052  0.130595  0.179186  0.227791  0.279349  0.332866  0.383447  0.445793  0.495115  0.549465  0.596797  0.634632  0.636343  0.613990  0.583685  0.555296  0.520741  0.485844  0.490688  0.495897  0.470864  0.439316  0.413855  0.384068  0.366541  0.335629  0.303751  0.277693  0.260758  0.226627  0.191399  0.166663  0.148834  0.118967  0.089363  0.060020  0.030948  0.004205 -0.015315 -0.039963 -0.050124 -0.071079 -0.080048 -0.106659 -0.132978 -0.170887 -0.196701 -0.222209 -0.247405 -0.272291 -0.278252 -0.296099 -0.319819 -0.343215 -0.366278 -0.397882 -0.424416 -0.446562 -0.481557 -0.503108 -0.537672 -0.558616 -0.592736 -0.615607 -0.646722 -0.666412 -0.692655 -0.718641 -0.751348 -0.769719 -0.801930 -0.819619 -0.851320 -0.868312 -0.899488 -0.915769 -0.946400 -0.976788 -1.006936 -1.024661 -1.051430 -1.066545 -1.086949 -1.092634 -1.111279 -1.117919 -1.145532 -1.157159 -1.184141 -1.210833 -1.237243 -1.263348 -1.289164 -1.314672 -1.339877 -1.364772 -1.389349 -1.413613 -1.437546 -1.461161 -1.484435 -1.507379 -1.529980 -1.552238 -1.574149 -1.588248 -1.599818 -1.620581 -1.640989 -1.661020 -1.680681 -1.699965 -1.718863 -1.737382 -1.755499 -1.773233 -1.790557 -1.807486 -1.824005 -1.840113 -1.855810 -1.871080 -1.885941 -1.900359 -1.914360 -1.927919 -1.941045 -1.953731 -1.965969 -1.977768 -1.989104 -2.000000 -2.010427 -2.020402 -2.029912 -2.038956 -2.047537 -2.055640 -2.063284 -2.070435 -2.077123 -2.083324 -2.089048 -2.094291 -2.099045 -2.103323 -2.107101 -2.110406 -2.113207 -2.115529 -2.117355 -2.118691 -2.119541 -2.119890 -2.119761 -2.119122 -2.118006 -2.116389 -2.114287 -2.111695 -2.108610 -2.105045 -2.100980 -2.096443 -2.091407 -2.085898 -2.079903 -2.073429 -2.066482 -2.059050 -2.051159 -2.042778 -2.033943 -2.024633 -2.014863 -2.004634 -1.993942 -1.982804 -1.971201 -1.959163 -1.946667 -1.933737 -1.920365 -1.906558 -1.892323 -1.877653 -1.862571 -1.847053 -1.831130 -1.814787 -1.798040 -1.780888 -1.763332 -1.745387 -1.727038 -1.708313 -1.689193 -1.669700 -1.649828 -1.629585 -1.608978 -1.588002 -1.566677 -1.544985 -1.522953 -1.500568 -1.477845 -1.441263 -1.414812 -1.406639 -1.383620 -1.375604 -1.350843 -1.325777 -1.300399 -1.274718 -1.248740 -1.238350 -1.211714 -1.200501 -1.173216 -1.161199 -1.133282 -1.120475 -1.107225 -1.093544 -1.071871 -1.049887 -1.020093 -0.990055 -0.959771 -0.929246 -0.898486 -0.882026 -0.850730 -0.833563 -0.816005 -0.798049 -0.779705 -0.758352 -0.733189 -0.721504 -0.695657 -0.682252 -0.656585 -0.627309 -0.606071 -0.584475 -0.560889 -0.540224 -0.517580 -0.488993 -0.460170 -0.443657 -0.414238 -0.396941 -0.366941 -0.337478 -0.312286 -0.286783 -0.256501 -0.234844 -0.205491 -0.173718 -0.153232 -0.143662 -0.111013 -0.083023 -0.056130 -0.044620 -0.021698 -0.009020  0.025323  0.049402  0.084199  0.119796  0.150486  0.169496  0.202651  0.231108  0.257422  0.274512  0.301636  0.329127  0.354870  0.331340  0.308058  0.285027  0.262254  0.239733  0.209042  0.152323  0.087004  0.031910 -0.017813 -0.063205 -0.115058 -0.166906 -0.218751 -0.270590 -0.313688 -0.356709 -0.408506 -0.458638 -0.503198 -0.554406 -0.597761 -0.649498 -0.701226 -0.754642 -0.811441 -0.865420 -0.916010 -0.963749 -1.029613 -1.086412 -1.142083 -1.190976 -1.238709 -1.295519 -1.352328 -1.409136 -1.474978 -1.529688 -1.495254 -1.453953 -1.417987 -1.386051 -1.348513 -1.305009 -1.261426 -1.209475 -1.164764 


; cmd = ShapeletResearch/Execs/FastShapelet UCRArchive_2018//MixedShapesSmallTrain/MixedShapesSmallTrain_TRAIN.tsv 5 100 1025 10 1 10 10 0 1 10 UCRArchive_2018//MixedShapesSmallTrain/tree.txt UCRArchive_2018//MixedShapesSmallTrain/time.txt
; time =>  2304.646  26.344  85.416   7.675 2176.399 
