;Shapelet Tree 

;random seed:1551070459, rand()=609424448, rand()=984609538
;command = ShapeletResearch/Execs/FastShapelet UCRArchive_2018//InsectWingbeatSound/InsectWingbeatSound_TRAIN.tsv 11 220 257 10 1 10 10 0 1 10 UCRArchive_2018//InsectWingbeatSound/tree.txt UCRArchive_2018//InsectWingbeatSound/time.txt 

;Local Class:   0  1  2  3  4  5  6  7  8  9 10 
;Real  Class:   7  5  9  2  8  6 10  1  3  4 11 

;Node ID class   obj  pos  len  dist_th 
TreeSize: 240 
NonL  1    --    118    8  172  14.7744 ==>  19  20  20   1   3   1   0  20   0   0   0  /   1   0   0  19  17  19  20   0  20  20  20 
NonL  2    --      0    5  247  20.4051 ==>  19  20  17   1   3   0   0   0   0   0   0  /   0   0   3   0   0   1   0  20   0   0   0 
NonL  3    --      3    8  244  16.2481 ==>   0   0   0  19   0   0  19   0   0   1  20  /   1   0   0   0  17  19   1   0  20  19   0 
NonL  4    --     14    0  252  15.8350 ==>  15   2   1   0   2   0   0   0   0   0   0  /   4  18  16   1   1   0   0   0   0   0   0 
NonL  5    --      1  201   43   1.2887 ==>   0   0   0   0   0   1   0  20   0   0   0  /   0   0   3   0   0   0   0   0   0   0   0 
NonL  6    --     17   26  207   9.2005 ==>   0   0   0   1   0   0   0   0   0   0  19  /   0   0   0  18   0   0  19   0   0   1   1 
NonL  7    --      3    0  247  20.8103 ==>   1   0   0   0  17  13   1   0  20   2   0  /   0   0   0   0   0   6   0   0   0  17   0 
NonL  8    --      0    4   58   0.9762 ==>  14   0   1   0   0   0   0   0   0   0   0  /   1   2   0   0   2   0   0   0   0   0   0 
NonL  9    --     29   89   55   1.7570 ==>   4   2  13   0   0   0   0   0   0   0   0  /   0  16   3   1   1   0   0   0   0   0   0 
Leaf 10     1    
Leaf 11     9    
Leaf 12    11    
NonL 13    --      3    0  237  13.1494 ==>   0   0   0   7   0   0  19   0   0   1   0  /   0   0   0  11   0   0   0   0   0   0   1 
NonL 14    --     36   41  102   6.4005 ==>   0   0   0   0   5  11   0   0  20   1   0  /   1   0   0   0  12   2   1   0   0   1   0 
NonL 15    --      0   70   12   0.1523 ==>   0   0   0   0   0   4   0   0   0   0   0  /   0   0   0   0   0   2   0   0   0  17   0 
Leaf 16     7    
NonL 17    --      0   67   57   3.6955 ==>   0   2   0   0   0   0   0   0   0   0   0  /   1   0   0   0   2   0   0   0   0   0   0 
NonL 18    --      0  182   43   1.0919 ==>   4   0  13   0   0   0   0   0   0   0   0  /   0   2   0   0   0   0   0   0   0   0   0 
NonL 19    --      4   76   42   0.3274 ==>   0   0   3   1   0   0   0   0   0   0   0  /   0  16   0   0   1   0   0   0   0   0   0 
NonL 26    --      0   46   23   0.4761 ==>   0   0   0   5   0   0   0   0   0   1   0  /   0   0   0   2   0   0  19   0   0   0   0 
Leaf 27     2    
NonL 28    --      0   67   32   0.5425 ==>   0   0   0   0   3   0   0   0  14   0   0  /   0   0   0   0   2  11   0   0   6   1   0 
NonL 29    --      2  125   91   3.2841 ==>   1   0   0   0  12   0   0   0   0   0   0  /   0   0   0   0   0   2   1   0   0   1   0 
Leaf 30     6    
NonL 31    --     10    0  255   5.0719 ==>   0   0   0   0   0   2   0   0   0   0   0  /   0   0   0   0   0   0   0   0   0  17   0 
Leaf 34     5    
NonL 35    --      1    0  255   5.1474 ==>   1   0   0   0   0   0   0   0   0   0   0  /   0   0   0   0   2   0   0   0   0   0   0 
NonL 36    --      0   31   15   0.4606 ==>   0   0  11   0   0   0   0   0   0   0   0  /   4   0   2   0   0   0   0   0   0   0   0 
Leaf 37     5    
NonL 38    --      2    0  228   6.9748 ==>   0   0   0   1   0   0   0   0   0   0   0  /   0   0   3   0   0   0   0   0   0   0   0 
Leaf 39     5    
NonL 52    --      2    0  244   8.1539 ==>   0   0   0   0   0   0   0   0   0   1   0  /   0   0   0   5   0   0   0   0   0   0   0 
Leaf 53    10    
NonL 56    --      3    2  251  12.9317 ==>   0   0   0   0   0   0   0   0  13   0   0  /   0   0   0   0   3   0   0   0   1   0   0 
NonL 57    --     18  112  136   4.1664 ==>   0   0   0   0   2   0   0   0   0   1   0  /   0   0   0   0   0  11   0   0   6   0   0 
Leaf 58     8    
NonL 59    --      0    0  253  12.7446 ==>   0   0   0   0   0   2   0   0   0   0   0  /   0   0   0   0   0   0   1   0   0   1   0 
Leaf 62     6    
Leaf 63     4    
Leaf 70     7    
Leaf 71     8    
Leaf 72     9    
NonL 73    --      2    6  249  13.2933 ==>   4   0   0   0   0   0   0   0   0   0   0  /   0   0   2   0   0   0   0   0   0   0   0 
Leaf 76     2    
Leaf 77     9    
Leaf 104     4    
Leaf 105     2    
Leaf 112     3    
NonL 113    --      2    3  212   6.6929 ==>   0   0   0   0   0   0   0   0   1   0   0  /   0   0   0   0   3   0   0   0   0   0   0 
NonL 114    --      0   37  186   4.5081 ==>   0   0   0   0   0   0   0   0   0   1   0  /   0   0   0   0   2   0   0   0   0   0   0 
NonL 115    --      0   50  164   6.3447 ==>   0   0   0   0   0  11   0   0   1   0   0  /   0   0   0   0   0   0   0   0   5   0   0 
Leaf 118     6    
NonL 119    --      0    0  253  11.6847 ==>   0   0   0   0   0   0   1   0   0   0   0  /   0   0   0   0   0   0   0   0   0   1   0 
Leaf 146     7    
Leaf 147     9    
Leaf 226     3    
Leaf 227     8    
Leaf 228     4    
Leaf 229     8    
Leaf 230     6    
Leaf 231     3    
Leaf 238    10    
Leaf 239     4    

;Shapelet id   <data>
Shapelet   1  -0.458624 -0.443700 -0.447355 -0.455684 -0.457625 -0.427917 -0.433046 -0.438821 -0.428927 -0.426043 -0.416860 -0.423394 -0.417115 -0.412599 -0.411329 -0.403008 -0.378484 -0.373172 -0.374395 -0.393734 -0.389661 -0.374737 -0.410813 -0.424611 -0.420472 -0.421914 -0.422135 -0.419721 -0.400402 -0.390611 -0.402075 -0.370729 -0.334504 -0.343959 -0.319039 -0.283029 -0.249140 -0.227256 -0.199266 -0.156903 -0.103523 -0.035063  0.005034  0.046348  0.154030  0.209058  0.195647  0.336685  0.373628  0.449280  0.678765  0.757054  0.993649  1.431784  1.590026  1.808280  2.119777  2.105721  2.159664  2.184717  1.836146  1.653115  1.603943  1.200800  1.090223  1.092303  0.820506  0.846903  0.904504  0.671123  0.682702  0.589572  0.399267  0.442796  0.355282  0.227038  0.290205  0.263007  0.217030  0.197322  0.044863 -0.058771 -0.158605 -0.295088 -0.352968 -0.413441 -0.465965 -0.475625 -0.480915 -0.487994 -0.489304 -0.521971 -0.504471 -0.516284 -0.508281 -0.506567 -0.505163 -0.510850 -0.501165 -0.516255 -0.511316 -0.491659 -0.440488 -0.389403 -0.375901 -0.371442 -0.333569 -0.285392 -0.275076 -0.297663 -0.294229 -0.300510 -0.264081 -0.291303 -0.307624 -0.328115 -0.349089 -0.384680 -0.352427 -0.371804 -0.368541 -0.349676 -0.312063 -0.315303 -0.255544 -0.200202 -0.060496  0.104998  0.120507  0.215631  0.525857  0.812790  1.082441  1.440566  1.936795  2.551155  3.189219  3.889004  4.567018  4.965195  4.854410  4.484113  4.081066  3.462027  2.509836  1.574709  0.937580  0.595574  0.311897  0.106504  0.018545 -0.025775 -0.137754 -0.267612 -0.341454 -0.343205 -0.406040 -0.469367 -0.462739 -0.442805 -0.435517 -0.422638 -0.451472 -0.479223 -0.510670 -0.552222 -0.577066 -0.595668 -0.616184 -0.621014 -0.619135 -0.620616 
Shapelet   2  -0.329050 -0.327729 -0.324309 -0.323844 -0.314845 -0.294159 -0.273786 -0.264969 -0.272106 -0.280577 -0.278054 -0.281143 -0.298766 -0.322290 -0.339724 -0.345778 -0.349434 -0.356795 -0.364234 -0.367674 -0.368782 -0.369375 -0.370156 -0.370944 -0.371658 -0.371459 -0.371318 -0.370888 -0.370293 -0.369779 -0.369287 -0.368925 -0.368902 -0.368840 -0.368991 -0.368670 -0.366415 -0.359531 -0.342962 -0.309368 -0.251085 -0.157871 -0.024155  0.146975  0.355919  0.600735  0.875951  1.229824  1.696423  2.225902  2.865801  3.741764  4.686157  5.308414  5.446948  5.405245  5.210992  4.652198  3.682630  2.600944  1.788198  1.345722  0.950746  0.585438  0.381718  0.280190  0.170165  0.057215 -0.050574 -0.173480 -0.277806 -0.329147 -0.350263 -0.364612 -0.370168 -0.370973 -0.370587 -0.369998 -0.369447 -0.369424 -0.369602 -0.369565 -0.369210 -0.369353 -0.369731 -0.370147 -0.370040 -0.369740 -0.369601 -0.369971 -0.370342 -0.370555 -0.370321 -0.370091 -0.370292 -0.370680 -0.370612 -0.370643 -0.370921 -0.371392 -0.371918 -0.372314 -0.372118 -0.371843 -0.371841 -0.371720 -0.371560 -0.371628 -0.371578 -0.371320 -0.369801 -0.365120 -0.355210 -0.338713 -0.315765 -0.289675 -0.266315 -0.249602 -0.221202 -0.158727 -0.050870  0.107390  0.315827  0.569055  0.851858  1.122602  1.335275  1.459874  1.478553  1.384571  1.187602  0.925590  0.661067  0.427786  0.229524  0.067136 -0.050492 -0.115791 -0.144120 -0.176725 -0.225693 -0.276131 -0.313583 -0.336511 -0.351250 -0.362480 -0.369493 -0.372394 -0.372774 -0.372811 -0.373012 -0.372964 -0.372935 -0.372787 -0.372747 -0.372722 -0.372828 -0.372905 -0.372916 -0.372902 -0.372841 -0.372778 -0.372718 -0.372447 -0.372344 -0.372253 -0.372204 -0.372375 -0.372401 -0.372493 -0.372557 -0.372515 -0.372432 -0.372328 -0.372145 -0.372147 -0.372077 -0.372360 -0.372150 -0.372268 -0.372013 -0.371308 -0.370661 -0.369901 -0.368857 -0.368238 -0.365822 -0.359447 -0.349429 -0.335533 -0.320559 -0.306314 -0.292363 -0.272549 -0.240557 -0.193581 -0.133154 -0.062067  0.013753  0.083811  0.130808  0.143359  0.127185  0.091976  0.040469 -0.023526 -0.087547 -0.138030 -0.171810 -0.199491 -0.229419 -0.257599 -0.279217 -0.296240 -0.312897 -0.329309 -0.343005 -0.353001 -0.360333 -0.365908 -0.369837 -0.372222 -0.373289 -0.373567 -0.373479 -0.373367 -0.373275 -0.373284 -0.373316 -0.373467 -0.373549 -0.373725 -0.373773 -0.373795 -0.373769 -0.373679 -0.373718 -0.373838 -0.373803 -0.373849 -0.373852 -0.373893 -0.373993 -0.374012 -0.373913 -0.373833 -0.373783 
Shapelet   3  -0.221537 -0.160433  0.115927  0.470759  1.499772  2.532812  2.886564  3.715610  4.128842  4.734152  4.863477  4.205016  3.389145  3.202462  2.434764  1.896121  1.084410  0.610790  0.231072 -0.002111 -0.210528 -0.333594 -0.348455 -0.425182 -0.451890 -0.462217 -0.486557 -0.466194 -0.458243 -0.354717 -0.184445 -0.053037  0.010324  0.035664  0.191456  0.494659  0.621761  0.818413  1.686561  1.877466  2.301205  2.739503  2.898754  2.876396  2.828145  1.917098  1.727531  1.329012  0.776594  0.326857  0.151239 -0.132967 -0.215950 -0.270441 -0.337734 -0.430768 -0.466588 -0.460247 -0.451965 -0.422157 -0.417906 -0.387115 -0.346620 -0.335091 -0.321218 -0.342769 -0.238799  0.006439  0.393392  0.667124  0.843020  1.009531  1.512603  1.619656  1.703281  1.359411  1.124774  0.976222  0.870576  0.386448  0.146947 -0.165058 -0.208953 -0.255064 -0.295535 -0.426391 -0.467245 -0.481687 -0.525876 -0.558907 -0.574913 -0.580929 -0.564731 -0.557703 -0.481826 -0.380537 -0.334751 -0.344921 -0.335310 -0.300370 -0.193473 -0.052352  0.004311  0.075359  0.143574  0.301246  0.391080  0.363486  0.288144  0.233052  0.148412  0.100545 -0.079912 -0.209111 -0.292677 -0.415125 -0.493149 -0.515342 -0.527131 -0.523597 -0.542231 -0.552907 -0.551967 -0.562617 -0.566175 -0.563666 -0.569017 -0.555544 -0.540675 -0.543934 -0.522018 -0.500390 -0.466959 -0.370131 -0.235961 -0.165251 -0.080066 -0.023159  0.055137  0.050369  0.078137  0.038115 -0.019136 -0.104503 -0.153343 -0.244311 -0.276384 -0.389886 -0.462861 -0.478123 -0.469175 -0.500116 -0.521885 -0.531048 -0.534306 -0.551994 -0.573657 -0.575530 -0.557869 -0.516869 -0.492110 -0.427793 -0.421723 -0.409721 -0.405680 -0.348769 -0.296543 -0.259970 -0.298224 -0.256094 -0.179145 -0.144487 -0.199222 -0.206579 -0.230979 -0.243553 -0.295364 -0.356785 -0.416307 -0.436728 -0.514786 -0.551055 -0.585395 -0.598518 -0.618999 -0.622513 -0.635346 -0.653749 -0.653871 -0.614537 -0.561357 -0.515360 -0.491404 -0.473950 -0.428442 -0.391802 -0.391219 -0.426308 -0.450060 -0.434657 -0.440966 -0.433205 -0.426418 -0.435502 -0.434041 -0.427401 -0.450097 -0.450949 -0.484461 -0.526687 -0.556027 -0.582703 -0.616102 -0.629095 -0.622086 -0.616010 -0.611867 -0.597022 -0.581875 -0.573392 -0.569112 -0.571655 -0.580189 -0.590123 -0.597958 -0.602409 -0.604370 -0.601043 -0.605368 -0.615706 -0.621071 -0.623687 -0.615053 -0.599060 -0.602349 -0.608447 -0.579462 -0.551885 -0.550057 -0.552141 -0.553879 -0.550764 -0.547892 -0.568142 
Shapelet   4  -0.241785 -0.341998 -0.384289 -0.421451 -0.481208 -0.500229 -0.504792 -0.503547 -0.485761 -0.474297 -0.462675 -0.464615 -0.468140 -0.484390 -0.498489 -0.518583 -0.530709 -0.545662 -0.549282 -0.556026 -0.557135 -0.558944 -0.560117 -0.559175 -0.559046 -0.557958 -0.557222 -0.556295 -0.555232 -0.553995 -0.553157 -0.548973 -0.545458 -0.535695 -0.527936 -0.494940 -0.481850 -0.428616 -0.372926 -0.335099 -0.207297 -0.102469 -0.019717  0.145166  0.198927  0.398442  0.600667  0.750693  1.060942  1.164993  1.267008  1.729563  2.049121  2.315285  2.550706  2.496461  2.661027  2.741724  2.657023  2.345078  2.148274  1.823034  1.649346  1.361462  1.041629  0.660429  0.445246  0.212487  0.056264 -0.087969 -0.163022 -0.187399 -0.277202 -0.323741 -0.393788 -0.432654 -0.473704 -0.493291 -0.500692 -0.513220 -0.509588 -0.518101 -0.513923 -0.522118 -0.519324 -0.526577 -0.524398 -0.529547 -0.527329 -0.530265 -0.528455 -0.529611 -0.528468 -0.529038 -0.528247 -0.528866 -0.527219 -0.528100 -0.525466 -0.526161 -0.522942 -0.522275 -0.520272 -0.512864 -0.512174 -0.498352 -0.479248 -0.454629 -0.437923 -0.402377 -0.392556 -0.361835 -0.246037 -0.041340  0.137678  0.332507  0.770169  1.187655  1.689199  2.100537  2.400791  3.034265  3.888968  4.211668  4.260623  4.150452  3.920963  3.684426  3.126644  2.161847  1.482034  1.180462  0.921525  0.781712  0.632640  0.435212  0.458255  0.420994  0.282419  0.201491  0.047002 -0.055840 -0.121927 -0.236634 -0.299953 -0.342970 -0.411391 -0.415854 -0.439462 -0.438029 -0.438638 -0.437428 -0.431566 -0.429587 -0.438485 -0.437854 -0.452960 -0.456283 -0.472609 -0.478600 -0.495333 -0.502848 -0.517262 -0.523506 -0.532708 -0.534919 -0.537783 -0.534929 -0.535860 -0.531940 -0.529335 -0.530579 -0.526620 -0.521461 -0.522887 -0.515999 -0.508700 -0.500301 -0.487360 -0.480459 -0.462706 -0.426490 -0.413735 -0.401434 -0.337399 -0.269252 -0.235150 -0.164501 -0.052861  0.015989  0.022832  0.006180 -0.037925  0.030468  0.085331  0.062318  0.057104  0.037912  0.053876  0.096448  0.030643 -0.077109 -0.147156 -0.189003 -0.165526 -0.201257 -0.257485 -0.276608 -0.284179 -0.316765 -0.323910 -0.333918 -0.347464 -0.346002 -0.361233 -0.377132 -0.394543 -0.417892 -0.440472 -0.461499 -0.485176 -0.499330 -0.519537 -0.528050 -0.541549 -0.545215 -0.553031 -0.554145 -0.558103 -0.558159 -0.559230 -0.558468 -0.558400 -0.557668 -0.557289 -0.556121 -0.555063 -0.555304 -0.554508 -0.555809 -0.555782 -0.556054 -0.554930 -0.555617 -0.551918 -0.547422 -0.533220 -0.524882 -0.513531 -0.474729 -0.435980 -0.423136 
Shapelet   5  -0.309064 -0.366124 -0.414942 -0.458233 -0.499817 -0.541128 -0.580912 -0.618052 -0.651357 -0.681561 -0.707653 -0.729543 -0.745707 -0.757067 -0.763219 -0.765768 -0.765423 -0.764306 -0.762978 -0.762508 -0.762946 -0.764838 -0.766877 -0.771136 -0.771790 -0.770648 -0.768256 -0.770322 -0.770742 -0.769136 -0.766744 -0.766448 -0.767046 -0.763266 -0.753834 -0.742130 -0.734745 -0.725137 -0.718003 -0.712571 -0.714398 -0.720041 -0.730897 
Shapelet   6   1.098645  1.418506  1.612078  1.713871  1.690299  1.782657  1.628155  1.178712  0.946181  1.011379  1.127801  1.201629  1.315440  1.519411  1.763916  1.755396  1.498432  1.359178  1.513921  1.519037  1.443541  1.492378  1.678942  2.008568  2.208615  2.024475  1.651006  1.259842  0.918988  0.574326  0.128426 -0.169618 -0.271719 -0.269970 -0.244879 -0.287081 -0.261232 -0.184773 -0.261526 -0.183463 -0.078476  0.046818  0.234474  0.453443  0.593555  0.620547  0.500171  0.436864  0.400631  0.265285  0.011129 -0.177883 -0.172488 -0.131593 -0.165969 -0.251625 -0.270443 -0.304906 -0.374657 -0.415153 -0.390914 -0.321308 -0.301735 -0.348594 -0.284575 -0.169065 -0.103863 -0.081157 -0.066871 -0.038126  0.028998  0.053233  0.043670  0.021793  0.019618  0.081776  0.181759  0.200090  0.101014  0.029639 -0.009231 -0.094301 -0.232120 -0.346967 -0.395372 -0.381051 -0.399604 -0.441324 -0.447659 -0.469949 -0.545480 -0.603005 -0.630883 -0.622060 -0.592633 -0.610779 -0.622033 -0.596267 -0.575933 -0.563168 -0.577180 -0.585702 -0.558321 -0.529710 -0.515428 -0.494284 -0.446906 -0.391629 -0.358233 -0.342950 -0.340599 -0.347427 -0.375203 -0.431053 -0.494230 -0.547129 -0.593983 -0.635704 -0.669788 -0.697136 -0.704481 -0.697232 -0.688251 -0.673100 -0.651795 -0.625993 -0.604462 -0.597500 -0.602546 -0.609292 -0.623155 -0.641812 -0.659875 -0.665036 -0.659200 -0.640785 -0.610512 -0.569824 -0.520692 -0.467673 -0.421097 -0.389880 -0.378087 -0.391832 -0.437088 -0.495727 -0.555555 -0.605083 -0.640936 -0.671080 -0.690408 -0.695938 -0.694523 -0.692176 -0.696319 -0.704282 -0.708620 -0.715365 -0.714315 -0.710760 -0.714684 -0.724916 -0.733076 -0.735590 -0.730247 -0.728849 -0.738081 -0.737157 -0.720773 -0.703224 -0.694479 -0.695614 -0.691094 -0.667769 -0.645929 -0.639624 -0.651726 -0.661035 -0.653402 -0.648648 -0.664768 -0.693776 -0.718404 -0.727305 -0.734944 -0.750723 -0.766303 -0.775012 -0.777242 -0.776580 -0.776389 -0.775289 -0.773422 -0.771290 -0.769172 -0.767429 -0.766313 -0.766056 -0.766530 -0.767849 -0.769479 -0.771535 -0.773687 -0.775948 -0.776945 -0.776626 -0.774279 
Shapelet   7  -0.374744 -0.270547 -0.136549  0.019450  0.178428  0.315340  0.405403  0.429059  0.375238  0.245873  0.074358 -0.107569 -0.284650 -0.430081 -0.522361 -0.559506 -0.552788 -0.535359 -0.524309 -0.511457 -0.501232 -0.501105 -0.510697 -0.528386 -0.550968 -0.573032 -0.590871 -0.604691 -0.615386 -0.622752 -0.621149 -0.601909 -0.554939 -0.465158 -0.313519 -0.080737  0.249661  0.681958  1.206292  1.797739  2.415574  3.008587  3.521556  3.901985  4.108800  4.119445  3.933583  3.573222  3.078490  2.500392  1.893182  1.306758  0.780610  0.340105 -0.004614 -0.255976 -0.425017 -0.529761 -0.588441 -0.617284 -0.629329 -0.632712 -0.632817 -0.633424 -0.634109 -0.634890 -0.635797 -0.635983 -0.635907 -0.635934 -0.636017 -0.636106 -0.635934 -0.635451 -0.635196 -0.635445 -0.635356 -0.634343 -0.631970 -0.626224 -0.614702 -0.594665 -0.561481 -0.510158 -0.435896 -0.334927 -0.204512 -0.042595  0.149230  0.362981  0.587233  0.814979  1.047907  1.290339  1.538739  1.777927  1.985176  2.135456  2.203828  2.168411  2.018711  1.765392  1.440557  1.085851  0.739311  0.429159  0.171310 -0.030972 -0.184879 -0.303157 -0.397373 -0.473870 -0.534089 -0.577558 -0.604746 -0.619945 -0.628440 -0.633935 -0.637067 -0.637882 -0.637488 -0.637481 -0.637293 -0.637005 -0.636953 -0.637098 -0.637439 -0.637890 -0.637834 -0.637608 -0.637686 -0.637734 -0.637452 -0.637166 -0.637123 -0.636847 -0.635924 -0.633593 -0.629136 -0.622348 -0.613003 -0.600615 -0.582192 -0.549408 -0.493283 -0.408186 -0.292687 -0.148726  0.019095  0.202341  0.388730  0.564440  0.713274  0.815199  0.848555  0.804022  0.732449  0.729406  0.832721  1.036818  1.315886  1.635104  1.950117  2.170986  2.186447  1.971218  1.576407  1.112540  0.657347  0.253503 -0.064404 -0.277776 -0.390688 -0.434745 -0.474096 -0.524268 -0.569801 -0.602307 -0.621032 -0.629926 -0.633311 -0.632584 -0.632042 -0.632583 -0.631534 -0.627977 -0.622856 -0.617554 -0.614131 -0.610975 -0.606062 -0.602318 -0.602896 -0.605192 -0.601672 -0.590288 -0.572305 -0.548292 -0.515934 -0.473325 -0.424795 -0.377870 -0.327954 -0.263974 -0.181916 -0.089939 -0.002660  0.066730  0.108628  0.114661  0.078630  0.001978 -0.103030 -0.214030 -0.308292 -0.369137 -0.383459 -0.346258 -0.262888 -0.148419 -0.026800  0.077670  0.146171  0.162458  0.119984  0.028887 -0.088927 -0.212857 -0.326846 -0.419096 -0.484156 -0.524311 -0.549290 -0.570417 -0.590535 -0.607673 -0.620781 -0.629711 -0.634976 -0.637199 -0.637302 -0.636925 -0.636934 -0.637016 -0.636829 -0.636559 -0.636762 
Shapelet   8  -0.322961 -0.329050 -0.327729 -0.324309 -0.323844 -0.314845 -0.294159 -0.273786 -0.264969 -0.272106 -0.280577 -0.278054 -0.281143 -0.298766 -0.322290 -0.339724 -0.345778 -0.349434 -0.356795 -0.364234 -0.367674 -0.368782 -0.369375 -0.370156 -0.370944 -0.371658 -0.371459 -0.371318 -0.370888 -0.370293 -0.369779 -0.369287 -0.368925 -0.368902 -0.368840 -0.368991 -0.368670 -0.366415 -0.359531 -0.342962 -0.309368 -0.251085 -0.157871 -0.024155  0.146975  0.355919  0.600735  0.875951  1.229824  1.696423  2.225902  2.865801  3.741764  4.686157  5.308414  5.446948  5.405245  5.210992 
Shapelet   9   0.917879  0.475129  0.274119  0.235614  0.229800  0.179395  0.091674 -0.043392 -0.207710 -0.371241 -0.494072 -0.526536 -0.497052 -0.503259 -0.538825 -0.551061 -0.524100 -0.483593 -0.489140 -0.527116 -0.527715 -0.515818 -0.539590 -0.582030 -0.612339 -0.609849 -0.585658 -0.578268 -0.563477 -0.534308 -0.508627 -0.497562 -0.505469 -0.519182 -0.534125 -0.572297 -0.613702 -0.632103 -0.637187 -0.631305 -0.634275 -0.648289 -0.636810 -0.624351 -0.646520 -0.678254 -0.696793 -0.694302 -0.683980 -0.690593 -0.689467 -0.661308 -0.633789 -0.618373 -0.587264 
Shapelet  13  -0.301363 -0.265468 -0.181462 -0.193070 -0.223771 -0.261792 -0.249342 -0.239739 -0.221537 -0.160433  0.115927  0.470759  1.499772  2.532812  2.886564  3.715610  4.128842  4.734152  4.863477  4.205016  3.389145  3.202462  2.434764  1.896121  1.084410  0.610790  0.231072 -0.002111 -0.210528 -0.333594 -0.348455 -0.425182 -0.451890 -0.462217 -0.486557 -0.466194 -0.458243 -0.354717 -0.184445 -0.053037  0.010324  0.035664  0.191456  0.494659  0.621761  0.818413  1.686561  1.877466  2.301205  2.739503  2.898754  2.876396  2.828145  1.917098  1.727531  1.329012  0.776594  0.326857  0.151239 -0.132967 -0.215950 -0.270441 -0.337734 -0.430768 -0.466588 -0.460247 -0.451965 -0.422157 -0.417906 -0.387115 -0.346620 -0.335091 -0.321218 -0.342769 -0.238799  0.006439  0.393392  0.667124  0.843020  1.009531  1.512603  1.619656  1.703281  1.359411  1.124774  0.976222  0.870576  0.386448  0.146947 -0.165058 -0.208953 -0.255064 -0.295535 -0.426391 -0.467245 -0.481687 -0.525876 -0.558907 -0.574913 -0.580929 -0.564731 -0.557703 -0.481826 -0.380537 -0.334751 -0.344921 -0.335310 -0.300370 -0.193473 -0.052352  0.004311  0.075359  0.143574  0.301246  0.391080  0.363486  0.288144  0.233052  0.148412  0.100545 -0.079912 -0.209111 -0.292677 -0.415125 -0.493149 -0.515342 -0.527131 -0.523597 -0.542231 -0.552907 -0.551967 -0.562617 -0.566175 -0.563666 -0.569017 -0.555544 -0.540675 -0.543934 -0.522018 -0.500390 -0.466959 -0.370131 -0.235961 -0.165251 -0.080066 -0.023159  0.055137  0.050369  0.078137  0.038115 -0.019136 -0.104503 -0.153343 -0.244311 -0.276384 -0.389886 -0.462861 -0.478123 -0.469175 -0.500116 -0.521885 -0.531048 -0.534306 -0.551994 -0.573657 -0.575530 -0.557869 -0.516869 -0.492110 -0.427793 -0.421723 -0.409721 -0.405680 -0.348769 -0.296543 -0.259970 -0.298224 -0.256094 -0.179145 -0.144487 -0.199222 -0.206579 -0.230979 -0.243553 -0.295364 -0.356785 -0.416307 -0.436728 -0.514786 -0.551055 -0.585395 -0.598518 -0.618999 -0.622513 -0.635346 -0.653749 -0.653871 -0.614537 -0.561357 -0.515360 -0.491404 -0.473950 -0.428442 -0.391802 -0.391219 -0.426308 -0.450060 -0.434657 -0.440966 -0.433205 -0.426418 -0.435502 -0.434041 -0.427401 -0.450097 -0.450949 -0.484461 -0.526687 -0.556027 -0.582703 -0.616102 -0.629095 -0.622086 -0.616010 -0.611867 -0.597022 -0.581875 -0.573392 -0.569112 -0.571655 -0.580189 -0.590123 -0.597958 -0.602409 -0.604370 -0.601043 -0.605368 
Shapelet  14   2.992313  2.069797  1.280512  0.683861  0.290054  0.089322  0.018098 -0.043100 -0.134303 -0.217119 -0.278890 -0.313063 -0.327537 -0.329946 -0.326734 -0.324967 -0.323039 -0.323959 -0.323406 -0.325879 -0.326100 -0.330358 -0.332101 -0.335303 -0.335248 -0.336346 -0.335782 -0.337103 -0.337310 -0.337964 -0.337594 -0.336885 -0.336354 -0.330895 -0.320440 -0.302575 -0.275829 -0.247392 -0.220513 -0.197446 -0.165248 -0.105236 -0.018671  0.085492  0.198322  0.305188  0.395271  0.441738  0.426508  0.354065  0.241323  0.110258 -0.017738 -0.128508 -0.212143 -0.268020 -0.300241 -0.318383 -0.329196 -0.336220 -0.339669 -0.340660 -0.340716 -0.340530 -0.340800 -0.340331 -0.340340 -0.340425 -0.340332 -0.340561 -0.340581 -0.340264 -0.341088 -0.340886 -0.341309 -0.341208 -0.340881 -0.341327 -0.341357 -0.341046 -0.341327 -0.340920 -0.341309 -0.341157 -0.340606 -0.339758 -0.338273 -0.336409 -0.333606 -0.328237 -0.321550 -0.313738 -0.305695 -0.298896 -0.293900 -0.291504 -0.293122 -0.297864 -0.304295 -0.312478 -0.320758 -0.327629 
Shapelet  15  -0.192690 -0.141224 -0.029443  0.177668  0.498724  0.921564  1.400968  1.862861  2.211038  2.348409  2.199899  1.970613 
Shapelet  17  -0.005915  0.004857 -0.045727 -0.148344 -0.221244 -0.250309 -0.278286 -0.292352 -0.285740 -0.264435 -0.246482 -0.240354 -0.247538 -0.259795 -0.284939 -0.317748 -0.346453 -0.366104 -0.382154 -0.401520 -0.416074 -0.424387 -0.428638 -0.429323 -0.430754 -0.415757 -0.399869 -0.393109 -0.386883 -0.387691 -0.386943 -0.387333 -0.403387 -0.415630 -0.423236 -0.423418 -0.407287 -0.402324 -0.403914 -0.398196 -0.395949 -0.391256 -0.382030 -0.378822 -0.355981 -0.294414 -0.221236 -0.150674 -0.114027 -0.123985 -0.131412 -0.139431 -0.190208 -0.158428  0.164006  0.851248  1.764127 
Shapelet  18  -0.455085 -0.493614 -0.517446 -0.531376 -0.540428 -0.548149 -0.555705 -0.562889 -0.568477 -0.571837 -0.573638 -0.575083 -0.577337 -0.580010 -0.582722 -0.585119 -0.586811 -0.587715 -0.588021 -0.588069 -0.588144 -0.588237 -0.588230 -0.588194 -0.588147 -0.588152 -0.588181 -0.588193 -0.588218 -0.588247 -0.588265 -0.588256 -0.588255 -0.588182 -0.588117 -0.588066 -0.587960 -0.587737 -0.587340 -0.586537 -0.585281 -0.583557 -0.581370 
Shapelet  19   0.979690  0.873837  0.658226  0.378045  0.096874 -0.139658 -0.310767 -0.419660 -0.474131 -0.495829 -0.499848 -0.509807 -0.522202 -0.522460 -0.519013 -0.516821 -0.518589 -0.523592 -0.523027 -0.522003 -0.527852 -0.528736 -0.530124 -0.531340 -0.532577 -0.534341 -0.536239 -0.537459 -0.539025 -0.540909 -0.542453 -0.544184 -0.546003 -0.547429 -0.548689 -0.549943 -0.550929 -0.551890 -0.553069 -0.553874 -0.554373 -0.555321 
Shapelet  26   1.686561  1.877466  2.301205  2.739503  2.898754  2.876396  2.828145  1.917098  1.727531  1.329012  0.776594  0.326857  0.151239 -0.132967 -0.215950 -0.270441 -0.337734 -0.430768 -0.466588 -0.460247 -0.451965 -0.422157 -0.417906 
Shapelet  28  -0.148025 -0.208473 -0.265231 -0.321953 -0.347252 -0.373525 -0.389193 -0.397438 -0.403237 -0.405211 -0.405534 -0.405514 -0.405517 -0.405443 -0.405528 -0.405511 -0.405719 -0.405763 -0.405859 -0.405955 -0.405969 -0.406085 -0.405990 -0.405838 -0.405771 -0.405792 -0.405766 -0.405571 -0.405464 -0.405743 -0.405743 -0.405947 
Shapelet  29  -0.159909 -0.287698 -0.373548 -0.419354 -0.447471 -0.480783 -0.492170 -0.520304 -0.546991 -0.557341 -0.562888 -0.567453 -0.569371 -0.570112 -0.571890 -0.574151 -0.576772 -0.574103 -0.566003 -0.563334 -0.567131 -0.563417 -0.562871 -0.561776 -0.558774 -0.554427 -0.558026 -0.552565 -0.556038 -0.556421 -0.554823 -0.544830 -0.532639 -0.519982 -0.513306 -0.496881 -0.488165 -0.459315 -0.375146 -0.316170 -0.309462 -0.271285 -0.204267 -0.103260 -0.023536  0.162709  0.382705  0.603373  0.680500  0.672237  0.737741  0.724268  0.523327  0.372858  0.185113  0.122309  0.102578  0.004264 -0.053581 -0.109019 -0.225465 -0.271830 -0.309885 -0.325368 -0.370307 -0.387309 -0.395828 -0.413463 -0.404431 -0.420759 -0.458688 -0.488911 -0.510115 -0.531908 -0.552758 -0.570449 -0.581506 -0.588002 -0.593468 -0.597220 -0.599545 -0.601437 -0.603534 -0.605361 -0.606717 -0.607584 -0.606988 -0.605806 -0.605477 -0.603559 -0.600613 
Shapelet  31  -0.371913 -0.391113 -0.408353 -0.427584 -0.453851 -0.469245 -0.456559 -0.431695 -0.415120 -0.394199 -0.349314 -0.296589 -0.274274 -0.286478 -0.298511 -0.305214 -0.334017 -0.370230 -0.383453 -0.365054 -0.339302 -0.331533 -0.321474 -0.279894 -0.212796 -0.082238  0.174326  0.599723  1.204327  1.960629  2.809474  3.663460  4.413327  4.955840  5.218267  5.172100  4.837267  4.276475  3.580274  2.845159  2.149738  1.540844  1.035518  0.630053  0.311125  0.077797 -0.087798 -0.222033 -0.338755 -0.422324 -0.460508 -0.463269 -0.463508 -0.471112 -0.470866 -0.461316 -0.458519 -0.460428 -0.447406 -0.421139 -0.402298 -0.395565 -0.377605 -0.344577 -0.320581 -0.320041 -0.318489 -0.303337 -0.288177 -0.261116 -0.173224 -0.002854  0.229973  0.467567  0.663478  0.783702  0.769383  0.740905  0.782566  0.891039  1.055029  1.258368  1.486110  1.718859  1.767617  1.554189  1.225262  0.867400  0.506144  0.183591 -0.048723 -0.150359 -0.126891 -0.107034 -0.135815 -0.178737 -0.211992 -0.231927 -0.253401 -0.280425 -0.306064 -0.325064 -0.336493 -0.340039 -0.340988 -0.344840 -0.353000 -0.360842 -0.364145 -0.362560 -0.358027 -0.343423 -0.312827 -0.275608 -0.252852 -0.262242 -0.287784 -0.272679 -0.223186 -0.148889 -0.048861  0.083575  0.252103  0.428302  0.537582  0.558652  0.485184  0.380232  0.327591  0.341241  0.413618  0.529630  0.674578  0.832715  0.933610  0.901402  0.743782  0.500605  0.231465 -0.012831 -0.201758 -0.319912 -0.371207 -0.373897 -0.352308 -0.334651 -0.332565 -0.343554 -0.367127 -0.398354 -0.427875 -0.447653 -0.455806 -0.457581 -0.459224 -0.461699 -0.463823 -0.465269 -0.466699 -0.469035 -0.471782 -0.472256 -0.468349 -0.460481 -0.449685 -0.435139 -0.415698 -0.394903 -0.382339 -0.387519 -0.400156 -0.395132 -0.372623 -0.341730 -0.311191 -0.284801 -0.260294 -0.241539 -0.238486 -0.246483 -0.261451 -0.278692 -0.293262 -0.303023 -0.314224 -0.339377 -0.380018 -0.426186 -0.467999 -0.500324 -0.521869 -0.534253 -0.540751 -0.545218 -0.549336 -0.553287 -0.557803 -0.563023 -0.568051 -0.570519 -0.568712 -0.566271 -0.566336 -0.567823 -0.569181 -0.569759 -0.569368 -0.566768 -0.560284 -0.549148 -0.533960 -0.516026 -0.496660 -0.477679 -0.461003 -0.446038 -0.429718 -0.408633 -0.381105 -0.348092 -0.312950 -0.280609 -0.256676 -0.246225 -0.251582 -0.270706 -0.297860 -0.326338 -0.351086 -0.369663 -0.382090 -0.390440 -0.398188 -0.409072 -0.425335 -0.446793 -0.471393 -0.496370 -0.519424 -0.539361 -0.555901 -0.568872 -0.577701 -0.583373 -0.587217 -0.589784 -0.590873 -0.590250 -0.588513 -0.587262 -0.586745 -0.586465 -0.586002 -0.585368 -0.584874 
Shapelet  35  -0.606892 -0.622526 -0.626521 -0.624915 -0.617533 -0.602137 -0.577477 -0.545455 -0.509808 -0.475305 -0.448125 -0.435262 -0.440953 -0.463859 -0.497909 -0.536389 -0.574310 -0.608001 -0.634705 -0.653293 -0.665332 -0.674576 -0.683346 -0.690839 -0.695681 -0.696991 -0.694624 -0.688834 -0.679973 -0.668434 -0.654631 -0.638129 -0.618497 -0.595138 -0.567356 -0.534610 -0.496257 -0.450891 -0.394742 -0.320822 -0.220145 -0.084276  0.093264  0.315641  0.582042  0.886904  1.220031  1.568227  1.917541  2.255147  2.570630  2.856675  3.107692  3.317040  3.475321  3.571466  3.596055  3.544630  3.419551  3.229702  2.988738  2.712166  2.415114  2.110345  1.806687  1.508149  1.215183  0.928550  0.653024  0.397755  0.172718 -0.015405 -0.165111 -0.279067 -0.363105 -0.424869 -0.472327 -0.512000 -0.547537 -0.580006 -0.608992 -0.633722 -0.653779 -0.669525 -0.681649 -0.690809 -0.697102 -0.700992 -0.702937 -0.703197 -0.701743 -0.698207 -0.691861 -0.682056 -0.667899 -0.648827 -0.625439 -0.599737 -0.573614 -0.546355 -0.513916 -0.471010 -0.412720 -0.334375 -0.231274 -0.100461  0.057239  0.237375  0.434460  0.643366  0.859610  1.079526  1.299992  1.516890  1.722545  1.904663  2.047296  2.132999  2.145227  2.071448  1.906619  1.657605  1.347789  1.020456  0.725447  0.494782  0.342661  0.273113  0.281503  0.351494  0.450774  0.541698  0.603083  0.628157  0.615769  0.567299  0.486548  0.379640  0.254967  0.122204 -0.008968 -0.130447 -0.236972 -0.326654 -0.400472 -0.460978 -0.511016 -0.552967 -0.588663 -0.618845 -0.643387 -0.661681 -0.673626 -0.679536 -0.680703 -0.678016 -0.672267 -0.664215 -0.654984 -0.646205 -0.638510 -0.630969 -0.623007 -0.614617 -0.606514 -0.598805 -0.590106 -0.579393 -0.565897 -0.548514 -0.525575 -0.495133 -0.455715 -0.406736 -0.348359 -0.281684 -0.208351 -0.130392 -0.049865  0.031226  0.110706  0.185928  0.253857  0.311061  0.353939  0.378870  0.382152  0.360302  0.310921  0.233645  0.131092  0.008857 -0.123897 -0.251197 -0.355468 -0.429432 -0.471385 -0.483235 -0.469736 -0.438483 -0.402895 -0.377040 -0.364590 -0.364776 -0.375849 -0.395904 -0.423339 -0.456555 -0.493651 -0.532200 -0.569526 -0.603095 -0.631576 -0.654350 -0.671359 -0.683045 -0.690617 -0.695600 -0.699371 -0.702419 -0.704662 -0.706057 -0.706720 -0.706818 -0.706534 -0.705914 -0.704719 -0.702752 -0.699763 -0.695560 -0.689895 -0.682531 -0.673034 -0.661109 -0.646460 -0.628901 -0.607888 -0.582444 -0.551286 -0.513388 -0.468675 -0.417983 -0.363162 -0.306613 -0.251567 -0.201563 -0.160626 -0.131875 -0.117585 -0.118564 -0.135380 -0.168412 -0.217987 -0.282126 -0.350921 
Shapelet  36  -0.516445 -0.515431 -0.501467 -0.495503 -0.488890 -0.476514 -0.459395 -0.440032 -0.417095 -0.406185 -0.390928 -0.385579 -0.395041 -0.408956 -0.408599 
Shapelet  38  -0.443838 -0.443505 -0.444793 -0.442815 -0.442135 -0.444652 -0.442648 -0.442196 -0.441619 -0.433464 -0.411770 -0.350062 -0.231788 -0.047232  0.224732  0.591793  1.033059  1.517683  2.000309  2.426701  2.743033  2.907423  2.897154  2.713079  2.380641  1.944542  1.458531  0.975519  0.540894  0.183872 -0.081351 -0.254596 -0.362389 -0.420370 -0.437741 -0.438957 -0.439900 -0.438429 -0.440838 -0.439072 -0.437321 -0.440339 -0.440788 -0.440788 -0.439524 -0.434936 -0.435431 -0.433882 -0.421657 -0.394450 -0.331767 -0.233159 -0.099858  0.080493  0.302203  0.538766  0.765529  0.955374  1.082376  1.128257  1.086739  0.962508  0.771892  0.541206  0.300996  0.077312 -0.103785 -0.241761 -0.340079 -0.395823 -0.417590 -0.427231 -0.428632 -0.425893 -0.425540 -0.425027 -0.425059 -0.425871 -0.423034 -0.420745 -0.420835 -0.419276 -0.419902 -0.417448 -0.414085 -0.413849 -0.412152 -0.413436 -0.412421 -0.408869 -0.406016 -0.402219 -0.400072 -0.399067 -0.395474 -0.392688 -0.388724 -0.384413 -0.382136 -0.376276 -0.370551 -0.362270 -0.351909 -0.341671 -0.327478 -0.309134 -0.286070 -0.255665 -0.220409 -0.183212 -0.140396 -0.102136 -0.063921 -0.031451 -0.006860  0.008523  0.016919  0.009772 -0.003025 -0.027743 -0.060569 -0.096404 -0.136739 -0.179411 -0.218845 -0.255696 -0.286628 -0.307819 -0.330707 -0.349294 -0.359195 -0.366392 -0.357661 -0.322466 -0.251472 -0.069175  0.269288  0.740639  1.312553  1.944433  2.650454  3.428562  4.130786  4.570494  4.693265  4.579178  4.293363  3.793069  3.065490  2.235745  1.478919  0.877745  0.412874  0.045011 -0.204441 -0.338629 -0.399337 -0.426274 -0.426582 -0.424979 -0.426144 -0.425851 -0.424836 -0.422898 -0.422073 -0.424745 -0.425227 -0.423016 -0.423336 -0.425425 -0.428701 -0.427925 -0.428724 -0.431249 -0.432981 -0.434952 -0.430842 -0.431867 -0.437093 -0.439178 -0.440195 -0.435944 -0.436207 -0.442472 -0.445049 -0.444309 -0.439776 -0.437847 -0.443953 -0.445167 -0.444398 -0.440816 -0.437898 -0.442148 -0.442253 -0.440822 -0.440057 -0.439156 -0.441991 -0.442312 -0.441024 -0.442428 -0.443232 -0.444264 -0.442906 -0.441007 -0.443066 -0.444829 -0.445974 -0.443724 -0.443056 -0.446566 -0.448812 -0.449472 -0.446391 -0.445375 -0.449123 -0.451552 -0.451243 -0.448609 -0.446772 -0.450125 -0.451237 -0.450797 -0.448802 -0.446991 -0.450085 -0.450533 
Shapelet  52   0.249542  0.200776  0.139871  0.060463 -0.040253 -0.156102 -0.255538 -0.317198 -0.338108 -0.320998 -0.266702 -0.176279 -0.060736  0.056227  0.179231  0.330331  0.525902  0.779950  1.100300  1.479636  1.904520  2.365030  2.846798  3.321458  3.759502  4.148182  4.474327  4.672605  4.621811  4.212344  3.510151  2.971688  2.537672  2.105666  1.671208  1.355004  1.298587  1.447302  1.338433  1.038890  0.703984  0.430631  0.206593 -0.006983 -0.199097 -0.322768 -0.366476 -0.360880 -0.335721 -0.292536 -0.236014 -0.170284 -0.118271 -0.100126 -0.115901 -0.152789 -0.198361 -0.236354 -0.257468 -0.253258 -0.213658 -0.133011 -0.015932  0.123506  0.266860  0.407887  0.540975  0.679370  0.830960  1.003083  1.191145  1.388099  1.568047  1.696922  1.719540  1.586139  1.291495  1.010512  0.778965  0.568148  0.377769  0.235330  0.182394  0.235597  0.242451  0.178485  0.082805 -0.019979 -0.114770 -0.193875 -0.263108 -0.332554 -0.400269 -0.457083 -0.497097 -0.522326 -0.538589 -0.555291 -0.577619 -0.606714 -0.635166 -0.649279 -0.644052 -0.622109 -0.585552 -0.535290 -0.472225 -0.404020 -0.344517 -0.298623 -0.265118 -0.240857 -0.222602 -0.206843 -0.191814 -0.180264 -0.179699 -0.199199 -0.245227 -0.315277 -0.377216 -0.410037 -0.402584 -0.346588 -0.242214 -0.099944  0.058820  0.187465  0.262373  0.285026  0.267613  0.222613  0.159619  0.087216  0.013432 -0.057426 -0.127155 -0.201955 -0.285892 -0.377718 -0.470359 -0.544722 -0.592356 -0.620771 -0.637262 -0.642628 -0.633239 -0.608523 -0.582918 -0.564701 -0.550443 -0.537906 -0.526646 -0.516101 -0.504267 -0.488488 -0.467146 -0.440234 -0.409148 -0.376466 -0.345278 -0.318542 -0.299009 -0.289132 -0.290208 -0.301416 -0.321614 -0.351829 -0.390676 -0.419709 -0.413760 -0.363341 -0.275406 -0.166918 -0.053531  0.053380  0.133330  0.163233  0.134153  0.051562 -0.065852 -0.194268 -0.315417 -0.422547 -0.515545 -0.591530 -0.645761 -0.677824 -0.693437 -0.700985 -0.705034 -0.706495 -0.707328 -0.709994 -0.714869 -0.720075 -0.722505 -0.719846 -0.711470 -0.698192 -0.681842 -0.664725 -0.648989 -0.636247 -0.627232 -0.621840 -0.618906 -0.615861 -0.609055 -0.595362 -0.573779 -0.545173 -0.510745 -0.471758 -0.430919 -0.393012 -0.363042 -0.344335 -0.338811 -0.347993 -0.371697 -0.405556 -0.442833 -0.479369 -0.513253 -0.541792 -0.562484 -0.576989 -0.591850 -0.613347 -0.637534 -0.657399 -0.675966 -0.697004 -0.717963 -0.732659 -0.739259 -0.741215 -0.745180 -0.749077 -0.749430 -0.746409 -0.742457 -0.736928 
Shapelet  56  -0.387416 -0.417925 -0.439624 -0.461286 -0.484251 -0.501328 -0.516242 -0.528291 -0.534761 -0.533772 -0.522603 -0.504549 -0.478405 -0.442157 -0.405926 -0.372421 -0.343221 -0.330139 -0.321455 -0.308525 -0.273605 -0.201698 -0.082135  0.087340  0.184978  0.321438  0.442662  0.548134  0.636941  0.755365  1.080816  1.942915  2.837313  3.913696  4.566511  4.922329  4.905453  4.670771  3.723741  2.725288  1.535549  0.745471  0.221208 -0.008460 -0.294073 -0.317360 -0.378789 -0.425589 -0.468566 -0.506859 -0.539055 -0.554610 -0.584080 -0.593525 -0.589610 -0.572680 -0.550146 -0.527182 -0.488084 -0.446435 -0.429140 -0.432818 -0.426288 -0.396908 -0.344455 -0.317213 -0.306555 -0.289524 -0.278946 -0.256222 -0.262512 -0.279376 -0.288977 -0.266298 -0.166406 -0.013637  0.200895  0.485365  0.784902  1.094010  1.397500  1.665576  2.154682  2.580183  2.746360  2.944831  2.761038  2.571089  2.461281  1.890362  1.242641  0.795773  0.258636  0.115722 -0.058428 -0.339490 -0.416043 -0.448039 -0.489265 -0.502167 -0.536985 -0.543628 -0.548880 -0.555100 -0.559228 -0.562890 -0.565750 -0.569290 -0.571884 -0.574078 -0.576585 -0.577984 -0.579193 -0.581523 -0.580529 -0.582751 -0.580557 -0.576145 -0.576609 -0.563681 -0.558329 -0.545466 -0.527578 -0.505224 -0.463822 -0.413947 -0.349882 -0.286416 -0.242776 -0.170125 -0.144883 -0.142927 -0.172857 -0.212939 -0.218721 -0.211921 -0.123895  0.013450  0.271982  0.394924  0.473650  0.554574  0.592868  0.428617  0.257627 -0.037322 -0.166809 -0.275808 -0.418324 -0.516085 -0.528625 -0.545693 -0.558079 -0.572812 -0.581478 -0.584715 -0.591991 -0.594575 -0.597040 -0.598858 -0.600515 -0.601985 -0.603334 -0.604255 -0.605238 -0.605601 -0.606487 -0.606984 -0.607707 -0.607538 -0.608126 -0.609728 -0.607855 -0.604029 -0.601833 -0.593189 -0.581828 -0.576747 -0.566339 -0.532582 -0.495797 -0.474637 -0.452726 -0.444219 -0.400758 -0.315483 -0.264707 -0.175961 -0.023482  0.222737  0.547051  0.815016  0.867920  0.948549  0.968364  1.005541  0.834926  0.653228  0.582781  0.511860  0.439211  0.467642  0.433542  0.500763  0.427845  0.241633  0.192510  0.104232 -0.064189 -0.241908 -0.412478 -0.499558 -0.559523 -0.589030 -0.597207 -0.609054 -0.611145 -0.613169 -0.615232 -0.610808 -0.604267 -0.594994 -0.583673 -0.574740 -0.564350 -0.553231 -0.539534 -0.521342 -0.501209 -0.475399 -0.449285 -0.422838 -0.393284 -0.374491 -0.357994 -0.338448 -0.339399 -0.348823 -0.362745 -0.383957 -0.401665 -0.403163 -0.378566 -0.337057 -0.303030 -0.257877 -0.194346 -0.157052 -0.145675 -0.150795 -0.180921 
Shapelet  57  -0.459737 -0.530830 -0.581379 -0.612503 -0.628166 -0.633522 -0.634407 -0.635810 -0.636871 -0.637449 -0.637676 -0.636299 -0.632199 -0.625086 -0.615355 -0.603511 -0.589573 -0.572741 -0.552538 -0.529196 -0.502094 -0.468962 -0.429018 -0.387504 -0.355771 -0.348209 -0.365063 -0.359479 -0.323097 -0.263710 -0.190397 -0.109605 -0.017781  0.090479  0.188178  0.280286  0.372837  0.466041  0.557426  0.638559  0.690607  0.685891  0.608130  0.462690  0.272748  0.074340 -0.102315 -0.245906 -0.354350 -0.428262 -0.469341 -0.485281 -0.493986 -0.507717 -0.522925 -0.533207 -0.538067 -0.543306 -0.553393 -0.566070 -0.577928 -0.590003 -0.604273 -0.618736 -0.629932 -0.635654 -0.637488 -0.638157 -0.637656 -0.635113 -0.631170 -0.625718 -0.618291 -0.609009 -0.598579 -0.587547 -0.575913 -0.562949 -0.547293 -0.528546 -0.508604 -0.491625 -0.481615 -0.479801 -0.488686 -0.499547 -0.481299 -0.416034 -0.289747 -0.098699  0.143494  0.412808  0.680373  0.890100  1.009673  1.019599  0.917887  0.728493  0.493101  0.245986  0.023330 -0.154926 -0.281632 -0.358279 -0.399331 -0.423383 -0.445751 -0.473958 -0.505346 -0.538744 -0.572784 -0.599453 -0.616033 -0.623506 -0.626145 -0.630439 -0.634740 -0.636334 -0.637891 -0.639752 -0.641394 -0.642659 -0.643032 -0.642311 -0.640302 -0.636984 -0.632403 -0.626893 -0.621063 -0.614725 -0.605726 -0.591482 -0.570570 -0.542775 -0.509016 -0.471435 
Shapelet  59  -0.374744 -0.270547 -0.136549  0.019450  0.178428  0.315340  0.405403  0.429059  0.375238  0.245873  0.074358 -0.107569 -0.284650 -0.430081 -0.522361 -0.559506 -0.552788 -0.535359 -0.524309 -0.511457 -0.501232 -0.501105 -0.510697 -0.528386 -0.550968 -0.573032 -0.590871 -0.604691 -0.615386 -0.622752 -0.621149 -0.601909 -0.554939 -0.465158 -0.313519 -0.080737  0.249661  0.681958  1.206292  1.797739  2.415574  3.008587  3.521556  3.901985  4.108800  4.119445  3.933583  3.573222  3.078490  2.500392  1.893182  1.306758  0.780610  0.340105 -0.004614 -0.255976 -0.425017 -0.529761 -0.588441 -0.617284 -0.629329 -0.632712 -0.632817 -0.633424 -0.634109 -0.634890 -0.635797 -0.635983 -0.635907 -0.635934 -0.636017 -0.636106 -0.635934 -0.635451 -0.635196 -0.635445 -0.635356 -0.634343 -0.631970 -0.626224 -0.614702 -0.594665 -0.561481 -0.510158 -0.435896 -0.334927 -0.204512 -0.042595  0.149230  0.362981  0.587233  0.814979  1.047907  1.290339  1.538739  1.777927  1.985176  2.135456  2.203828  2.168411  2.018711  1.765392  1.440557  1.085851  0.739311  0.429159  0.171310 -0.030972 -0.184879 -0.303157 -0.397373 -0.473870 -0.534089 -0.577558 -0.604746 -0.619945 -0.628440 -0.633935 -0.637067 -0.637882 -0.637488 -0.637481 -0.637293 -0.637005 -0.636953 -0.637098 -0.637439 -0.637890 -0.637834 -0.637608 -0.637686 -0.637734 -0.637452 -0.637166 -0.637123 -0.636847 -0.635924 -0.633593 -0.629136 -0.622348 -0.613003 -0.600615 -0.582192 -0.549408 -0.493283 -0.408186 -0.292687 -0.148726  0.019095  0.202341  0.388730  0.564440  0.713274  0.815199  0.848555  0.804022  0.732449  0.729406  0.832721  1.036818  1.315886  1.635104  1.950117  2.170986  2.186447  1.971218  1.576407  1.112540  0.657347  0.253503 -0.064404 -0.277776 -0.390688 -0.434745 -0.474096 -0.524268 -0.569801 -0.602307 -0.621032 -0.629926 -0.633311 -0.632584 -0.632042 -0.632583 -0.631534 -0.627977 -0.622856 -0.617554 -0.614131 -0.610975 -0.606062 -0.602318 -0.602896 -0.605192 -0.601672 -0.590288 -0.572305 -0.548292 -0.515934 -0.473325 -0.424795 -0.377870 -0.327954 -0.263974 -0.181916 -0.089939 -0.002660  0.066730  0.108628  0.114661  0.078630  0.001978 -0.103030 -0.214030 -0.308292 -0.369137 -0.383459 -0.346258 -0.262888 -0.148419 -0.026800  0.077670  0.146171  0.162458  0.119984  0.028887 -0.088927 -0.212857 -0.326846 -0.419096 -0.484156 -0.524311 -0.549290 -0.570417 -0.590535 -0.607673 -0.620781 -0.629711 -0.634976 -0.637199 -0.637302 -0.636925 -0.636934 -0.637016 -0.636829 -0.636559 -0.636762 -0.637404 -0.638058 -0.638440 -0.638339 -0.638098 -0.637625 
Shapelet  73  -0.412758 -0.412946 -0.412842 -0.412586 -0.412360 -0.412219 -0.411968 -0.411940 -0.412428 -0.413024 -0.413341 -0.413288 -0.412897 -0.412452 -0.412198 -0.412081 -0.412104 -0.412388 -0.412846 -0.413174 -0.413223 -0.412906 -0.412350 -0.411993 -0.412030 -0.412064 -0.412038 -0.412105 -0.412228 -0.412181 -0.411840 -0.411252 -0.411008 -0.411387 -0.411666 -0.411569 -0.411331 -0.411100 -0.410812 -0.410267 -0.409518 -0.409242 -0.409583 -0.410096 -0.410436 -0.410711 -0.411019 -0.406589 -0.391796 -0.361459 -0.313859 -0.252043 -0.174970 -0.053561  0.162038  0.512196  1.011022  1.645767  2.381368  3.154023  3.847771  4.308435  4.408616  4.102401  3.482131  2.811035  2.138202  1.498792  0.966615  0.615131  0.470025  0.452787  0.346187  0.174975  0.000444 -0.147872 -0.261698 -0.339741 -0.384762 -0.404617 -0.410325 -0.411467 -0.411834 -0.411763 -0.411752 -0.411985 -0.412262 -0.412429 -0.412484 -0.412462 -0.412310 -0.411935 -0.411499 -0.411475 -0.411930 -0.412485 -0.412842 -0.412961 -0.412937 -0.412870 -0.412714 -0.412420 -0.412264 -0.412451 -0.412892 -0.413354 -0.413693 -0.413866 -0.413942 -0.413982 -0.413988 -0.413968 -0.414025 -0.414177 -0.414378 -0.414610 -0.414849 -0.415024 -0.415086 -0.415060 -0.415010 -0.415028 -0.415063 -0.415000 -0.414861 -0.414762 -0.414769 -0.414671 -0.413943 -0.412585 -0.411554 -0.409398 -0.400878 -0.381852 -0.348190 -0.295058 -0.217292 -0.114064  0.001544  0.098118  0.134868  0.139878  0.240188  0.454686  0.790150  1.250889  1.837823  2.541768  3.267834  3.815812  4.104237  4.094257  3.792897  3.250697  2.549075  1.799771  1.143354  0.632826  0.285543  0.086909  0.000729 -0.012643 -0.000645 -0.031377 -0.095805 -0.175523 -0.252952 -0.315747 -0.359720 -0.386720 -0.401320 -0.408184 -0.410920 -0.412132 -0.413030 -0.413699 -0.414068 -0.414202 -0.414107 -0.413863 -0.413606 -0.413571 -0.413768 -0.414008 -0.414195 -0.414367 -0.414486 -0.414520 -0.414463 -0.414322 -0.414285 -0.414401 -0.414547 -0.414674 -0.414765 -0.414841 -0.414879 -0.414874 -0.414877 -0.414913 -0.414947 -0.414972 -0.414953 -0.414941 -0.414959 -0.414914 -0.414709 -0.414220 -0.413259 -0.411597 -0.409203 -0.406434 -0.404153 -0.403087 -0.400704 -0.394741 -0.384611 -0.370284 -0.352031 -0.329942 -0.303852 -0.275878 -0.246772 -0.215279 -0.180217 -0.141213 -0.099229 -0.056701 -0.017397  0.014012  0.033000  0.036623  0.024588 -0.000341 -0.033340 -0.069372 -0.104101 -0.133581 -0.154473 -0.165545 -0.168646 -0.167787 -0.167163 -0.170148 -0.179720 -0.198119 -0.225616 -0.259677 -0.295631 
Shapelet 113  -0.336374 -0.329557 -0.327512 -0.331643 -0.335293 -0.351926 -0.376358 -0.390389 -0.405769 -0.418970 -0.426945 -0.426858 -0.419198 -0.414103 -0.410270 -0.407268 -0.411531 -0.416942 -0.418834 -0.431227 -0.427857 -0.414408 -0.391077 -0.366864 -0.345237 -0.338453 -0.315687 -0.272708 -0.217450 -0.156864 -0.090733  0.032256  0.162888  0.316904  0.640104  0.725313  0.805545  0.852436  0.879529  0.940481  0.955857  0.735540  0.690339  0.588285  0.483333  0.326022  0.128352 -0.066261 -0.224920 -0.337978 -0.401764 -0.436932 -0.457246 -0.470730 -0.475294 -0.481175 -0.488966 -0.499481 -0.509273 -0.516894 -0.521469 -0.523626 -0.525599 -0.528104 -0.529515 -0.529479 -0.526903 -0.523135 -0.519438 -0.516587 -0.512387 -0.504372 -0.490529 -0.469880 -0.443023 -0.411754 -0.380892 -0.357664 -0.314024 -0.276693 -0.225119 -0.151351 -0.020474  0.252137  0.705012  1.312140  2.094108  3.015289  3.942283  4.661420  5.133041  5.185618  4.956740  4.427684  3.815529  3.184231  2.659258  2.172359  1.847732  1.551231  1.340570  1.031440  0.679757  0.341788  0.062054 -0.138359 -0.257948 -0.336501 -0.398422 -0.438338 -0.456061 -0.465118 -0.468889 -0.478524 -0.490185 -0.499291 -0.505380 -0.508932 -0.511494 -0.516205 -0.521552 -0.526664 -0.530513 -0.532336 -0.532487 -0.531531 -0.530249 -0.529498 -0.528874 -0.526545 -0.521513 -0.514559 -0.507310 -0.500989 -0.492708 -0.479144 -0.463316 -0.445999 -0.425310 -0.394696 -0.328041 -0.217463 -0.117171 -0.017141  0.064336  0.116512  0.173797  0.153778  0.112679  0.059674  0.003002 -0.024913 -0.030466 -0.062461 -0.065717 -0.108394 -0.148522 -0.198016 -0.266494 -0.336016 -0.394478 -0.440014 -0.471742 -0.490593 -0.501782 -0.509653 -0.515654 -0.521921 -0.527629 -0.531968 -0.534923 -0.536627 -0.537378 -0.537603 -0.537651 -0.537631 -0.537562 -0.536896 -0.535055 -0.531437 -0.525336 -0.516678 -0.506127 -0.495260 -0.485929 -0.473656 -0.455604 -0.424625 -0.380414 -0.317717 -0.234789 -0.139916 -0.031241  0.091880  0.224641  0.344823  0.510006  0.746217  0.885201  1.101826  1.331889  1.466265  1.548384  1.504611  1.270365  1.075712  0.820403  0.567387  0.396466  0.260152  0.156615  0.126750 
Shapelet 114   4.390454  4.968419  5.204249  5.054848  4.561173  3.814964  2.950402  2.089815  1.335076  0.765981  0.395634  0.185989  0.079637  0.012448 -0.041192 -0.090668 -0.148198 -0.209763 -0.270387 -0.322636 -0.360932 -0.387587 -0.405376 -0.416322 -0.422754 -0.425908 -0.427204 -0.427491 -0.427484 -0.427277 -0.427026 -0.426327 -0.425798 -0.425104 -0.424584 -0.423685 -0.421338 -0.414684 -0.398831 -0.368735 -0.322945 -0.267166 -0.213125 -0.170921 -0.142978 -0.126983 -0.108862 -0.042391  0.137297  0.482192  0.995773  1.617773  2.247594  2.774584  3.092149  3.129988  2.878722  2.393596  1.769676  1.115415  0.566564  0.183726 -0.035521 -0.135740 -0.174493 -0.187983 -0.187591 -0.211382 -0.256961 -0.309723 -0.356970 -0.390534 -0.409604 -0.417668 -0.420709 -0.422641 -0.424485 -0.425753 -0.426789 -0.427352 -0.427820 -0.428016 -0.428101 -0.428051 -0.427917 -0.427504 -0.426744 -0.425471 -0.423433 -0.420514 -0.416410 -0.410886 -0.403748 -0.395521 -0.387502 -0.378937 -0.365505 -0.342529 -0.308461 -0.263427 -0.209791 -0.149546 -0.092972 -0.054776 -0.058490 -0.079949 -0.069384 -0.038954 -0.007391  0.011615  0.015133  0.022832  0.015412 -0.043015 -0.128422 -0.220592 -0.296901 -0.344826 -0.367314 -0.372103 -0.373006 -0.378383 -0.385827 -0.394791 -0.404481 -0.412888 -0.418966 -0.422717 -0.425019 -0.426430 -0.427310 -0.427803 -0.428088 -0.428178 -0.428293 -0.428342 -0.428371 -0.428151 -0.427758 -0.426771 -0.424942 -0.421747 -0.416765 -0.410239 -0.402963 -0.395949 -0.390081 -0.386062 -0.383884 -0.381071 -0.372261 -0.352921 -0.323375 -0.289533 -0.260128 -0.241436 -0.224099 -0.194550 -0.156423 -0.117746 -0.084269 -0.056215 -0.031396 -0.020591 -0.038583 -0.082120 -0.139197 -0.196150 -0.242999 -0.276803 -0.300059 -0.317296 -0.332044 -0.346256 -0.360691 -0.375335 -0.389264 -0.401281 -0.410628 -0.417273 -0.421691 -0.424514 -0.426378 -0.427533 -0.428210 -0.428526 
Shapelet 115   1.367596  1.205129  0.966532  0.532822  0.365547  0.210930  0.167172  0.119815 -0.036708 -0.184025 -0.223441 -0.295003 -0.296069 -0.329961 -0.370328 -0.387509 -0.413355 -0.434985 -0.448807 -0.465431 -0.473693 -0.475633 -0.476716 -0.477251 -0.476404 -0.476357 -0.477031 -0.474995 -0.470358 -0.465108 -0.464882 -0.460660 -0.441905 -0.409161 -0.374011 -0.344200 -0.320371 -0.287703 -0.263800 -0.275707 -0.290787 -0.297802 -0.233868 -0.032316  0.196870  0.467554  0.811311  1.209045  1.623455  1.988795  1.970980  1.929489  1.808407  1.731786  1.523217  1.251524  1.052954  0.935333  0.825095  0.670327  0.451200  0.310932  0.224338  0.012209 -0.043923 -0.143437 -0.134304 -0.173263 -0.225538 -0.308431 -0.360931 -0.398434 -0.410470 -0.441779 -0.457149 -0.473074 -0.479410 -0.483451 -0.489556 -0.492361 -0.497071 -0.500373 -0.501128 -0.500675 -0.499320 -0.497759 -0.495748 -0.492592 -0.488679 -0.485091 -0.481918 -0.475164 -0.462678 -0.447968 -0.437196 -0.422852 -0.408411 -0.401954 -0.388308 -0.385445 -0.355026 -0.321737 -0.247504 -0.140740 -0.103767 -0.096719 -0.086942 -0.104372 -0.065812 -0.110827 -0.213368 -0.223569 -0.213212 -0.120075 -0.100612 -0.116894 -0.063167 -0.025441 -0.013995 -0.025502 -0.100279 -0.115061 -0.143554 -0.215647 -0.261463 -0.303537 -0.318429 -0.352559 -0.376669 -0.409548 -0.433759 -0.442622 -0.446375 -0.452456 -0.457140 -0.463459 -0.469911 -0.469034 -0.468490 -0.470103 -0.473739 -0.475985 -0.477827 -0.478930 -0.484619 -0.488414 -0.484741 -0.481625 -0.478341 -0.474065 -0.471076 -0.467991 -0.458425 -0.438205 -0.421897 -0.384519 -0.328430 -0.287388 -0.203058 -0.080551  0.007897  0.081669  0.136328  0.140240 
Shapelet 119   0.301809  0.368067  0.445891  0.538722  0.519926  0.462490  0.316719  0.132167 -0.064738 -0.249959 -0.401698 -0.506541 -0.573249 -0.614916 -0.641626 -0.661058 -0.672140 -0.672629 -0.674516 -0.673744 -0.672986 -0.671962 -0.672450 -0.672843 -0.674039 -0.672844 -0.673570 -0.672950 -0.674531 -0.673762 -0.673234 -0.672894 -0.673956 -0.673461 -0.674706 -0.674122 -0.675258 -0.672585 -0.664756 -0.642125 -0.594702 -0.518945 -0.402479 -0.241533 -0.042746  0.191126  0.437994  0.669967  0.869676  1.005094  1.067012  1.050063  0.911350  0.730879  0.619761  0.532939  0.520517  0.621964  0.824341  1.154974  1.523374  1.807865  2.044281  2.179781  2.165839  2.017058  1.754327  1.409944  1.025548  0.636873  0.276330 -0.030391 -0.269460 -0.441498 -0.552353 -0.619312 -0.655025 -0.669613 -0.672893 -0.671846 -0.671218 -0.672714 -0.673499 -0.672906 -0.672229 -0.663221 -0.641665 -0.606790 -0.556828 -0.459611 -0.264656  0.046692  0.553089  1.287953  2.239204  3.297436  4.193158  4.764827  4.946515  4.728009  4.181850  3.326486  2.299502  1.401574  0.728714  0.303250  0.061378 -0.106393 -0.206167 -0.249261 -0.297450 -0.332569 -0.325308 -0.294113 -0.245293 -0.194370 -0.168290 -0.167946 -0.201478 -0.268564 -0.354322 -0.445656 -0.527354 -0.593098 -0.641399 -0.666039 -0.672955 -0.672713 -0.671351 -0.660600 -0.630115 -0.574795 -0.492651 -0.386503 -0.266766 -0.152877 -0.071883 -0.041524 -0.067751 -0.137000 -0.226855 -0.323455 -0.415263 -0.493851 -0.550310 -0.571371 -0.577327 -0.588874 -0.607431 -0.629476 -0.640941 -0.642292 -0.650430 -0.659101 -0.666449 -0.672402 -0.675092 -0.678171 -0.680549 -0.678626 -0.674536 -0.663697 -0.643200 -0.610096 -0.564973 -0.509201 -0.438987 -0.338206 -0.189823  0.010465  0.250705  0.506995  0.747574  0.934823  1.030868  1.010296  0.878285  0.668304  0.421611  0.172974 -0.049034 -0.224815 -0.349032 -0.431566 -0.493208 -0.547731 -0.596180 -0.633521 -0.658732 -0.673140 -0.679380 -0.680121 -0.680257 -0.677312 -0.668803 -0.650404 -0.616665 -0.561629 -0.479576 -0.362436 -0.208645 -0.019854  0.199949  0.442266  0.691962  0.931562  1.141182  1.302743  1.401182  1.426497  1.375252  1.252190  1.068368  0.841911  0.592227  0.339323  0.100655 -0.111133 -0.288029 -0.426577 -0.526396 -0.594100 -0.637278 -0.662659 -0.675686 -0.680798 -0.680874 -0.681090 -0.681848 -0.681831 -0.681404 -0.681249 -0.681115 -0.681407 -0.681858 -0.681833 -0.680382 -0.675462 -0.665030 -0.649889 -0.635476 -0.625699 -0.598304 -0.543552 -0.459446 -0.340065 -0.195124 -0.052619  0.073451  0.169261  0.214412  0.182756  0.073029 


; cmd = ShapeletResearch/Execs/FastShapelet UCRArchive_2018//InsectWingbeatSound/InsectWingbeatSound_TRAIN.tsv 11 220 257 10 1 10 10 0 1 10 UCRArchive_2018//InsectWingbeatSound/tree.txt UCRArchive_2018//InsectWingbeatSound/time.txt
; time =>  199.350   8.411  45.996   4.427 137.253 
