;Shapelet Tree 

;random seed:1551068712, rand()=236833388, rand()=839863424
;command = ShapeletResearch/Execs/FastShapelet UCRArchive_2018//GunPointAgeSpan/GunPointAgeSpan_TRAIN.tsv 2 135 151 10 1 10 10 0 1 10 UCRArchive_2018//GunPointAgeSpan/tree.txt UCRArchive_2018//GunPointAgeSpan/time.txt 

;Local Class:   0  1 
;Real  Class:   1  2 

;Node ID class   obj  pos  len  dist_th 
TreeSize: 14 
NonL  1    --     52   80   47   2.5566 ==>  57   1  /  11  66 
Leaf  2     1    
NonL  3    --      0   42   19   0.9903 ==>   9   2  /   2  64 
NonL  6    --      9   29  100   2.9740 ==>   0   2  /   9   0 
Leaf  7     2    
Leaf 12     2    
Leaf 13     1    

;Shapelet id   <data>
Shapelet   1  1303.840000 1271.017000 1234.306700 1195.186000 1156.336500 1119.880700 1085.481600 1054.945100 1026.341000 1000.621800 978.525540 961.665540 949.764390 941.277830 934.831510 930.499840 928.023350 926.899230 926.607670 927.370560 928.867880 930.088200 932.017420 935.931700 938.507410 942.639330 946.929480 951.099030 954.489340 958.453360 963.794710 970.488480 975.471130 977.736700 974.854570 963.432610 945.803110 922.271720 895.434960 869.017040 847.516290 833.187890 825.980020 824.048520 824.184350 822.725770 821.885400 
Shapelet   3  895.632730 894.756880 892.913430 889.654510 887.664740 883.469740 880.095620 1192.066800 1221.845400 1251.884400 1277.711200 1298.563100 1318.021400 1333.966100 1345.863900 1353.712300 1357.629000 1359.533000 1360.707400 
Shapelet   6  326.629760 326.662800 326.716220 326.591760 326.696780 326.738710 326.685770 326.841310 326.796280 326.810310 326.800180 326.821710 327.061350 327.016640 327.363870 329.528800 335.925640 345.936370 362.774280 362.774280 362.774280 362.774280 422.000000 446.694570 461.641230 475.983630 491.799380 509.307910 522.787130 529.670550 532.994760 533.334040 535.602790 535.813120 534.945570 536.920650 537.120820 538.956900 539.544600 539.740700 539.695160 539.672960 540.196120 539.140770 538.801640 538.324870 537.931400 537.408660 536.898940 537.182680 536.375390 536.530260 536.212570 533.772580 531.281250 528.342590 523.722420 515.549070 502.822390 490.799180 479.072730 467.288530 456.259640 448.094160 445.350000 435.840000 418.857140 394.946600 377.305630 357.292240 340.275860 327.025970 315.242900 307.530920 304.932050 305.206830 307.909580 311.706560 313.972080 315.289320 316.286660 316.554650 316.820920 317.065400 317.096920 317.586100 318.105750 318.835800 319.735130 320.347070 320.839070 321.224860 321.405360 321.465500 321.474770 321.653370 321.724510 321.694490 321.913520 321.738540 


; cmd = ShapeletResearch/Execs/FastShapelet UCRArchive_2018//GunPointAgeSpan/GunPointAgeSpan_TRAIN.tsv 2 135 151 10 1 10 10 0 1 10 UCRArchive_2018//GunPointAgeSpan/tree.txt UCRArchive_2018//GunPointAgeSpan/time.txt
; time =>    9.824   0.525   2.599   0.295   6.095 
