;Shapelet Tree 

;random seed:1550684511, rand()=1400767195, rand()=1364494261
;command = ../../ShapeletResearch/Execs/FastShapelet ../../UCRArchive_2018//ACSF1/ACSF1_TRAIN.tsv 10 100 1461 10 1 10 10 1 0 10 ../../UCRArchive_2018//ACSF1/tree.txt ../../UCRArchive_2018//ACSF1/time.txt 

;Local Class:   0  1  2  3  4  5  6  7  8  9 
;Real  Class:   9  3  4  0  6  5  2  8  7  1 

;Node ID class   obj  pos  len  dist_th 
TreeSize: 112 
NonL  1    --     29  114  1267  14.5639 ==>   0   0  10   0   1   2   9   0   0  10  /  10  10   0  10   9   8   1  10  10   0 
NonL  2    --     14  451   27   0.6066 ==>   0   0   0   0   1   2   9   0   0   0  /   0   0  10   0   0   0   0   0   0  10 
NonL  3    --     42    1  1456  31.9139 ==>  10   0   0  10   9   8   1   0  10   0  /   0  10   0   0   0   0   0  10   0   0 
NonL  4    --      5  1261   42   0.7524 ==>   0   0   0   0   0   0   9   0   0   0  /   0   0   0   0   1   2   0   0   0   0 
NonL  5    --     10  1255   21   1.4196 ==>   0   0   3   0   0   0   0   0   0  10  /   0   0   7   0   0   0   0   0   0   0 
NonL  6    --      0    0   21   0.0666 ==>  10   0   0   0   0   6   0   0   0   0  /   0   0   0  10   9   2   1   0  10   0 
NonL  7    --      4  1122  118  11.8085 ==>   0  10   0   0   0   0   0   0   0   0  /   0   0   0   0   0   0   0  10   0   0 
Leaf  8     2    
NonL  9    --      0  977   38   0.5200 ==>   0   0   0   0   1   0   0   0   0   0  /   0   0   0   0   0   2   0   0   0   0 
NonL 10    --      0  682   11   0.2274 ==>   0   0   3   0   0   0   0   0   0   0  /   0   0   0   0   0   0   0   0   0  10 
Leaf 11     4    
NonL 12    --     12  506  173   0.4715 ==>   0   0   0   0   0   6   0   0   0   0  /  10   0   0   0   0   0   0   0   0   0 
NonL 13    --     18  472  857   2.9335 ==>   0   0   0   0   9   0   1   0   0   0  /   0   0   0  10   0   2   0   0  10   0 
Leaf 14     3    
Leaf 15     8    
Leaf 18     6    
Leaf 19     5    
Leaf 20     4    
Leaf 21     1    
Leaf 24     5    
Leaf 25     9    
Leaf 26     6    
NonL 27    --      8  370  214   5.3160 ==>   0   0   0  10   0   0   0   0   0   0  /   0   0   0   0   0   2   0   0  10   0 
Leaf 54     0    
NonL 55    --      3  594  288   8.8727 ==>   0   0   0   0   0   0   0   0  10   0  /   0   0   0   0   0   2   0   0   0   0 
Leaf 110     7    
Leaf 111     5    

;Shapelet id   <data>
Shapelet   1   1.511437 -0.865763 -0.928470  0.208574  1.514102 -0.865752 -0.923975  0.232123  1.509314 -0.865622 -0.925102  0.231007  1.512618 -0.865622 -0.927344  0.211943  1.514275 -0.865730 -0.925102  0.233250  1.512564 -0.865611 -0.922859  0.227638  1.511578 -0.865633 -0.925102  0.217543  1.503692 -0.865676 -0.926217  0.213058  1.510452 -0.865709 -0.918375  0.242219  1.511870 -0.865546 -0.923975  0.227638  1.514849 -0.865644 -0.925102  0.229881  1.510148 -0.865633 -0.921733  0.232123  1.508447 -0.865611 -0.921733  0.223154  1.504732 -0.865633 -0.925102  0.208574  1.503270 -0.865709 -0.925102  0.222027  1.502392 -0.865655 -0.923975  0.213058  1.501547 -0.865698 -0.921733  0.226512  1.504905 -0.865633 -0.923975  0.231007  1.507332 -0.865633 -0.926217  0.207458  1.505003 -0.865752 -0.916133  0.268010  1.538182 -0.865481 -0.911648  0.292675  1.532744 -0.865340 -0.912764  0.282590  1.540110 -0.865416 -0.912764  0.285948  1.539449 -0.865405 -0.912764  0.284832  1.533881 -0.865384 -0.913890  0.281464  1.532408 -0.865395 -0.913890  0.280337  1.536546 -0.865416 -0.910522  0.284832  1.534336 -0.865384 -0.911648  0.282590  1.535495 -0.865405 -0.911648  0.289317  1.532202 -0.865351 -0.915006  0.283706  1.533058 -0.865395 -0.915006  0.275853  1.535831 -0.865438 -0.928470  0.228765  1.529820 -0.865665 -0.929586  0.219785  1.538420 -0.865730 -0.929586  0.209700  1.531693 -0.865774 -0.893699  0.354353  1.536362 -0.864961 -0.927344  0.227638  1.539352 -0.865687 -0.903795  0.325193  1.541637 -0.865135 -0.921733  0.250061  1.534618 -0.865557 -0.916133  0.287075  1.543728 -0.865395 -0.918375  0.270252  1.538875 -0.865470 -0.923975  0.245577  1.540207 -0.865600 -0.925102  0.243334  1.538973 -0.865611 -0.921733  0.261283  1.541724 -0.865525 -0.918375  0.269126  1.540912 -0.865470 -0.931828  0.216427  1.535647 -0.865752 -0.919491  0.264641  1.536839 -0.865492 -0.923975  0.247819  1.542298 -0.865600 -0.919491  0.271368  1.539753 -0.865449 -0.929586  0.231007  1.543349 -0.865687 -0.916133  0.284832  1.540045 -0.865384 -0.931828  0.225396  1.539363 -0.865698 -0.932955  0.218669  1.540987 -0.865741 -0.920617  0.260157  1.539623 -0.865514 -0.927344  0.236607  1.545721 -0.865665 -0.907164  0.310624  1.540543 -0.865243 -0.892583  0.363322  1.543685 -0.864961 -0.932955  0.214185  1.544432 -0.865785 -0.938555  0.186151  1.547075 -0.865936 -0.932955  0.211943  1.547498 -0.865806 -0.932955  0.218669  1.550975 -0.865774 -0.936313  0.193994  1.550780 -0.865915 -0.930713  0.213058  1.550314 -0.865806 -0.935197  0.206332  1.548472 -0.865850 -0.934071  0.206332  1.550032 -0.865850 -0.937440  0.191751  1.547823 -0.865915 -0.929586  0.216427  1.542666 -0.865763 -0.928470  0.219785  1.544118 -0.865752 -0.934071  0.210816  1.537857 -0.865795 -0.930713  0.207458  1.539861 -0.865817 -0.932955  0.195120  1.541540 -0.865882 -0.932955  0.206332  1.541356 -0.865828 -0.932955  0.204089  1.540023 -0.865839 -0.932955  0.200731  1.541107 -0.865860 -0.923975  0.239976  1.543901 -0.865644 -0.934071  0.192878  1.544530 -0.865904 -0.929586  0.222027  1.542937 -0.865741 -0.926217  0.231007  1.544237 -0.865709 -0.928470  0.217543  1.542970 -0.865763 -0.935197  0.195120  1.538756 -0.865871 -0.935197  0.192878  1.537445 -0.865882 -0.934071  0.205216  1.539449 -0.865828 -0.937440  0.190636  1.546523 -0.865915 -0.922859  0.237734  1.545288 -0.865665 -0.892583  0.348742  1.537608 -0.865005 -0.817462  0.624595  1.542721 -0.863553 -0.827558  0.590961  1.545266 -0.863748 -0.926217  0.238850  1.545505 -0.865655 -0.825316  0.598803  1.539883 -0.863716 -0.932955  0.215301  1.553076 -0.865817 -0.934071  0.205216  1.544129 -0.865871 -0.939682  0.191751  1.539883 -0.865925 -0.932955  0.213058  1.541832 -0.865828 -0.936313  0.186151  1.539395 -0.865947 -0.929586  0.227638  1.538788 -0.865730 -0.832042  0.577497  1.535994 -0.863846 -0.809609  0.653755  1.536113 -0.863412 -0.760268  0.816346  1.532430 -0.862513 -0.845496  0.515829  1.527426 -0.864127 -0.835400  0.503491  1.537857 -0.864149 -0.835400  0.502375  1.531455 -0.864127 -0.821947  0.562927  1.534434 -0.863846 -0.815220  0.570770  1.530101 -0.863770 -0.815220  0.565170  1.534586 -0.863824 -0.814093  0.569654  1.534607 -0.863802 -0.810735  0.588719  1.537911 -0.863705 -0.864561  0.407052  1.542861 -0.864680 -0.918375  0.214185  1.530274 -0.865741 -0.894826  0.285948  1.536427 -0.865340 -0.920617  0.202974  1.531217 -0.865806 -0.923975  0.199605  1.525292 -0.865806 -0.921733  0.211943  1.535636 -0.865774 -0.923975  0.204089  1.536665 -0.865817 -0.926217  0.214185  1.531986 -0.865774 -0.930713  0.198478  1.537565 -0.865871 -0.928470  0.206332  1.532365 -0.865817 -0.835400  0.542736  1.531639 -0.863986 -0.926217  0.216427  1.542103 -0.865774 -0.925102  0.209700  1.537023 -0.865806 -0.931828  0.189509  1.537987 -0.865915 -0.926217  0.223154  1.541778 -0.865752 -0.922859  0.201847  1.544833 -0.865839 -0.899310  0.280337  1.545483 -0.865416 -0.904921  0.259041  1.542493 -0.865535 -0.911648  0.232123  1.547346 -0.865698 -0.912764  0.209700  1.542656 -0.865795 -0.916133  0.208574  1.546263 -0.865806 -0.912764  0.226512  1.543620 -0.865709 -0.916133  0.207458  1.539438 -0.865806 -0.917248  0.202974  1.543219 -0.865839 -0.899310  0.276979  1.546014 -0.865449 -0.921733  0.211943  1.541962 -0.865795 -0.922859  0.210816  1.547194 -0.865817 -0.925102  0.196236  1.542331 -0.865882 -0.919491  0.208574  1.537109 -0.865806 -0.919491  0.209700  1.545515 -0.865817 -0.923975  0.202974  1.546653 -0.865850 -0.921733  0.204089  1.529538 -0.865806 -0.921733  0.202974  1.528216 -0.865817 -0.903795  0.244461  1.536373 -0.865579 -0.912764  0.218669  1.535311 -0.865741 -0.916133  0.215301  1.540110 -0.865763 -0.918375  0.200731  1.536914 -0.865839 -0.918375  0.200731  1.536828 -0.865839 -0.916133  0.214185  1.531910 -0.865763 -0.917248  0.197362  1.533221 -0.865850 -0.913890  0.208574  1.532571 -0.865785 -0.918375  0.190636  1.525692 -0.865860 -0.910522  0.209700  1.529689 -0.865752 -0.917248  0.192878  1.530892 -0.865860 -0.912764  0.207458  1.528043 -0.865774 -0.899310  0.254556  1.524837 -0.865503 -0.915006  0.199605  1.526407 -0.865828 -0.916133  0.208574  1.531141 -0.865785 -0.919491  0.206332  1.528411 -0.865806 -0.919491  0.200731  1.529061 -0.865828 -0.918375  0.199605  1.533448 -0.865839 -0.918375  0.200731  1.538442 -0.865850 -0.916133  0.207458  1.538128 -0.865806 -0.918375  0.197362  1.534878 -0.865839 -0.916133  0.201847  1.522226 -0.865806 -0.918375  0.196236  1.534748 -0.865860 -0.824189  0.523671  1.536914 -0.864051 -0.849980  0.437328  1.538799 -0.864485 -0.915006  0.208574  1.537153 -0.865795 -0.911648  0.200731  1.530924 -0.865806 -0.915006  0.197362  1.537489 -0.865860 -0.909406  0.205216  1.533437 -0.865806 -0.910522  0.199605  1.533069 -0.865828 -0.910522  0.209700  1.534813 -0.865785 -0.919491  0.188393  1.547703 -0.865947 -0.913890  0.206332  1.546609 -0.865850 -0.916133  0.198478  1.543836 -0.865871 -0.913890  0.200731  1.538334 -0.865850 -0.902679  0.215301  1.532105 -0.865741 -0.899310  0.242219  1.535225 -0.865611 -0.908279  0.215301  1.535983 -0.865774 -0.915006  0.191751  1.538236 -0.865904 -0.910522  0.209700  1.538139 -0.865806 -0.911648  0.196236  1.531433 -0.865860 -0.910522  0.206332  1.533557 -0.865795 -0.911648  0.205216  1.537001 -0.865817 -0.915006  0.189509  1.536070 -0.865893 -0.911648  0.217543  1.535116 -0.865741 -0.918375  0.185025  1.532582 -0.865925 -0.915006  0.200731  1.527935 -0.865828 -0.913890  0.206332  1.526082 -0.865785 -0.900437  0.248945  1.523082 -0.865535 -0.910522  0.213058  1.530827 -0.865774 -0.920617  0.190636  1.524003 -0.865882 -0.913890  0.207458  1.527101 -0.865795 -0.919491  0.188393  1.534261 -0.865915 -0.911648  0.242219  1.529852 -0.865590 -0.916133  0.229881  1.525887 -0.865644 -0.913890  0.223154  1.517655 -0.865655 -0.913890  0.234365  1.531401 -0.865644 -0.921733  0.216427  1.535387 -0.865741 -0.917248  0.232123  1.539211 -0.865665 -0.919491  0.209700  1.479504 -0.865546 -0.891457  0.272495  1.477446 -0.865178 -0.915006  0.229881  1.485028 -0.865405 -0.922859  0.217543  1.541063 -0.865741 -0.917248  0.235492  1.534781 -0.865633 -0.921733  0.223154  1.540229 -0.865709 -0.920617  0.239976  1.545472 -0.865633 -0.923975  0.217543  1.539124 -0.865741 -0.918375  0.225396  1.534726 -0.865687 -0.915006  0.250061  1.536590 -0.865546 -0.923975  0.220912  1.536720 -0.865720 -0.917248  0.235492  1.533751 -0.865633 -0.922859  0.226512  1.533253 -0.865665 -0.908279  0.281464  1.535582 -0.865373 -0.922859  0.227638  1.540305 -0.865687 -0.922859  0.227638  1.537770 -0.865676 -0.921733  0.235492  1.538680 -0.865633 -0.922859  0.226512  1.536449 -0.865676 -0.918375  0.242219  1.539698 -0.865600 -0.925102  0.216427  1.539200 -0.865741 -0.920617  0.231007  1.539298 -0.865665 -0.922859  0.217543  1.536113 -0.865730 -0.919491  0.226512  1.531618 -0.865676 -0.917248  0.228765  1.530686 -0.865665 -0.919491  0.233250  1.536979 -0.865655 -0.900437  0.305013  1.529126 -0.865221 -0.922859  0.229881  1.538074 -0.865676 -0.920617  0.231007  1.537749 -0.865665 -0.920617  0.232123  1.540847 -0.865655 -0.922859  0.228765  1.538323 -0.865676 -0.918375  0.233250  1.533557 -0.865644 -0.922859  0.224270  1.535463 -0.865698 -0.922859  0.229881  1.534477 -0.865655 -0.927344  0.220912  1.536633 -0.865709 -0.919491  0.235492  1.536525 -0.865622 -0.925102  0.227638  1.536665 -0.865676 -0.923975  0.238850  1.535777 -0.865611 -0.920617  0.251188  1.535929 -0.865535 -0.925102  0.233250  1.533784 -0.865644 -0.926217  0.229881  1.537240 -0.865665 -0.927344  0.218669  1.532148 -0.865709 -0.918375  0.247819  1.528292 -0.865535 -0.926217  0.225396  1.529852 -0.865676 -0.925102  0.226512  1.531650 -0.865665 -0.923975  0.224270  1.527263 -0.865655 -0.909406  0.250061  1.527848 -0.865535 -0.919491  0.207458  1.522594 -0.865741 -0.925102  0.193994  1.525617 -0.865839 -0.920617  0.218669  1.535940 -0.865730 -0.910522  0.251188  1.535593 -0.865535 -0.908279  0.255672  1.530740 -0.865514 -0.915006  0.234365  1.531184 -0.865611 -0.926217  0.202974  1.533578 -0.865806 -0.921733  0.215301  1.535593 -0.865741 -0.922859  0.211943  1.535669 -0.865752 -0.921733  0.215301  1.535647 -0.865741 -0.926217  0.193994  1.533026 -0.865839 -0.923975  0.204089  1.533979 -0.865795 -0.922859  0.210816  1.532452 -0.865752 -0.926217  0.202974  1.533719 -0.865806 -0.918375  0.223154  1.532679 -0.865698 -0.919491  0.223154  1.534867 -0.865698 -0.921733  0.211943  1.531834 -0.865763 -0.925102  0.198478  1.524934 -0.865817 -0.916133  0.234365  1.533643 -0.865633 -0.922859  0.206332  1.524241 -0.865774 -0.906037  0.273610  1.533416 -0.865405 -0.921733  0.209700  1.532777 -0.865774 -0.927344  0.191751  1.533383 -0.865871 -0.923975  0.207458  1.526277 -0.865774 -0.927344  0.190636  1.530253 -0.865860 -0.922859  0.205216  1.533925 -0.865795 -0.925102  0.208574  1.534900 -0.865774 -0.919491  0.220912  1.530751 -0.865698 -0.922859  0.204089  1.532224 -0.865785 -0.926217  0.190636  1.529224 -0.865860 -0.923975  0.202974  1.530935 -0.865795 -0.927344  0.187267  1.533286 -0.865882 -0.920617  0.209700  1.524652 -0.865730 -0.922859  0.199605  1.530523 -0.865828 -0.922859  0.192878  1.519280 -0.865839 -0.923975  0.201847  1.515413 -0.865806 -0.928470  0.186151  1.525692 -0.865893 -0.923975  0.200731  1.529657 -0.865828 -0.927344  0.183909  1.526700 -0.865893 -0.913890  0.236607  1.527631 -0.865611 -0.918375  0.207458  1.519334 -0.865752 -0.922859  0.195120  1.527371 -0.865839 -0.923975  0.202974  1.529224 -0.865806 -0.923975  0.193994  1.525227 -0.865850 -0.922859  0.201847  1.524858 -0.865806 -0.927344  0.190636  1.525963 -0.865860 -0.918375  0.228765  1.524187 -0.865655 -0.921733  0.209700  1.523418 -0.865763 -0.917248  0.223154  1.528444 -0.865687 -0.870161  0.407052  1.525671 -0.864669 -0.818589  0.573012  1.520136 -0.863748 -0.906037  0.264641  1.523537 -0.865460 -0.922859  0.199605  1.522367 -0.865806 -0.919491  0.198478  1.521240 -0.865806 -0.908279  0.250061  1.524674 -0.865525 -0.923975  0.197362  1.528444 -0.865828 -0.923975  0.198478  1.529451 -0.865828 -0.923975  0.188393  1.528010 -0.865893 -0.919491  0.206332  1.528314 -0.865795 -0.923975  0.188393  1.526992 -0.865882 -0.920617  0.196236  1.527263 -0.865850 -0.918375  0.206332  1.528162 -0.865785 -0.854465  0.432843  1.528184 -0.864485 -0.894826  0.281464  1.527166 -0.865340 -0.906037  0.239976  1.525952 -0.865600 -0.921733  0.199605  1.528964 -0.865828 -0.897068  0.282590  1.529332 -0.865330 -0.918375  0.208574  1.529386 -0.865795 -0.891457  0.301644  1.529733 -0.865221 -0.925102  0.197362  1.530708 -0.865850 -0.920617  0.216427  1.532354 -0.865741 -0.921733  0.206332  1.529679 -0.865795 -0.923975  0.204089  1.532679 -0.865795 -0.900437 
Shapelet   2  -0.627663 -0.775753 -0.113466  1.710327 -0.627325 -0.777824 -0.114502  1.711721 -0.627345 -0.724966 -0.281373  1.711771 -0.628081 -0.760208 -0.301061  1.705776 -0.628111 -0.687652 -0.318687  1.706762 -0.628271 -0.756056 -0.314534  1.707260 -0.628171 -0.775753 -0.020187 
Shapelet   3  -1.352876  1.235487 -1.352876 -1.352876 -1.352876  1.240752 -1.352876 -1.352876 -1.352876  1.239044 -1.352876 -1.285732  1.390068  1.231358 -1.341373 -1.286856  1.383354  1.229812 -1.341395 -1.285732  1.378879  1.227844 -1.341406 -0.325537 -0.186762  1.230341 -1.344433 -0.324413 -0.176697  1.230741 -1.344401 -0.324413 -0.173335  1.230968 -1.344401 -0.323299 -0.172211  1.231044 -1.344401 -0.324413 -0.169973  1.231163 -1.344390 -0.323299 -0.167735  1.232147 -1.344390 -0.323299 -0.165497  1.232579 -1.344379 -0.417297  0.516044  1.231250 -1.342855 -0.417297  0.514920  1.231877 -1.342887 -0.418421  0.510444  1.229660 -1.342898 -0.418421  0.509320  1.228666 -1.342898 -1.285732  1.376641  1.229012 -1.341417 -1.285732  1.374403  1.228579 -1.341428 -1.285732  1.375517  1.229433 -1.341428 -1.285732  1.371041  1.227022 -1.341428 -1.286856  1.349776  1.214104 -1.341460 -0.441924  0.518282  1.215401 -1.342876 -0.471015  0.596615  1.215207 -1.342736 -0.466539  0.617880  1.227390 -1.342703 -0.468777  0.618993  1.227174 -1.342692 -0.467664  0.621231  1.228417 -1.342692 -0.467664  0.618993  1.229001 -1.342692 -0.471015  0.607804  1.219271 -1.342725 -0.471015  0.608928  1.220169 -1.342714 -0.472139  0.604453  1.217174 -1.342725 -0.471015  0.607804  1.219552 -1.342725 -0.472139  0.608928  1.219628 -1.342714 -0.471015  0.610042  1.220904 -1.342714 -0.471015  0.610042  1.220266 -1.342714 -0.472139  0.607804  1.218806 -1.342725 -0.472139  0.605566  1.218666 -1.342725 -0.471015  0.611166  1.220515 -1.342714 -0.472139  0.610042  1.220687 -1.342714 -0.472139  0.610042  1.221001 -1.342714 -0.473253  0.604453  1.217952 -1.342725 -0.473253  0.606691  1.217834 -1.342725 -0.473253  0.604453  1.217239 -1.342725 -0.469901  0.623479  1.228050 -1.342692 -0.469901  0.618993  1.225552 -1.342703 -0.471015  0.618993  1.225693 -1.342703 -0.473253  0.607804  1.218655 -1.342725 -0.472139  0.607804  1.218644 -1.342714 -0.473253  0.607804  1.218904 -1.342725 -0.473253  0.606691  1.217769 -1.342736 -0.471015  0.606691  1.220406 -1.342725 -0.474377  0.603329  1.215823 -1.342725 -0.473253  0.606691  1.217758 -1.342725 -0.472139  0.596615  1.215952 -1.342757 -0.473253  0.605566  1.217293 -1.342725 -0.474377  0.603329  1.215736 -1.342725 -0.473253  0.605566  1.217682 -1.342725 -0.472139  0.607804  1.219055 -1.342725 -0.473253  0.605566  1.217347 -1.342725 -0.473253  0.605566  1.217120 -1.342725 -0.474377  0.604453  1.216655 -1.342725 -0.474377  0.602215  1.215304 -1.342736 -0.472139  0.610042  1.220093 -1.342714 -0.474377  0.605566  1.216623 -1.342725 -0.475501  0.596615  1.211661 -1.342747 -0.474377  0.598853  1.213250 -1.342736 -0.474377  0.599977  1.213726 -1.342736 -0.475501  0.596615  1.211898 -1.342747 -0.475501  0.597739  1.212136 -1.342736 -0.475501  0.597739  1.211736 -1.342747 -0.474377  0.599977  1.213844 -1.342736 -0.474377  0.598853  1.213336 -1.342736 -0.474377  0.597739  1.212277 -1.342736 -0.474377  0.601091  1.214785 -1.342736 -0.473253  0.602215  1.215347 -1.342736 -0.473253  0.601091  1.216201 -1.342736 -0.474377  0.602215  1.215293 -1.342736 -0.473253  0.606691  1.218050 -1.342725 -0.473253  0.605566  1.218158 -1.342725 -0.472139  0.616755  1.223996 -1.342703 -0.471015  0.615642  1.224709 -1.342714 -0.472139  0.614517  1.223185 -1.342714 -0.471015  0.617880  1.224806 -1.342703 -0.471015  0.618993  1.225369 -1.342703 -0.471015  0.618993  1.225131 -1.342692 -0.472139  0.615642  1.223347 -1.342703 -0.472139  0.615642  1.223477 -1.342703 -0.471015  0.614517  1.224093 -1.342714 -0.471015  0.617880  1.225369 -1.342703 -0.471015  0.617880  1.224968 -1.342703 -0.471015  0.620117  1.226450 -1.342703 -0.468777  0.630193  1.232557 -1.342682 -0.468777  0.632431  1.234190 -1.342671 -0.468777  0.631306  1.233109 -1.342682 -0.471015  0.618993  1.225563 -1.342703 -0.472139  0.612280  1.221531 -1.342714 -0.471015  0.614517  1.223942 -1.342714 -0.467664  0.633544  1.234460 -1.342671 -0.468777  0.629068  1.231898 -1.342682 -0.468777  0.631306  1.233995 -1.342682 -0.468777  0.629068  1.232168 -1.342682 -0.468777  0.633544  1.234179 -1.342671 -0.467664  0.636906  1.236536 -1.342671 -0.469901  0.623479  1.228136 -1.342692 -0.469901  0.624593  1.228817 -1.342692 -0.467664  0.638020  1.236871 -1.342671 -0.467664  0.636906  1.235866 -1.342671 -0.466539  0.634668  1.236471 -1.342671 -0.467664  0.634668  1.235055 -1.342671 -0.467664  0.638020  1.237303 -1.342671 -0.466539  0.644733  1.240871 -1.342649 -0.466539  0.641382  1.239768 -1.342660 -0.467664  0.621231  1.230352 -1.342703 -0.468777  0.627955  1.230914 -1.342692 -0.466539  0.642495  1.240395 -1.342660 -0.467664  0.638020  1.236903 -1.342671 -0.466539  0.644733  1.240536 -1.342649 -0.465426  0.645857  1.241574 -1.342649 -0.469901  0.635782  1.231736 -1.342660 -0.468777  0.625717  1.230222 -1.342703 -0.468777  0.646971  1.238806 -1.342638 -0.467664  0.641382  1.238255 -1.342660 -0.466539  0.641382  1.239238 -1.342660 -0.466539  0.634668  1.235876 -1.342671 -0.469901  0.621231  1.227498 -1.342692 -0.469901  0.620117  1.226860 -1.342703 -0.467664  0.635782  1.235163 -1.342671 -0.467664  0.633544  1.233509 -1.342671 -0.467664  0.634668  1.234568 -1.342671 -0.469901  0.617880  1.225769 -1.342703 -0.471015  0.620117  1.225423 -1.342703 -0.471015  0.624593  1.227704 -1.342692 -0.469901  0.640257  1.234774 -1.342649 -0.467664  0.635782  1.235249 -1.342671 -0.469901  0.640257  1.234547 -1.342649 -0.471015  0.618993  1.225131 -1.342682 -0.471015  0.621231  1.226233 -1.342692 -0.471015  0.620117  1.226071 -1.342703 -0.468777  0.638020  1.234979 -1.342671 -0.468777  0.631306  1.232752 -1.342682 -0.468777  0.634668  1.234806 -1.342671 -0.468777  0.632431  1.234222 -1.342682 -0.468777  0.630193  1.232439 -1.342682 -0.471015  0.620117  1.226028 -1.342703 -0.471015  0.620117  1.225552 -1.342703 -0.467664  0.638020  1.236341 -1.342660 -0.467664  0.639144  1.237552 -1.342660 -0.468777  0.630193  1.232893 -1.342682 -0.468777  0.630193  1.231898 -1.342682 -0.468777  0.630193  1.231747 -1.342682 -0.468777  0.632431  1.233595 -1.342682 -0.472139  0.615642  1.222785 -1.342714 -0.472139  0.615642  1.222893 -1.342703 -0.469901  0.623479  1.228093 -1.342692 -0.471015  0.623479  1.228039 -1.342692 -0.469901  0.623479  1.227563 -1.342692 -0.471015  0.622355  1.226990 -1.342692 -0.473253  0.610042  1.219628 -1.342714 -0.473253  0.608928  1.219098 -1.342725 -0.469901  0.622355  1.227920 -1.342692 -0.471015  0.622355  1.227585 -1.342692 -0.469901  0.624593  1.229076 -1.342692 -0.471015  0.623479  1.228201 -1.342692 -0.471015  0.620117  1.226060 -1.342703 -0.472139  0.607804  1.219855 -1.342725 -0.473253  0.608928  1.218796 -1.342725 -0.471015  0.623479  1.228168 -1.342692 -0.469901  0.624593  1.228860 -1.342692 -0.469901  0.624593  1.228914 -1.342692 -0.473253  0.608928  1.219239 -1.342725 -0.473253  0.612280  1.220709 -1.342714 -0.472139  0.614517  1.222114 -1.342714 -0.472139  0.615642  1.223206 -1.342703 -0.472139  0.614517  1.222623 -1.342714 -0.472139  0.615642  1.222839 -1.342714 -0.472139  0.615642  1.223369 -1.342703 -0.472139  0.613404  1.221909 -1.342714 -0.472139  0.616755  1.223844 -1.342703 -0.473253  0.614517  1.222158 -1.342714 -0.469901  0.626831  1.229358 -1.342682 -0.469901  0.625717  1.229087 -1.342692 -0.469901  0.627955  1.230687 -1.342682 -0.476615  0.592140  1.208353 -1.342747 -0.476615  0.593253  1.209109 -1.342747 -0.473253  0.607804  1.218179 -1.342725 -0.473253  0.607804  1.218298 -1.342725 -0.473253  0.611166  1.219920 -1.342714 -0.474377  0.607804  1.217304 -1.342725 -0.472139  0.614517  1.221585 -1.342703 -0.474377  0.606691  1.217293 -1.342725 -0.474377  0.607804  1.218115 -1.342725 -0.477739  0.593253  1.208547 -1.342747 -0.472139  0.614517  1.221866 -1.342714 -0.469901  0.626831  1.230244 -1.342692 -0.468777  0.620117  1.229325 -1.342703 -0.469901  0.622355  1.229001 -1.342692 -0.472139  0.627955  1.227520 -1.342660 -0.472139  0.606691  1.220990 -1.342747 -0.473253  0.611166  1.220471 -1.342714 -0.471015  0.626831  1.229509 -1.342682 -0.471015  0.627955  1.229477 -1.342682 -0.471015  0.624593  1.228709 -1.342692 -0.469901  0.625717  1.229152 -1.342692 -0.473253  0.614517  1.222212 -1.342714 -0.474377  0.605566  1.216806 -1.342725 -0.472139  0.615642  1.222644 -1.342703 -0.471015  0.626831  1.228990 -1.342682 -0.471015  0.626831  1.229487 -1.342692 -0.469901  0.626831  1.230201 -1.342692 -0.473253  0.613404  1.220850 -1.342714 -0.474377  0.605566  1.216244 -1.342725 -0.473253  0.612280  1.220017 -1.342714 -0.469901  0.627955  1.230212 -1.342682 -0.471015  0.625717  1.228958 -1.342703 -0.471015  0.623479  1.227823 -1.342692 -0.473253  0.613404  1.221001 -1.342714 -0.475501  0.601091  1.213780 -1.342736 -0.472139  0.620117  1.225898 -1.342703 -0.472139  0.622355  1.226525 -1.342692 -0.472139  0.618993  1.224871 -1.342703 -0.472139  0.620117  1.224547 -1.342703 -0.472139  0.620117  1.225379 -1.342703 -0.476615  0.599977  1.213185 -1.342747 -0.474377  0.607804  1.218374 -1.342725 -0.471015  0.621231  1.226579 -1.342703 -0.471015  0.623479  1.227152 -1.342692 -0.471015  0.624593  1.228222 -1.342692 -0.471015  0.623479  1.227552 -1.342692 -0.473253  0.616755  1.222893 -1.342703 -0.471015  0.626831  1.229379 -1.342682 -0.469901  0.631306  1.231466 -1.342682 -0.469901  0.626831  1.230071 -1.342692 -0.473253  0.614517  1.221758 -1.342714 -0.472139  0.616755  1.223931 -1.342703 -0.468777  0.632431  1.233141 -1.342682 -0.468777  0.633544  1.233639 -1.342671 -0.469901  0.631306  1.232158 -1.342682 -0.468777  0.636906  1.235412 -1.342671 -0.472139  0.618993  1.224125 -1.342703 -0.471015  0.622355  1.226925 -1.342692 -0.472139  0.617880  1.224082 -1.342703 -0.469901  0.629068  1.230320 -1.342682 -0.469901  0.627955  1.229628 -1.342692 -0.469901  0.631306  1.231412 -1.342682 -0.473253  0.613404  1.222125 -1.342736 -0.474377  0.620117  1.222363 -1.342692 -0.469901  0.631306  1.231531 -1.342682 -0.469901  0.631306  1.232352 -1.342682 -0.469901  0.632431  1.231941 -1.342682 -0.469901  0.631306  1.231704 -1.342682 -0.468777  0.636906  1.235552 -1.342671 -0.468777  0.634668  1.234428 -1.342671 -0.468777  0.638020  1.235801 -1.342671 -0.469901  0.635782  1.234093 -1.342671 -0.467664  0.634668  1.236384 -1.342671 -0.469901  0.634668  1.233779 -1.342671 -0.468777  0.638020  1.235703 -1.342671 -0.468777  0.634668  1.234352 -1.342671 -0.468777  0.634668  1.235358 -1.342671 -0.469901  0.633544  1.233358 -1.342671 -0.468777  0.633544  1.234676 -1.342682 -0.467664  0.630193  1.234590 -1.342703 -0.468777  0.639144  1.236136 -1.342660 -0.471015  0.634668  1.232839 -1.342671 -0.469901  0.636906  1.235120 -1.342671 -0.469901  0.631306  1.231595 -1.342682 -0.469901  0.634668  1.233844 -1.342671 -0.469901  0.636906  1.234828 -1.342671 -0.468777  0.641382  1.237325 -1.342660 -0.471015  0.634668  1.231844 -1.342671 -0.471015  0.629068  1.229790 -1.342682 -0.469901  0.633544  1.232158 -1.342671 -0.471015  0.629068  1.230633 -1.342682 -0.469901  0.634668  1.234071 -1.342671 -0.471015  0.629068  1.230417 -1.342682 -0.471015  0.630193  1.230417 -1.342682 -0.471015  0.627955  1.229423 -1.342682 -0.472139  0.638020  1.231206 -1.342649 -0.469901  0.626831  1.230990 -1.342703 -0.471015  0.627955  1.229250 -1.342682 -0.469901  0.630193  1.231087 -1.342682 -0.469901  0.631306  1.231649 -1.342671 -0.471015  0.629068  1.229974 -1.342682 -0.471015  0.631306  1.231736 -1.342682 -0.471015  0.634668  1.233249 -1.342671 -0.469901  0.635782  1.234644 -1.342671 -0.469901  0.635782  1.234168 -1.342671 -0.468777  0.640257  1.236828 -1.342660 -0.469901  0.638020  1.235747 -1.342671 -0.468777  0.641382  1.237238 -1.342660 -0.469901  0.635782  1.233714 -1.342671 -0.468777  0.640257  1.236287 -1.342660 -0.469901  0.636906  1.234622 -1.342671 -0.468777  0.639144  1.236049 -1.342660 -0.471015  0.631306  1.231185 -1.342682 -0.468777  0.640257  1.236557 -1.342660 -0.471015  0.633544  1.232385 -1.342682 -0.471015  0.629068  1.229844 -1.342682 -0.472139  0.624593  1.227379 -1.342692 -0.471015  0.627955  1.229304 -1.342682 -0.472139  0.622355  1.226363 -1.342692 -0.471015  0.629068  1.229552 -1.342682 -0.471015  0.627955  1.228882 -1.342692 -0.472139  0.626831  1.228244 -1.342692 -0.471015  0.627955  1.229033 -1.342682 -0.471015  0.625717  1.228352 -1.342692 -0.471015  0.626831  1.228806 -1.342692 -0.472139  0.622355  1.225585 -1.342692 -0.472139  0.623479  1.226222 -1.342692 -0.472139  0.622355  1.225725 -1.342692 -0.472139  0.625717  1.228050 -1.342692 -0.471015  0.626831  1.228374 -1.342692 -0.472139  0.615642  1.223823 -1.342725 -0.471015  0.631306  1.230828 -1.342660 -0.469901  0.632431  1.231931 -1.342682 -0.468777  0.639144  1.236212 -1.342671 -0.468777  0.641382  1.237282 -1.342660 -0.469901  0.630193  1.231422 -1.342682 -0.467664  0.638020  1.238449 -1.342682 -0.469901  0.638020  1.235347 -1.342671 -0.468777  0.642495  1.238363 -1.342660 -0.468777  0.629068  1.231682 -1.342682 -0.468777  0.635782  1.235401 -1.342671 -0.468777  0.641382  1.237487 -1.342660 -0.468777  0.638020  1.235498 -1.342671 -0.467664  0.643619  1.239055 -1.342660 -0.468777  0.642495  1.238168 -1.342660 -0.471015  0.632431  1.231801 -1.342682 -0.468777  0.641382  1.237249 -1.342660 -0.471015  0.627955  1.229228 -1.342692 -0.468777  0.641382  1.237498 -1.342660 -0.468777  0.640257  1.236741 -1.342660 -0.468777  0.640257  1.236503 -1.342660 -0.472139  0.627955  1.228525 -1.342682 -0.471015  0.631306  1.230849 -1.342682 -0.469901  0.639144  1.235833 -1.342660 -0.468777  0.638020  1.235401 -1.342671 -0.469901  0.635782  1.233790 -1.342671 -0.471015  0.633544  1.232330 -1.342682 -0.472139  0.621231  1.225444 -1.342703 -0.469901  0.636906  1.234212 -1.342671 -0.469901  0.638020  1.234666 -1.342671 -0.469901  0.638020  1.234622 -1.342671 -0.471015  0.631306  1.230698 -1.342682 -0.471015  0.632431  1.231639 -1.342682 -0.469901  0.638020  1.234493 -1.342671 -0.469901  0.635782  1.233325 -1.342671 -0.469901  0.632431  1.231941 -1.342682 -0.471015  0.632431  1.231822 -1.342682 -0.471015  0.634668  1.232741 -1.342671 -0.469901  0.638020  1.235033 -1.342671 -0.471015  0.631306  1.230990 -1.342682 -0.471015  0.625717  1.229401 -1.342692 -0.471015  0.634668  1.232666 -1.342671 -0.471015  0.634668  1.232730 -1.342671 -0.472139  0.625717  1.227001 -1.342692 -0.471015  0.634668  1.232136 -1.342671 -0.471015  0.631306  1.230676 -1.342682 -0.471015  0.634668  1.233033 -1.342671 -0.471015  0.638020  1.234222 -1.342671 -0.471015  0.638020  1.234222 -1.342671 -0.471015  0.638020  1.234222 -1.342671 -0.471015  0.638020  1.234222 -1.342671 -0.471015  0.638020  1.234222 -1.342671 -0.471015 
Shapelet   4  -0.159292  1.622959 -0.708634 -0.911626 -0.158271  1.623352 -0.708624 -0.914681 -0.029153  1.623813 -0.708045 -0.911626 -0.162337  1.624049 -0.708644 -0.912648 -0.154205  1.624314 -0.708605 -0.912648 -0.163358  1.623941 -0.708644 -0.911626 -0.157259  1.625227 -0.708624 -0.912648 -0.159292  1.624078 -0.708624 -0.912648 -0.146073  1.627142 -0.708556 -0.912648 -0.156238  1.628959 -0.708624 -0.911626 -0.164380  1.628822 
Shapelet   5  -0.457265 -0.856402 -0.447713  1.686594 -0.457265 -0.857336 -0.447713  1.687232 -0.457256 -0.857336 -0.447713  1.688436 -0.457256 -0.922807  0.011503  1.687232 -0.456160 -0.857336 -0.447713  1.686936 -0.457256 
Shapelet   6  -0.584754 -0.584754  1.730991 -0.584754 -0.584754 -0.584754  1.729917 -0.584754 -0.584754 -0.584754  1.731385 -0.584754 -0.584754 -0.584754  1.730617 -0.584754 -0.584754 -0.584754  1.730488 -0.584754 -0.584754 
Shapelet   7   1.376623 -0.518226 -0.543029 -0.512570  1.378380 -0.518226 -0.543029 -0.512570  1.378874 -0.518226 -0.543029 -0.512570  1.377625 -0.518226 -0.543029 -0.512570  1.377219 -0.518226 -0.543029 -0.512570  1.377370 -0.518226 -0.542210 -0.512570  1.350443 -0.518226 -0.543029 -0.512570  1.355304 -0.518226 -0.543029 -0.512570  1.354055 -0.518226 -0.543029 -0.512570  1.355161 -0.518226 -0.542210 -0.512570  1.350292 -0.518226 -0.542210 -0.512570  1.349075 -0.518226 -0.542210 -0.512570  1.347413 -0.518226 -0.542210 -0.512570  1.347055 -0.518226 -0.542210 -0.512570  1.344581 -0.518226 -0.542210 -0.512570  1.346164 -0.518226 -0.542210 -0.512570  1.344748 -0.518226 -0.109886  5.098601  1.321719 -0.487624 -0.114834  8.495446  1.305221 -0.478954 -0.542210 -0.512570  1.342457 -0.518226 -0.542210 -0.512570  1.342242 -0.518226 -0.542210 -0.512570  1.342369 -0.518226 -0.542210 -0.512570  1.339744 -0.518226 -0.542210 -0.512570  1.341669 -0.518226 -0.542210 -0.512570  1.341526 -0.518226 -0.542210 -0.512570  1.342815 -0.518226 -0.542210 -0.512570  1.338265 -0.518226 -0.558676  1.929039  1.328823 -0.498260 -0.542210 -0.512570  1.340683 -0.518226 -0.542210 -0.512570  1.341303 -0.518226 
Shapelet   9  -0.060826  1.710257 -0.721619 -0.661068 -0.065045  1.710858 -0.721660 -0.655789 -0.024956  1.711969 -0.721415 -0.656849 -0.019677  1.713059 -0.721405 -0.654740 -0.018628  1.715229 -0.721405 -0.656849 -0.015459  1.711123 -0.721364 -0.664227 -0.051329  1.696337 -0.721538 -0.664227 -0.069264  1.698120 -0.721650 -0.664227 -0.071373  1.701381 -0.721680 -0.665287 -0.068204  1.699424 
Shapelet  10   1.665844 -0.601084 -0.927886  0.290703  1.660748 -0.597664 -0.930980  0.400084  1.661333 -0.597208 -0.924783 
Shapelet  12   1.729145 -0.587793 -0.587793 -0.587793  1.729175 -0.587793 -0.587793 -0.587793  1.728249 -0.587793 -0.587793 -0.587793  1.729818 -0.587793 -0.587793 -0.587793  1.729477 -0.587793 -0.587793 -0.587793  1.731192 -0.587793 -0.587793 -0.587793  1.732187 -0.587793 -0.587793 -0.587793  1.731885 -0.587793 -0.587793 -0.587793  1.732820 -0.587793 -0.587793 -0.587793  1.733366 -0.587793 -0.587793 -0.587793  1.733035 -0.587793 -0.587793 -0.587793  1.733376 -0.587793 -0.587793 -0.587793  1.734663 -0.587793 -0.587793 -0.587793  1.734049 -0.587793 -0.587793 -0.587793  1.733444 -0.587793 -0.587793 -0.587793  1.734029 -0.587793 -0.587793 -0.587793  1.732586 -0.587793 -0.587793 -0.587793  1.732625 -0.587793 -0.587793 -0.587793  1.732596 -0.587793 -0.587793 -0.587793  1.733522 -0.587793 -0.587793 -0.587793  1.713392 -0.587793 -0.587793 -0.587793  1.732470 -0.587793 -0.587793 -0.587793  1.732752 -0.587793 -0.587793 -0.587793  1.732489 -0.587793 -0.648660 -0.460979  1.731183 -0.587208 -0.650688 -0.457927  1.730646 -0.587188 -0.652725 -0.453872  1.730130 -0.587169 -0.653739 -0.450831  1.731768 -0.587159 -0.655767 -0.447779  1.731417 -0.587139 -0.656780 -0.446766  1.732489 -0.587139 -0.655767 -0.446766  1.731261 -0.587139 -0.655767 -0.447779  1.730569 -0.587139 -0.655767 -0.448803  1.730169 -0.587149 -0.654753 -0.449817  1.731378 -0.587149 -0.653739 -0.450831  1.732216 -0.587159 -0.653739 -0.451844  1.733123 -0.587159 -0.652725 -0.452858  1.731387 -0.587169 -0.652725 -0.452858  1.731543 -0.587169 -0.652725 -0.453872  1.731885 -0.587169 -0.651711 -0.454886  1.731134 -0.587178 -0.651711 -0.455900  1.732323 -0.587178 -0.651711 -0.455900  1.730763 -0.587178 -0.651711 -0.455900  1.727654 -0.587178 -0.650688 -0.456914  1.727098 
Shapelet  13  -0.672428 -0.672428  1.705696 -0.672428 -0.672428 -0.672428  1.700068 -0.672428 -0.672428 -0.672428  1.697139 -0.672428 -0.672428 -0.672428  1.698189 -0.672428 -0.672428 -0.672428  1.701087 -0.672428 -0.672428 -0.672428  1.692603 -0.672428 -0.672428 -0.672428  1.697475 -0.672428 -0.672428 -0.672428  1.693590 -0.672428 -0.672428 -0.672428  1.713455 -0.672428 -0.672428 -0.672428  1.708237 -0.672428 -0.672428 -0.672428  1.704583 -0.672428 -0.672428 -0.672428  1.710221 -0.672428 -0.672428 -0.672428  1.716006 -0.672428 -0.499621 -0.436584  1.710252 -0.670979 -0.503968 -0.394188  1.710546 -0.670800 -0.505049 -0.371363  1.713507 -0.670706 -0.505049 -0.364843  1.715135 -0.670674 -0.505049 -0.388760  1.710190 -0.670790 -0.503968 -0.392015  1.711124 -0.670800 -0.500703 -0.389842  1.716962 -0.670779 -0.498529 -0.387668  1.720552 -0.670769 -0.500703 -0.390934  1.716027 -0.670790 -0.499621 -0.386587  1.719429 -0.670769 -0.502876 -0.392015  1.712583 -0.670800 -0.501795 -0.389842  1.715156 -0.670790 -0.498529 -0.389842  1.720804 -0.670779 -0.497448 -0.389842  1.722096 -0.670779 -0.496356 -0.385495  1.725245 -0.670758 -0.492009 -0.384414  1.732847 -0.670748 -0.505049 -0.388760  1.711250 -0.670790 -0.507223 -0.390934  1.707901 -0.670800 -0.509396 -0.393107  1.703659 -0.670811 -0.495275 -0.388760  1.726159 -0.670779 -0.498529 -0.387668  1.721487 -0.670769 -0.505049 -0.394188  1.709833 -0.670811 -0.498529 -0.390934  1.721382 -0.670790 -0.498529 -0.390934  1.721949 -0.670779 -0.501795 -0.387668  1.717046 -0.670779 -0.500703 -0.389842  1.718641 -0.670779 -0.502876 -0.392015  1.715135 -0.670800 -0.499621 -0.390934  1.719397 -0.670790 -0.503968 -0.390934  1.713014 -0.670800 -0.501795 -0.392015  1.716143 -0.670800 -0.494183 -0.387668  1.727776 -0.670769 -0.494183 -0.386587  1.728511 -0.670758 -0.501795 -0.392015  1.717088 -0.670800 -0.494183 -0.390934  1.729729 -0.670779 -0.496356 -0.390934  1.725592 -0.670779 -0.497448 -0.390934  1.724552 -0.670779 -0.498529 -0.390934  1.721791 -0.670790 -0.489836 -0.386587  1.735314 -0.670758 -0.494183 -0.387668  1.728920 -0.670769 -0.501795 -0.394188  1.714337 -0.670811 -0.501795 -0.394188  1.715418 -0.670811 -0.506141 -0.394188  1.707869 -0.670811 -0.506141 -0.396362  1.709129 -0.670821 -0.518100 -0.395280  1.687784 -0.670832 -0.512661 -0.397454  1.697370 -0.670832 -0.511569 -0.395280  1.697737 -0.670821 -0.507223 -0.397454  1.705801 -0.670832 -0.507223 -0.395280  1.706830 -0.670821 -0.505049 -0.393107  1.711680 -0.670800 -0.507223 -0.395280  1.706263 -0.670821 -0.501795 -0.394188  1.715418 -0.670811 -0.505049 -0.395280  1.710893 -0.670811 -0.497448 -0.388760  1.724794 -0.670779 -0.496356 -0.388760  1.726978 -0.670779 -0.502876 -0.395280  1.716940 -0.670811 -0.495275 -0.388760  1.728595 -0.670779 -0.495275 -0.392015  1.727566 -0.670790 -0.499621 -0.389842  1.722442 -0.670779 -0.492009 -0.389842  1.733508 -0.670779 -0.492009 -0.393107  1.732458 -0.670790 -0.497448 -0.394188  1.725623 -0.670800 -0.493101 -0.386587  1.731356 -0.670769 -0.497448 -0.392015  1.726064 -0.670790 -0.489836 -0.392015  1.736217 -0.670779 -0.494183 -0.392015  1.729907 -0.670790 -0.495275 -0.388760  1.728689 -0.670779 -0.496356 -0.392015  1.727282 -0.670790 -0.498529 -0.390934  1.723408 -0.670790 -0.494183 -0.392015  1.729939 -0.670779 -0.486581 -0.386587  1.742737 -0.670748 -0.508315 -0.397454  1.706987 -0.670832 -0.498529 -0.390934  1.723513 -0.670790 -0.495275 -0.393107  1.729109 -0.670790 -0.495275 -0.389842  1.729582 -0.670779 -0.492009 -0.390934  1.734044 -0.670779 -0.490928 -0.389842  1.735640 -0.670769 -0.493101 -0.389842  1.732553 -0.670769 -0.492009 -0.390934  1.733991 -0.670779 -0.494183 -0.390934  1.730516 -0.670779 -0.489836 -0.392015  1.735566 -0.670779 -0.489836 -0.388760  1.736448 -0.670769 -0.498529 -0.394188  1.723072 -0.670800 -0.492009 -0.392015  1.732448 -0.670779 -0.493101 -0.388760  1.731251 -0.670779 -0.495275 -0.393107  1.728038 -0.670790 -0.494183 -0.392015  1.730537 -0.670790 -0.489836 -0.390934  1.737099 -0.670769 -0.488755 -0.388760  1.738915 -0.670769 -0.492009 -0.394188  1.732374 -0.670790 -0.490928 -0.392015  1.734590 -0.670779 -0.490928 -0.388760  1.735293 -0.670769 -0.493101 -0.393107  1.731765 -0.670790 -0.498529 -0.392015  1.723188 -0.670790 -0.493101 -0.389842  1.732353 -0.670779 -0.492009 -0.390934  1.733235 -0.670779 -0.497448 -0.394188  1.725056 -0.670800 -0.493101 -0.392015  1.731660 -0.670790 -0.500703 -0.393107  1.720258 -0.670800 -0.506141 -0.396362  1.711145 -0.670821 -0.502876 -0.396362  1.715943 -0.670821 -0.489836 -0.388760  1.736773 -0.670769 -0.493101 -0.394188  1.731198 -0.670790 -0.489836 -0.393107  1.736028 -0.670779 -0.486581 -0.389842  1.740795 -0.670758 -0.492009 -0.392015  1.732973 -0.670779 -0.490928 -0.390934  1.735976 -0.670769 -0.495275 -0.395280  1.728794 -0.670800 -0.488755 -0.390934  1.737572 -0.670769 -0.494183 -0.395280  1.729708 -0.670800 -0.494183 -0.394188  1.728280 -0.670800 -0.490928 -0.390934  1.735388 -0.670779 -0.492009 -0.392015  1.732437 -0.670779 -0.494183 -0.393107  1.729729 -0.670790 -0.493101 -0.389842  1.732458 -0.670779 -0.498529 -0.397454  1.721697 -0.670821 -0.495275 -0.395280  1.727198 -0.670800 -0.494183 -0.390934  1.729529 -0.670779 -0.495275 -0.395280  1.728416 -0.670800 -0.492009 -0.393107  1.732605 -0.670790 -0.496356 -0.390934  1.726883 -0.670790 -0.496356 -0.394188  1.725571 -0.670800 -0.485489 -0.392015  1.742779 -0.670769 -0.495275 -0.392015  1.728574 -0.670790 -0.495275 -0.395280  1.729319 -0.670800 -0.492009 -0.393107  1.733508 -0.670790 -0.493101 -0.390934  1.732899 -0.670779 -0.494183 -0.393107  1.730632 -0.670790 -0.496356 -0.395280  1.726883 -0.670800 -0.495275 -0.393107  1.728101 -0.670790 -0.494183 -0.396362  1.728227 -0.670800 -0.498529 -0.396362  1.723502 -0.670811 -0.496356 -0.393107  1.727051 -0.670790 -0.495275 -0.394188  1.728668 -0.670800 -0.498529 -0.396362  1.723513 -0.670811 -0.496356 -0.393107  1.726999 -0.670800 -0.493101 -0.393107  1.732175 -0.670790 -0.497448 -0.395280  1.724174 -0.670800 -0.497448 -0.394188  1.724447 -0.670800 -0.495275 -0.393107  1.729246 -0.670790 -0.499621 -0.392015  1.722085 -0.670800 -0.500703 -0.396362  1.719198 -0.670821 -0.497448 -0.395280  1.724657 -0.670800 -0.501795 -0.393107  1.717791 -0.670811 -0.495275 -0.396362  1.729151 -0.670800 -0.497448 -0.398535  1.724678 -0.670821 -0.499621 -0.395280  1.721623 -0.670811 -0.496356 -0.395280  1.727807 -0.670800 -0.496356 -0.395280  1.726789 -0.670800 -0.497448 -0.395280  1.726033 -0.670800 -0.495275 -0.396362  1.728017 -0.670811 -0.501795 -0.393107  1.720311 -0.670800 -0.493101 -0.395280  1.731566 -0.670800 -0.494183 -0.396362  1.729634 -0.670800 -0.496356 -0.394188  1.726348 -0.670800 -0.497448 -0.396362  1.725340 -0.670811 -0.498529 -0.393107  1.723870 -0.670800 -0.489836 -0.393107  1.736647 -0.670790 -0.497448 -0.397454  1.724741 -0.670811 -0.501795 -0.393107  1.719177 -0.670811 -0.490928 -0.393107  1.736207 -0.670790 -0.492009 -0.389842  1.734558 -0.670779 -0.499621 -0.396362  1.722400 -0.670811 -0.494183 -0.394188  1.731986 -0.670790 -0.493101 -0.392015  1.732773 -0.670790 -0.489836 -0.393107  1.737677 -0.670790 -0.493101 -0.392015  1.733487 -0.670790 -0.494183 -0.395280  1.732364 -0.670800 -0.489836 -0.394188  1.738401 -0.670790 -0.497448 -0.392015  1.727125 -0.670800 -0.494183 -0.394188  1.731566 -0.670800 -0.494183 -0.395280  1.731975 -0.670800 -0.495275 -0.395280  1.729172 -0.670811 -0.494183 -0.395280  1.731303 -0.670800 -0.492009 -0.392015  1.734537 -0.670790 -0.494183 -0.394188  1.731503 -0.670800 -0.492009 -0.390934  1.734642 -0.670779 -0.495275 -0.395280  1.728448 -0.670800 -0.492009 -0.393107  1.734789 -0.670790 -0.490928 -0.392015  1.735671 -0.670779 -0.496356 -0.392015  1.727335 -0.670790 -0.497448 -0.395280  1.725707 -0.670811 -0.494183 -0.392015  1.731303 -0.670790 -0.495275 -0.393107  1.729540 -0.670790 -0.495275 -0.390934  1.728910 -0.670790 -0.492009 -0.393107  1.733361 -0.670790 -0.493101 -0.390934  1.733277 -0.670779 -0.503968 -0.397454  1.715240 -0.670832 -0.497448 -0.395280  1.725529 -0.670811 -0.497448 -0.396362  1.725025 -0.670811 -0.503968 -0.396362  1.715828 -0.670821 -0.498529 -0.394188  1.724290 -0.670811 -0.486581 -0.390934  1.741530 -0.670769 -0.489836 -0.390934  1.737246 -0.670769 -0.489836 -0.390934  1.737603 -0.670779 -0.492009 -0.388760  1.734075 -0.670769 -0.486581 -0.393107  1.740196 -0.670779 -0.494183 -0.390934  1.731324 -0.670779 -0.489836 -0.393107  1.735934 -0.670779 -0.488755 -0.390934  1.737582 -0.670769 -0.487663 -0.390934  1.738359 -0.670769 -0.490928 -0.389842  1.736007 -0.670769 -0.486581 
Shapelet  27   1.601769 -0.880492 -0.880492 -0.880492  1.603629 -0.880492 -0.880492 -0.880492  1.610902 -0.880492 -0.880492 -0.880492  1.607973 -0.880492 -0.880492 -0.880492  1.611381 -0.880492 -0.880492 -0.880492  1.606815 -0.880492 -0.880492 -0.880492  1.606458 -0.880492 -0.880492 -0.880492  1.606959 -0.880492 -0.880492 -0.880492  1.605300 -0.880492 -0.880492 -0.880492  1.604721 -0.880492 -0.880492 -0.880492  1.603106 -0.880492 -0.880492 -0.880492  1.606569 -0.880492 -0.880492 -0.880492  1.606915 -0.880492 -0.880492 -0.880492  1.606514 -0.880492 -0.880492 -0.880492  1.604654 -0.880492 -0.880492 -0.880492  1.604219 -0.880492 -0.880492 -0.880492  1.602404 -0.880492 -0.880492 -0.880492  1.600934 -0.880492 -0.880492 -0.880492  1.602950 -0.880492 -0.880492 -0.880492  1.600544 -0.880492 -0.880492 -0.880492  1.599275 -0.880492 -0.880492 -0.880492  1.591679 -0.880492 -0.880492 -0.880492  1.598139 -0.880492 -0.880492 -0.880492  1.590309 -0.880492 -0.880492 -0.880492  1.588928 -0.880492 -0.880492 -0.880492  1.597092 -0.880492 -0.880492 -0.880492  1.594541 -0.880492 -0.880492 -0.880492  1.592225 -0.880492 -0.880492 -0.880492  1.592704 -0.880492 -0.880492 -0.880492  1.592281 -0.880492 -0.880492 -0.880492  1.583905 -0.880492 -0.880492 -0.880492  1.577813 -0.880492 -0.880492 -0.880492  1.591100 -0.880492 -0.880492 -0.880492  1.594987 -0.880492 -0.880492 -0.880492  1.591791 -0.880492 -0.880492 -0.880492  1.586601 -0.880492 -0.880492 -0.880492  1.517105 -0.880492 -0.880492 -0.880492  1.583048 -0.880492 -0.880492 -0.880492  1.593706 -0.880492 -0.880492 -0.880492  1.593673 -0.880492 -0.880492 -0.880492  1.596813 -0.880492 -0.880492 -0.880492  1.585331 -0.880492 -0.880492 -0.880492  1.592915 -0.880492 -0.880492 -0.880492  1.596101 -0.880492 -0.880492 -0.880492  1.595388 -0.880492 -0.880492 -0.880492  1.589964 -0.880492 -0.880492 -0.880492  1.596780 -0.880492 -0.880492 -0.880492  1.601502 -0.880492 -0.880492 -0.880492  1.588561 -0.880492 -0.880492 -0.880492  1.536150 -0.880492 -0.880492 -0.880492  1.589841 -0.880492 -0.880492 -0.880492  1.584763 -0.880492  0.011858  2.869941  1.572445 -0.848751  0.136371  0.074114  1.589585 -0.874200 
Shapelet  55   1.730645 -0.583607 -0.599807 -0.551669  1.728363 -0.583607 -0.605152 -0.477855  1.728260 -0.583288 -0.605152 -0.472500  1.728517 -0.583257 -0.603014 -0.496039  1.728887 -0.583370 -0.606221 -0.468223  1.730840 -0.583247 -0.606221 -0.475707  1.734808 -0.583278 -0.605152 -0.476786  1.730111 -0.583278 -0.604083 -0.482131  1.732876 -0.583309 -0.599807 -0.533486  1.733636 -0.583535 -0.603014 -0.484269  1.732249 -0.583319 -0.599807 -0.552738  1.734983 -0.583607 -0.599807 -0.552738  1.731354 -0.583607 -0.599807 -0.552738  1.729720 -0.583607 -0.599807 -0.552738  1.734500 -0.583607 -0.599807 -0.552738  1.735476 -0.583607 -0.599807 -0.552738  1.730738 -0.583607 -0.599807 -0.552738  1.735332 -0.583607 -0.599807 -0.552738  1.730943 -0.583607 -0.599807 -0.552738  1.726914 -0.583607 -0.599807 -0.552738  1.729566 -0.583607 -0.599807 -0.552738  1.731354 -0.583607 -0.599807 -0.552738  1.732423 -0.583607 -0.599807 -0.552738  1.732660 -0.583607 -0.599807 -0.552738  1.734438 -0.583607 -0.599807 -0.552738  1.732989 -0.583607 -0.599807 -0.552738  1.730193 -0.583607 -0.599807 -0.552738  1.728774 -0.583607 -0.599807 -0.552738  1.732578 -0.583607 -0.599807 -0.552738  1.729596 -0.583607 -0.599807 -0.552738  1.730419 -0.583607 -0.599807 -0.552738  1.730727 -0.583607 -0.599807 -0.552738  1.727376 -0.583607 -0.599807 -0.552738  1.731128 -0.583607 -0.599807 -0.552738  1.731385 -0.583607 -0.599807 -0.552738  1.733718 -0.583607 -0.599807 -0.552738  1.733225 -0.583607 -0.599807 -0.552738  1.728517 -0.583607 -0.599807 -0.552738  1.732166 -0.583607 -0.599807 -0.552738  1.735928 -0.583607 -0.599807 -0.552738  1.736247 -0.583607 -0.599807 -0.552738  1.735774 -0.583607 -0.599807 -0.552738  1.732392 -0.583607 -0.599807 -0.552738  1.737964 -0.583607 -0.599807 -0.552738  1.739896 -0.583607 -0.599807 -0.552738  1.739218 -0.583607 -0.599807 -0.552738  1.739064 -0.583607 -0.599807 -0.552738  1.737789 -0.583607 -0.599807 -0.552738  1.739506 -0.583607 -0.599807 -0.552738  1.741911 -0.583607 -0.599807 -0.552738  1.741664 -0.583607 -0.599807 -0.552738  1.739259 -0.583607 -0.599807 -0.552738  1.739557 -0.583607 -0.599807 -0.552738  1.739043 -0.583607 -0.599807 -0.552738  1.741397 -0.583607 -0.599807 -0.552738  1.737440 -0.583607 -0.599807 -0.552738  1.738210 -0.583607 -0.599807 -0.552738  1.737810 -0.583607 -0.599807 -0.552738  1.740739 -0.583607 -0.599807 -0.552738  1.739022 -0.583607 -0.599807 -0.552738  1.738591 -0.583607 -0.599807 -0.552738  1.731437 -0.583607 -0.599807 -0.552738  1.736350 -0.583607 -0.599807 -0.552738  1.741099 -0.583607 -0.599807 -0.552738  1.741520 -0.583607 -0.599807 -0.552738  1.742147 -0.583607 -0.599807 -0.552738  1.743052 -0.583607 -0.599807 -0.552738  1.741592 -0.583607 -0.599807 -0.552738  1.741952 -0.583607 -0.599807 -0.552738  1.740842 -0.583607 -0.599807 -0.552738  1.740770 -0.583607 -0.599807 -0.552738  1.743556 -0.583607 -0.599807 -0.552738 


; cmd = ../../ShapeletResearch/Execs/FastShapelet ../../UCRArchive_2018//ACSF1/ACSF1_TRAIN.tsv 10 100 1461 10 1 10 10 1 0 10 ../../UCRArchive_2018//ACSF1/tree.txt ../../UCRArchive_2018//ACSF1/time.txt
; time =>  5580.733  63.289  45.327   4.346 5463.367 
