;Shapelet Tree 

;random seed:1551068529, rand()=885112830, rand()=85623904
;command = ShapeletResearch/Execs/FastShapelet UCRArchive_2018//CBF/CBF_TRAIN.tsv 3 30 129 10 1 10 10 0 1 10 UCRArchive_2018//CBF/tree.txt UCRArchive_2018//CBF/time.txt 

;Local Class:   0  1  2 
;Real  Class:   1  3  2 

;Node ID class   obj  pos  len  dist_th 
TreeSize: 6 
NonL  1    --     15   14   45   5.0258 ==>  10   8   0  /   0   0  12 
NonL  2    --      4    4   59   4.9390 ==>  10   0   0  /   0   8   0 
Leaf  3     2    
Leaf  4     1    
Leaf  5     3    

;Shapelet id   <data>
Shapelet   1  -0.704708 -0.955627 -0.910305 -0.430877 -1.072995 -1.260026 -0.935090 -0.913456 -1.316792 -1.078254 -1.547306 -0.670889 -1.055728 -0.654810 -0.206939 -1.218211  1.786865  1.742549  2.098836  2.002487  3.002580  1.412565  1.743446  2.062710  1.786498  1.331741  1.718583  1.069357  1.286700  1.186301  0.674138  1.147662  1.484362  1.218432  1.145001  1.085478  0.884563  1.510973 -0.189979  1.314001  1.146641  1.378772  0.989349  0.363178  0.147487 
Shapelet   2  -0.920088 -1.115706 -0.650195 -0.918766 -1.234708 -0.765662 -1.249533 -1.737462 -1.527989 -0.079233 -1.774089 -1.450107 -0.972591 -1.106104 -0.585500  0.656177  0.940891  0.123301  0.944351  0.965443  0.654102  1.169110  1.284555  0.345962  0.738078  0.271794  0.728118  0.794923  1.009157  0.769143  1.129822  1.330592  0.826513  0.372056  0.988911  0.872526  0.739394  0.605146  0.993666  0.933224  1.421721  1.315999  1.206540  1.122812  0.735809  0.512802  0.851478  0.514045  0.201569  1.653837  1.036961  1.157827  0.705340  0.981976  0.678927  0.596655  1.383494  1.010095  0.646044 


; cmd = ShapeletResearch/Execs/FastShapelet UCRArchive_2018//CBF/CBF_TRAIN.tsv 3 30 129 10 1 10 10 0 1 10 UCRArchive_2018//CBF/tree.txt UCRArchive_2018//CBF/time.txt
; time =>    1.931   0.112   0.858   0.067   0.827 
