;Shapelet Tree 

;random seed:1551068580, rand()=39765246, rand()=2101639411
;command = ShapeletResearch/Execs/FastShapelet UCRArchive_2018//Plane/Plane_TRAIN.tsv 7 105 145 10 1 10 10 0 1 10 UCRArchive_2018//Plane/tree.txt UCRArchive_2018//Plane/time.txt 

;Local Class:   0  1  2  3  4  5  6 
;Real  Class:   1  4  6  5  2  7  3 

;Node ID class   obj  pos  len  dist_th 
TreeSize: 16 
NonL  1    --     11    0   65   4.1548 ==>   0   0  18  13   0  20   0  /  15  16   0   0  14   0   9 
NonL  2    --      6   92   46   2.0654 ==>   0   0   0   0   0  20   0  /   0   0  18  13   0   0   0 
NonL  3    --      4   20   72   5.8393 ==>  15   0   0   0  14   0   0  /   0  16   0   0   0   0   9 
Leaf  4     7    
NonL  5    --      1   35   72   5.2795 ==>   0   0   0  13   0   0   0  /   0   0  18   0   0   0   0 
NonL  6    --      1  102   34   1.4904 ==>   0   0   0   0  14   0   0  /  15   0   0   0   0   0   0 
NonL  7    --     14    2  139   9.3759 ==>   0   0   0   0   0   0   9  /   0  16   0   0   0   0   0 
Leaf 10     5    
Leaf 11     6    
Leaf 12     2    
Leaf 13     1    
Leaf 14     3    
Leaf 15     4    

;Shapelet id   <data>
Shapelet   1   2.811710  2.593558  2.363966  2.137116  1.910959  1.686693  1.462370  1.238228  1.015507  0.791514  0.568827  0.444591  0.464055  0.333521  0.115408 -0.101683 -0.319944 -0.515270 -0.720340 -0.925997 -1.127606 -1.289948 -1.339014 -1.363586 -1.285841 -1.098133 -1.168455 -1.193225 -1.129267 -0.991529 -0.824358 -0.639011 -0.436664 -0.221504  0.001788  0.123968  0.227245  0.228768  0.191718  0.179750  0.041003 -0.177479 -0.386367 -0.602025 -0.808181 -0.996820 -1.169480 -1.331604 -1.469728 -1.331046 -1.141107 -0.881897 -0.656055 -0.486899 -0.193120  0.105459  0.404332  0.662252  0.843544  0.907065  0.795659  0.661057  0.531084  0.400316  0.293151 
Shapelet   2  -0.349949 -0.622344 -0.773611 -0.982428 -1.197545 -1.390164 -1.395649 -1.233149 -1.069580 -0.896134 -0.702567 -0.480440 -0.260605 -0.030568  0.070759  0.110284  0.110771  0.066580 -0.053317 -0.269654 -0.472419 -0.661527 -0.833713 -1.004477 -1.111147 -1.157451 -1.093787 -1.243740 -1.286513 -1.263426 -1.134410 -0.958652 -0.775364 -0.586134 -0.410191 -0.194320  0.022832  0.233179  0.404922  0.451058  0.481691  0.701299  0.921244  1.140286  1.357598  1.578405 
Shapelet   3  -0.686179 -0.939940 -1.108010 -1.292163 -1.421215 -1.504236 -1.553179 -1.521715 -1.345013 -1.115731 -1.085254 -1.180518 -1.256966 -1.256864 -1.085152 -0.889758 -0.695478 -0.525512 -0.455849 -0.432797 -0.177058  0.070965  0.087930  0.260390  0.383120  0.457802  0.556418  0.689663  0.798049  0.824775  0.552419  0.333294  0.446371  0.389188  0.168941 -0.113319 -0.306961 -0.465060 -0.617408 -0.750355 -0.855632 -0.705424 -0.547126 -0.325180 -0.081515  0.143653  0.136216  0.351363  0.597814  0.860006  1.117653  1.375301  1.638303  1.875509  2.027556  1.809778  1.546575  1.273530  1.016796  0.756986  0.490379  0.230618  0.059689 -0.217022 -0.481509 -0.743103 -0.930656 -0.851918 -0.749162 -0.613464 -0.384006 -0.108806 
Shapelet   5  -0.343593 -0.449143 -0.547890 -0.630571 -0.684933 -0.718658 -0.735322 -0.752345 -0.758706 -0.705807 -0.525259 -0.336314 -0.151021  0.040873  0.223694  0.443558  0.618236  0.807066  0.987339  1.122091  1.168995  1.361086  1.565355  1.764312  1.963699  2.155679  2.348291  2.534063  2.659484  2.454807  2.212080  1.970654  1.736520  1.509086  1.287824  1.143285  1.109422  0.920750  0.701374  0.487748  0.279564  0.074659 -0.128759 -0.328256 -0.524141 -0.655584 -0.711926 -0.729304 -0.724641 -0.712768 -0.681295 -0.627490 -0.558144 -0.451771 -0.360193 -0.251391 -0.145990 -0.066734 -0.012290  0.024303 -0.113239 -0.051202 -0.079787 -0.079004 -0.221939 -0.279545 -0.420773 -0.619803 -0.818604 -1.017733 -1.215457 -1.412445 
Shapelet   6   0.756373  0.632506  0.500499  0.415973  0.295355  0.085226  0.122572 -0.164772 -0.434789 -0.538044 -0.620523 -0.788246 -1.038618 -1.227594 -1.366765 -1.383944 -1.300808 -1.252014 -1.505062 -1.554100 -1.514516 -1.406161 -1.259102 -1.099404 -0.835727 -0.570562 -0.304310 -0.045449  0.218445  0.184337  0.190445  0.408353  0.636663  0.792403 
Shapelet   7   2.216693  2.020627  1.822911  1.623061  1.431382  1.232078  1.029886  0.827700  0.631832  0.433110  0.234636  0.032688 -0.169222 -0.326363 -0.226888 -0.198942 -0.362178 -0.550052 -0.709156 -0.860743 -1.003425 -1.135568 -1.255282 -1.360447 -1.448790 -1.518021 -1.577561 -1.611907 -1.592713 -1.570366 -1.514577 -1.436011 -1.350077 -1.247192 -1.129592 -0.988124 -0.838226 -0.688762 -0.520382 -0.356747 -0.180603 -0.007150  0.181494  0.351396  0.535447  0.690199  0.772467  0.839802  0.803838  0.815120  0.822174  0.724165  0.577558  0.432260  0.310387  0.179081  0.055628 -0.097773 -0.154290 -0.126155  0.056894  0.252167  0.444854  0.638831  0.473745  0.269612  0.069341 -0.126373 -0.309695 -0.300051 -0.165930 -0.006717 -0.014748 -0.214471 -0.306141 -0.264715 -0.192448 -0.014985  0.209845  0.436241  0.653985  0.660420  0.529716  0.354092  0.160823  0.120668  0.247747  0.367716  0.494383  0.609053  0.637115  0.537281  0.487280  0.601051  0.558230  0.490426  0.344896  0.157049 -0.016921 -0.196574 -0.371010 -0.549189 -0.710121 -0.862417 -1.004474 -1.146945 -1.263117 -1.362633 -1.443034 -1.501973 -1.545064 -1.568540 -1.501875 -1.464956 -1.405123 -1.324294 -1.224737 -1.108822 -0.978835 -0.836859 -0.683056 -0.524021 -0.343149 -0.192815 -0.230032 -0.342068 -0.355195 -0.157161  0.041353  0.240271  0.439530  0.639081  0.838884  1.039732  1.238060  1.439043  1.639679  1.840300  2.041312 


; cmd = ShapeletResearch/Execs/FastShapelet UCRArchive_2018//Plane/Plane_TRAIN.tsv 7 105 145 10 1 10 10 0 1 10 UCRArchive_2018//Plane/tree.txt UCRArchive_2018//Plane/time.txt
; time =>   13.829   0.793   4.848   0.437   7.216 
