;Shapelet Tree 

;random seed:1551070251, rand()=1213770261, rand()=292956062
;command = ShapeletResearch/Execs/FastShapelet UCRArchive_2018//ChlorineConcentration/ChlorineConcentration_TRAIN.tsv 3 467 167 10 1 10 10 0 1 10 UCRArchive_2018//ChlorineConcentration/tree.txt UCRArchive_2018//ChlorineConcentration/time.txt 

;Local Class:   0  1  2 
;Real  Class:   1  3  2 

;Node ID class   obj  pos  len  dist_th 
TreeSize: 48 
NonL  1    --      9  123   41   3.5633 ==>  91 262  91  /  23   0   0 
NonL  2    --     21   51   61   2.7284 ==>  15  88  48  /  76 174  43 
Leaf  3     1    
NonL  4    --      0   22   16   0.9676 ==>  10  88  44  /   5   0   4 
NonL  5    --     34  118   17   2.1097 ==>  53 165  38  /  23   9   5 
NonL  8    --      5   51   19   1.5022 ==>   2  79  38  /   8   9   6 
NonL  9    --      0   14   10   0.2465 ==>   5   0   0  /   0   0   4 
NonL 10    --     27   25  136   9.9578 ==>  46 165  38  /   7   0   0 
NonL 11    --      1   17  120   0.6583 ==>   0   0   3  /  23   9   2 
NonL 16    --      6   25  121   0.8671 ==>   0   0   8  /   2  79  30 
NonL 17    --      0    9   81   1.6354 ==>   0   5   6  /   8   4   0 
Leaf 18     1    
Leaf 19     2    
NonL 20    --    181   49   84  10.8544 ==>  46 132  31  /   0  33   7 
Leaf 21     1    
Leaf 22     2    
NonL 23    --      2    5   53   4.4574 ==>  23   5   0  /   0   4   2 
Leaf 32     2    
Leaf 33     3    
Leaf 34     2    
Leaf 35     1    
Leaf 40     3    
Leaf 41     3    
Leaf 46     1    
Leaf 47     3    

;Shapelet id   <data>
Shapelet   1  -0.486714 -0.605982 -0.347385 -0.674721 -0.613691 -0.616951 -0.802810 -0.524113 -0.835343 -0.688962 -0.814812 -0.767994 -0.754870 -0.662009 -0.349938  1.167590  0.893021 -0.147024 -0.076934  0.219933 -0.373138 -0.724883 -0.297975 -0.683617 -0.102745  0.012381  0.022586  0.226926  0.009709 -0.054537  0.697804  2.060316 -0.017553 -0.065781  0.957132  0.600470  0.308419  0.420303 -0.044618 -0.422183 -0.702630 
Shapelet   2   1.299391  0.945114  0.609282 -0.204967 -0.575745 -0.836474 -0.851442 -1.001109 -1.050267 -1.086557 -1.007445 -1.170921  1.100199  0.637207  0.408990  0.006486 -0.390800 -0.611036 -0.756731 -0.894275 -0.916754 -1.001993  0.208642 -0.022225 -0.101287 -0.302477 -1.045376  0.485725 -0.038445 -0.402085 -0.744547  1.332509  1.228525  0.802690  0.796273  0.510185  0.083996 -0.380900 -0.487510 -0.671474 -1.104235 -1.131579 -1.050607 -0.988612  1.097199  0.629460  0.012006 -1.085878 -1.007597 -1.111018 -1.034453  0.873057  0.500709  0.558975  0.686718  0.371475  0.198614 -0.765350 -1.024773 -1.063691 -1.119464 
Shapelet   4  -0.332353 -0.657933 -0.873603 -0.751319  1.999737  1.697696  1.568116  1.083905  0.561843 -0.028273 -0.376011 -0.678125 -0.791441 -0.806000 -0.755591 -0.946302 
Shapelet   5   0.160579  0.138265  0.056989 -0.216651 -0.291051 -0.214747 -0.700581 -0.221649 -0.666200 -0.667695 -0.677135 -0.731596 -0.559660 -0.805768 -0.599865 -0.833621 -0.749946 
Shapelet   8   0.564454  0.518387  0.631456  0.234998 -0.560652 -0.804540 -0.950230 -1.012129 -0.993227 -1.040873 -0.943853 -0.885995  0.599870  0.529094  0.520348  0.223362 -0.336879 -0.549310 -0.783571 
Shapelet   9   1.401290  1.349329  1.175141  1.051286  0.905397  0.752191  0.578722  0.326423  0.072778 -0.306438 
Shapelet  10  -0.935165  1.857523  1.678841  1.611574  1.075255  0.948574  0.708246  0.345057 -0.205678 -0.650127 -0.916886 -0.808568 -1.015790  0.629952  0.039598  0.144530  0.427171  0.490377 -0.652595 -0.302743 -0.941131 -0.161130 -0.920158 -0.994217 -0.903552  1.093189  0.230542  0.336691  0.434871  0.044416 -0.468386 -0.808809 -0.932519 -1.001720 -0.969784 -1.022600 -0.910882 -0.959061  0.404152  0.345812  0.437855  0.271194 -0.182329 -0.446412 -0.728929 -0.889238 -0.959074 -0.937620  0.446259  0.319501  0.291419 -0.113783 -0.965443  0.850545  0.254933 -0.273720 -0.745310  0.245828  0.309637  0.382607  0.442916  0.831345  0.644669  0.248502 -0.017813 -0.316798 -1.008468 -1.053350 -0.901526 -0.882889  0.390168  0.420377  0.132931 -1.008075 -0.940584 -1.010272 -0.974217  0.411338  0.421005  0.282535  0.374824  0.435860  0.437787 -0.508008 -0.942807 -0.977363 -1.036178  0.420429  0.514447  0.486350 -0.124170 -1.060174 -1.079557  0.193608 -0.331080  0.109161 -0.531975 -0.754379 -0.656588 -1.044826 -0.675105 -1.074179 -0.985071 -1.036128 -1.104791 -0.873580 -1.064513 -0.924013 -1.102129 -1.045478 -0.780590 -0.996327 -0.903638  0.270372  1.393438  0.554130 -0.300450  0.925938  0.297946 -1.003859 -0.265338 -1.015637  0.709218  0.070927  0.659690  0.703772  0.112527  0.403905  1.566287  2.349556  0.212067  0.125391  2.066210  1.134351 -0.254709  0.652788 
Shapelet  11   1.214286  0.851210  0.510700  0.187396 -0.081960 -0.278594 -0.839246 -0.841030 -0.674477  2.105215  1.705135  1.563045  0.996162  0.337700 -0.141301 -0.397455 -0.708745 -0.695061 -0.714301 -0.656911 -0.920073  1.044835  1.626941  0.928920  1.027766  0.306544 -0.577715 -0.529773 -0.767590 -0.637727 -0.630167 -0.780642 -0.713464  0.111148  1.470687  1.067046  0.635562 -0.419488 -0.784502 -0.836572 -0.765745 -0.780188 -0.749528 -0.819659 -0.722600 -0.420042  1.274875  0.632206  0.245611 -0.307880 -0.700105 -0.798777 -0.805428 -0.841472 -0.758140 -0.832841 -0.090073 -0.366677 -0.438043 -0.714075 -0.721915  0.135888 -0.460000 -0.743485 -0.734372  1.519151  1.337800  0.864563  0.781010 -0.101870 -0.278129 -0.545356 -0.651389 -0.872373 -0.727457 -0.815935 -0.756958 -0.794924  1.203157  0.397325 -0.247452 -0.885242 -0.811298 -0.762940 -0.853674  0.768682  0.097581 -0.365978  0.521847 -0.182726 -0.409873 -0.956363 -0.873994 -0.849078 -0.901077  0.236206 -0.354657 -0.457086 -0.866967 -0.953728 -0.963554 -0.344692 -0.663988 -0.688255 -0.860452 -0.883556 -0.898791 -0.794529 -0.886980 -0.694979 -0.834079 -0.755114 -0.783084 -0.857388 -0.094347 -0.755086 -0.959350 -0.959686 -0.944054 -0.155965 
Shapelet  16  -1.051254  1.893792  1.515785  1.398557  0.946240  0.615022  0.249163  0.054179 -0.353144 -0.693697 -0.919238 -0.967570 -1.130216  0.960480  1.400522  0.769211  0.900781 -0.298265 -0.763875 -0.593941 -1.035248 -0.570186 -0.967352 -1.066786 -1.011749  0.426834  1.299391  0.945114  0.609282 -0.204967 -0.575745 -0.836474 -0.851442 -1.001109 -1.050267 -1.086557 -1.007445 -1.170921  1.100199  0.637207  0.408990  0.006486 -0.390800 -0.611036 -0.756731 -0.894275 -0.916754 -1.001993  0.208642 -0.022225 -0.101287 -0.302477 -1.045376  0.485725 -0.038445 -0.402085 -0.744547  1.332509  1.228525  0.802690  0.796273  0.510185  0.083996 -0.380900 -0.487510 -0.671474 -1.104235 -1.131579 -1.050607 -0.988612  1.097199  0.629460  0.012006 -1.085878 -1.007597 -1.111018 -1.034453  0.873057  0.500709  0.558975  0.686718  0.371475  0.198614 -0.765350 -1.024773 -1.063691 -1.119464  0.396508  0.320953  0.208933 -0.345484 -1.138892 -1.165506 -0.564459 -0.397941  0.073740 -0.616993 -0.732723 -0.456390 -0.935570 -1.115350 -1.147353 -1.098031 -0.937373 -1.174863 -1.148076 -0.136174 -1.105676 -1.190641 -1.118579 -0.364862 -0.134434  0.388009  0.891290  1.110642  0.106327 -0.572379  0.658845 -0.139771 -1.081516 -0.539329 
Shapelet  17   1.359330  1.252520  1.112269  0.608695 -0.280788  1.559703  1.485902  1.328304  1.193466  0.956291  0.746651  0.485748  0.068630 -0.286271 -0.490264 -0.875557 -0.828252  1.976685  1.634586  1.497677  1.009370  0.533114 -0.054731 -0.349416 -0.625443 -0.784681 -0.810122 -0.757621 -0.995382  1.131446  1.482792  0.870175  1.043769  0.498874 -0.755617 -0.488042 -0.843595 -0.575975 -0.734736 -0.881302 -0.787967  0.222125  1.374894  1.027542  0.726993 -0.366018 -0.783452 -0.891828 -0.880322 -0.885491 -0.848940 -0.912248 -0.797634 -0.686133  1.209283  0.696565  0.390012 -0.089235 -0.639347 -0.777715 -0.858844 -0.930185 -0.860925 -0.902509  0.127096 -0.235336 -0.357654 -0.593878 -0.823480  0.331330 -0.420800 -0.652532 -0.850515  1.410237  1.285847  0.917406  0.883169  0.075119 -0.232183 -0.438566 -0.486515 
Shapelet  20  -0.711706 -0.665439  1.023164  0.640183  0.191690 -0.516856 -0.614921 -0.709726 -0.538488 -0.586205 -0.639418 -0.747666 -0.616361  0.166073  0.755260  0.288383  0.005854 -0.378286 -0.604388 -0.648380 -0.529070 -0.580736 -0.531080 -0.770138 -0.156540 -0.434929 -0.560027 -0.564030 -0.700008  0.143118 -0.369677 -0.471725 -0.464796  1.049669  0.919387  0.419873  0.391881  0.191221 -0.547794 -0.791174 -0.775585 -0.632491 -0.501515 -0.581413 -0.571573 -0.763840  0.787420  0.251407 -0.168179 -0.803193 -0.722153 -0.660777 -0.774301  0.504126  0.178786  0.208634  0.294755  0.105248 -0.128215 -0.581129 -0.802886 -0.756338 -0.784892 -0.601389  0.052951 -0.135603 -0.544605 -0.785860 -0.799164 -0.591921 -0.654789 -0.562056 -0.695863 -0.685942 -0.607878 -0.658413 -0.447406 -0.772041 -0.666795 -0.624189 -0.833340 -0.581743 -0.712365 -0.762480 
Shapelet  23   2.436424  2.177420  2.017323  1.626733  1.479891  1.418927  1.265957  0.909323  0.124270  1.679535  1.571252  1.370916  1.173709  0.948930  0.614004  0.331516 -0.072816 -0.286664 -0.655880 -0.862461 -0.752047  2.057067  1.637542  1.512619  0.997112  0.422408 -0.136162 -0.375909 -0.729086 -0.727518 -0.729093 -0.697609 -0.951726  1.176719  1.555292  0.874647  1.032302  0.390713 -0.668887 -0.546349 -0.773761 -0.531975 -0.633896 -0.833766 -0.766871  0.096228  1.435031  1.031004  0.671779 -0.335884 -0.797551 -0.867096 -0.815727 


; cmd = ShapeletResearch/Execs/FastShapelet UCRArchive_2018//ChlorineConcentration/ChlorineConcentration_TRAIN.tsv 3 467 167 10 1 10 10 0 1 10 UCRArchive_2018//ChlorineConcentration/tree.txt UCRArchive_2018//ChlorineConcentration/time.txt
; time =>  162.968  10.168  62.707   6.084  78.520 
