;Shapelet Tree 

;random seed:1551072737, rand()=1840479506, rand()=1906447767
;command = ShapeletResearch/Execs/FastShapelet UCRArchive_2018//GestureMidAirD2/GestureMidAirD2_TRAIN.tsv 26 208 361 10 1 10 10 0 1 10 UCRArchive_2018//GestureMidAirD2/tree.txt UCRArchive_2018//GestureMidAirD2/time.txt 

;Local Class:   0  1  2  3  4  5  6  7  8  9 10 11 12 13 14 15 16 17 18 19 20 21 22 23 24 25 
;Real  Class:  17 12  3  9 24  8  4 11 13 25 10 19  7 21  2  6 15  5 14 16 20  1 22 18 26 23 

;Node ID class   obj  pos  len  dist_th 
TreeSize: 374 
NonL  1    --      0   65  121  50000000000000000000.0000 ==>   8   8   2   0   0   8   2   8   8   8   0   8   0   0   8   0   8   8   8   8   0   8   8   0   8   8  /   0   0   6   8   8   0   6   0   0   0   8   0   8   8   0   8   0   0   0   0   8   0   0   8   0   0 
NonL  2    --      0   31  181  50000000000000000000.0000 ==>   8   0   0   0   0   2   0   0   0   0   0   8   0   0   0   0   0   0   0   0   0   0   8   0   8   8  /   0   8   2   0   0   6   2   8   8   8   0   0   0   0   8   0   8   8   8   8   0   8   0   0   0   0 
NonL  3    --     60    0   91  50000000000000000000.0000 ==>   0   0   0   0   0   0   0   0   0   0   8   0   8   8   0   8   0   0   0   0   8   0   0   0   0   0  /   0   0   6   8   8   0   6   0   0   0   0   0   0   0   0   0   0   0   0   0   0   0   0   8   0   0 
NonL  4    --      0   12  190   8.3003 ==>   8   0   0   0   0   2   0   0   0   0   0   0   0   0   0   0   0   0   0   0   0   0   0   0   0   8  /   0   0   0   0   0   0   0   0   0   0   0   8   0   0   0   0   0   0   0   0   0   0   8   0   8   0 
NonL  5    --     14    0  166  12.4110 ==>   0   7   0   0   0   0   1   6   8   0   0   0   0   0   0   0   7   0   8   8   0   0   0   0   0   0  /   0   1   2   0   0   6   1   2   0   8   0   0   0   0   8   0   1   8   0   0   0   8   0   0   0   0 
NonL  6    --      3   20   83   2.8311 ==>   0   0   0   0   0   0   0   0   0   0   0   0   8   0   0   7   0   0   0   0   0   0   0   0   0   0  /   0   0   0   0   0   0   0   0   0   0   8   0   0   8   0   1   0   0   0   0   8   0   0   0   0   0 
NonL  7    --      0    8   14   0.3255 ==>   0   0   6   0   8   0   6   0   0   0   0   0   0   0   0   0   0   0   0   0   0   0   0   0   0   0  /   0   0   0   8   0   0   0   0   0   0   0   0   0   0   0   0   0   0   0   0   0   0   0   8   0   0 
NonL  8    --     16   87   80   1.2779 ==>   1   0   0   0   0   2   0   0   0   0   0   0   0   0   0   0   0   0   0   0   0   0   0   0   0   8  /   7   0   0   0   0   0   0   0   0   0   0   0   0   0   0   0   0   0   0   0   0   0   0   0   0   0 
NonL  9    --      7   41  241  50000000000000000000.0000 ==>   0   0   0   0   0   0   0   0   0   0   0   8   0   0   0   0   0   0   0   0   0   0   8   0   0   0  /   0   0   0   0   0   0   0   0   0   0   0   0   0   0   0   0   0   0   0   0   0   0   0   0   8   0 
NonL 10    --      1   13  155   7.4154 ==>   0   0   0   0   0   0   1   4   8   0   0   0   0   0   0   0   0   0   8   0   0   0   0   0   0   0  /   0   7   0   0   0   0   0   2   0   0   0   0   0   0   0   0   7   0   0   8   0   0   0   0   0   0 
NonL 11    --      8   61  101   7.1532 ==>   0   0   0   0   0   6   1   0   0   8   0   0   0   0   0   0   0   8   0   0   0   0   0   0   0   0  /   0   1   2   0   0   0   0   2   0   0   0   0   0   0   8   0   1   0   0   0   0   8   0   0   0   0 
NonL 12    --      0   14   28   0.3538 ==>   0   0   0   0   0   0   0   0   0   0   0   0   6   0   0   0   0   0   0   0   0   0   0   0   0   0  /   0   0   0   0   0   0   0   0   0   0   0   0   2   0   0   7   0   0   0   0   0   0   0   0   0   0 
NonL 13    --      5    1   65   2.8487 ==>   0   0   0   0   0   0   0   0   0   0   0   0   0   8   0   0   0   0   0   0   8   0   0   0   0   0  /   0   0   0   0   0   0   0   0   0   0   8   0   0   0   0   1   0   0   0   0   0   0   0   0   0   0 
NonL 14    --      1   33   42   3.8281 ==>   0   0   0   0   8   0   6   0   0   0   0   0   0   0   0   0   0   0   0   0   0   0   0   0   0   0  /   0   0   6   0   0   0   0   0   0   0   0   0   0   0   0   0   0   0   0   0   0   0   0   0   0   0 
NonL 15    --      0   63   17   1.1312 ==>   0   0   0   8   0   0   0   0   0   0   0   0   0   0   0   0   0   0   0   0   0   0   0   3   0   0  /   0   0   0   0   0   0   0   0   0   0   0   0   0   0   0   0   0   0   0   0   0   0   0   5   0   0 
NonL 16    --      1  175   37   1.5712 ==>   1   0   0   0   0   2   0   0   0   0   0   0   0   0   0   0   0   0   0   0   0   0   0   0   0   0  /   0   0   0   0   0   0   0   0   0   0   0   0   0   0   0   0   0   0   0   0   0   0   0   0   0   8 
Leaf 17    17    
NonL 18    --      5   24  301  50000000000000000000.0000 ==>   0   0   0   0   0   0   0   0   0   0   0   8   0   0   0   0   0   0   0   0   0   0   0   0   0   0  /   0   0   0   0   0   0   0   0   0   0   0   0   0   0   0   0   0   0   0   0   0   0   8   0   0   0 
Leaf 19    26    
NonL 20    --      5   44  129   2.0588 ==>   0   0   0   0   0   0   0   4   1   0   0   0   0   0   0   0   0   0   8   0   0   0   0   0   0   0  /   0   0   0   0   0   0   1   0   7   0   0   0   0   0   0   0   0   0   0   0   0   0   0   0   0   0 
NonL 21    --      1    6  171  10.0916 ==>   0   7   0   0   0   0   0   0   0   0   0   0   0   0   0   0   6   0   0   0   0   0   0   0   0   0  /   0   0   0   0   0   0   0   2   0   0   0   0   0   0   0   0   1   0   0   8   0   0   0   0   0   0 
NonL 22    --      0   55   46   2.2097 ==>   0   0   0   0   0   0   0   0   0   8   0   0   0   0   0   0   0   8   0   0   0   0   0   0   0   0  /   0   0   0   0   0   6   1   0   0   0   0   0   0   0   0   0   0   0   0   0   0   0   0   0   0   0 
NonL 23    --      1   48   27   0.7074 ==>   0   1   0   0   0   0   0   0   0   0   0   0   0   0   8   0   0   0   0   0   0   8   0   0   0   0  /   0   0   2   0   0   0   0   2   0   0   0   0   0   0   0   0   1   0   0   0   0   0   0   0   0   0 
Leaf 24     7    
NonL 25    --      3    5   25   0.5180 ==>   0   0   0   0   0   0   0   0   0   0   0   0   2   0   0   0   0   0   0   0   0   0   0   0   0   0  /   0   0   0   0   0   0   0   0   0   0   0   0   0   0   0   7   0   0   0   0   0   0   0   0   0   0 
NonL 26    --      0   51   14   0.2461 ==>   0   0   0   0   0   0   0   0   0   0   0   0   0   8   0   0   0   0   0   0   2   0   0   0   0   0  /   0   0   0   0   0   0   0   0   0   0   0   0   0   0   0   0   0   0   0   0   6   0   0   0   0   0 
NonL 27    --      1   35   51   5.8435 ==>   0   0   0   0   0   0   0   0   0   0   8   0   0   0   0   0   0   0   0   0   0   0   0   0   0   0  /   0   0   0   0   0   0   0   0   0   0   0   0   0   0   0   1   0   0   0   0   0   0   0   0   0   0 
NonL 28    --      4   32   48   1.3461 ==>   0   0   0   0   8   0   0   0   0   0   0   0   0   0   0   0   0   0   0   0   0   0   0   0   0   0  /   0   0   0   0   0   0   6   0   0   0   0   0   0   0   0   0   0   0   0   0   0   0   0   0   0   0 
Leaf 29     3    
NonL 30    --      0    0   90  100000000000000000000.0000 ==>   0   0   0   8   0   0   0   0   0   0   0   0   0   0   0   0   0   0   0   0   0   0   0   0   0   0  /   0   0   0   0   0   0   0   0   0   0   0   0   0   0   0   0   0   0   0   0   0   0   0   3   0   0 
Leaf 31    18    
NonL 32    --      1    0  227  50000000000000000000.0000 ==>   1   0   0   0   0   0   0   0   0   0   0   0   0   0   0   0   0   0   0   0   0   0   0   0   0   0  /   0   0   0   0   0   2   0   0   0   0   0   0   0   0   0   0   0   0   0   0   0   0   0   0   0   0 
Leaf 33    23    
Leaf 36    19    
Leaf 37    22    
NonL 40    --      0   55   20   0.2508 ==>   0   0   0   0   0   0   0   4   1   0   0   0   0   0   0   0   0   0   0   0   0   0   0   0   0   0  /   0   0   0   0   0   0   0   0   0   0   0   0   0   0   0   0   0   0   8   0   0   0   0   0   0   0 
NonL 41    --      0    0  168   2.7043 ==>   0   0   0   0   0   0   1   0   0   0   0   0   0   0   0   0   0   0   0   0   0   0   0   0   0   0  /   0   0   0   0   0   0   0   0   7   0   0   0   0   0   0   0   0   0   0   0   0   0   0   0   0   0 
NonL 42    --      0   53   15   0.3490 ==>   0   6   0   0   0   0   0   0   0   0   0   0   0   0   0   0   0   0   0   0   0   0   0   0   0   0  /   0   1   0   0   0   0   0   0   0   0   0   0   0   0   0   0   6   0   0   0   0   0   0   0   0   0 
NonL 43    --      0   76   36   0.3935 ==>   0   0   0   0   0   0   0   0   0   0   0   0   0   0   0   0   0   0   0   8   0   0   0   0   0   0  /   0   0   0   0   0   0   0   2   0   0   0   0   0   0   0   0   1   0   0   0   0   0   0   0   0   0 
NonL 44    --      3   17  141   7.6437 ==>   0   0   0   0   0   0   0   0   0   7   0   0   0   0   0   0   0   0   0   0   0   0   0   0   0   0  /   0   0   0   0   0   0   0   0   0   1   0   0   0   0   0   0   0   8   0   0   0   0   0   0   0   0 
NonL 45    --      0   10  165  50000000000000000000.0000 ==>   0   0   0   0   0   6   0   0   0   0   0   0   0   0   0   0   0   0   0   0   0   0   0   0   0   0  /   0   0   0   0   0   0   1   0   0   0   0   0   0   0   0   0   0   0   0   0   0   0   0   0   0   0 
NonL 46    --      6    8  170  17.4347 ==>   0   0   0   0   0   0   0   0   0   0   0   0   0   0   7   0   0   0   0   0   0   0   0   0   0   0  /   0   1   0   0   0   0   0   0   0   0   0   0   0   0   1   0   0   0   0   0   0   8   0   0   0   0 
NonL 47    --      1    0  164  50000000000000000000.0000 ==>   0   0   2   0   0   0   0   0   0   0   0   0   0   0   0   0   0   0   0   0   0   0   0   0   0   0  /   0   0   0   0   0   0   0   2   0   0   0   0   0   0   0   0   1   0   0   0   0   0   0   0   0   0 
Leaf 50     7    
Leaf 51     6    
NonL 52    --      5    1  106   0.8821 ==>   0   0   0   0   0   0   0   0   0   0   0   0   0   0   0   0   0   0   0   0   2   0   0   0   0   0  /   0   0   0   0   0   0   0   0   0   0   0   0   0   8   0   0   0   0   0   0   0   0   0   0   0   0 
Leaf 53    20    
Leaf 54    10    
Leaf 55     6    
Leaf 56    24    
Leaf 57     4    
Leaf 60     9    
Leaf 64    17    
Leaf 65     8    
NonL 80    --      0   57  122   2.2887 ==>   0   0   0   0   0   0   0   0   1   0   0   0   0   0   0   0   0   0   0   0   0   0   0   0   0   0  /   0   0   0   0   0   0   0   4   0   0   0   0   0   0   0   0   0   0   0   0   0   0   0   0   0   0 
Leaf 81    14    
Leaf 82     4    
Leaf 83    13    
Leaf 84    12    
NonL 85    --      0    8   23   0.9694 ==>   0   1   0   0   0   0   0   0   0   0   0   0   0   0   0   0   0   0   0   0   0   0   0   0   0   0  /   0   0   0   0   0   0   0   0   0   0   0   0   0   0   0   0   6   0   0   0   0   0   0   0   0   0 
Leaf 86    16    
NonL 87    --      1   16   78   2.2326 ==>   0   0   0   0   0   0   0   0   0   0   0   0   0   0   0   0   1   0   0   0   0   0   0   0   0   0  /   0   0   0   0   0   0   0   2   0   0   0   0   0   0   0   0   0   0   0   0   0   0   0   0   0   0 
Leaf 88    25    
NonL 89    --      1   41  130  50000000000000000000.0000 ==>   0   0   0   0   0   0   0   0   0   0   0   0   0   0   0   0   0   8   0   0   0   0   0   0   0   0  /   0   0   0   0   0   0   0   0   0   1   0   0   0   0   0   0   0   0   0   0   0   0   0   0   0   0 
Leaf 90     8    
Leaf 91     4    
Leaf 92     2    
NonL 93    --      0    0   27   1.4932 ==>   0   1   0   0   0   0   0   0   0   0   0   0   0   0   1   0   0   0   0   0   0   0   0   0   0   0  /   0   0   0   0   0   0   0   0   0   0   0   0   0   0   0   0   0   0   0   0   0   8   0   0   0   0 
Leaf 94     3    
NonL 95    --      1    0  127   9.8562 ==>   0   0   0   0   0   0   0   0   0   0   0   0   0   0   0   0   1   0   0   0   0   0   0   0   0   0  /   0   0   0   0   0   0   0   2   0   0   0   0   0   0   0   0   0   0   0   0   0   0   0   0   0   0 
Leaf 104    20    
Leaf 105    21    
Leaf 160    13    
Leaf 161    11    
Leaf 170    12    
Leaf 171    15    
Leaf 174    15    
Leaf 175    11    
Leaf 178     5    
Leaf 179    25    
NonL 186    --      0   17  135  50000000000000000000.0000 ==>   0   1   0   0   0   0   0   0   0   0   0   0   0   0   0   0   0   0   0   0   0   0   0   0   0   0  /   0   0   0   0   0   0   0   0   0   0   0   0   0   0   1   0   0   0   0   0   0   0   0   0   0   0 
Leaf 187     1    
Leaf 190    15    
Leaf 191    11    
Leaf 372    12    
Leaf 373     2    

;Shapelet id   <data>
Shapelet   1  150.493000 150.325000 150.291000 150.102000 149.063000 147.301000 146.900000 144.974000 145.022000 144.502000 144.208000 142.916000 142.526000 142.288000 141.856000 141.883000 142.294000 142.496000 142.661000 142.611000 142.536000 142.658000 142.658000 142.749000 142.825000 143.178000 143.763000 144.394000 144.866000 146.235000 147.847000 148.807000 150.743000 153.497000 156.234000 157.748000 160.807000 164.143000 166.096000 169.215000 173.163000 176.739000 178.342000 182.692000 186.380000 187.984000 191.240000 194.532000 197.523000 199.104000 202.390000 204.886000 206.017000 208.451000 210.765000 212.932000 214.020000 215.905000 217.779000 218.522000 219.741000 220.890000 222.656000 223.340000 224.332000 225.136000 225.463000 226.063000 226.456000 226.525000 226.588000 226.544000 226.415000 226.352000 226.009000 225.904000 225.943000 225.961000 226.520000 226.682000 226.810000 227.167000 227.768000 227.972000 228.081000 229.088000 229.694000 229.783000 229.921000 230.033000 230.639000 230.903000 231.691000 232.552000 232.621000 232.747000 232.940000 233.169000 233.086000 233.572000 233.893000 233.791000 233.619000 233.565000 233.425000 233.349000 233.132000 233.250000 233.214000 233.357000 233.461000 233.623000 233.709000 234.136000 234.451000 234.565000 235.022000 235.383000 235.701000 235.912000 236.274000 
Shapelet   2  187.892000 184.874000 183.354000 180.577000 177.857000 176.376000 174.335000 172.119000 169.637000 168.470000 166.754000 165.076000 164.255000 162.492000 161.546000 160.717000 160.429000 160.078000 159.973000 159.935000 159.682000 159.320000 158.804000 158.483000 157.673000 157.191000 156.954000 156.302000 155.176000 154.202000 153.842000 152.796000 151.239000 150.408000 150.493000 150.325000 150.291000 150.102000 149.063000 147.301000 146.900000 144.974000 145.022000 144.502000 144.208000 142.916000 142.526000 142.288000 141.856000 141.883000 142.294000 142.496000 142.661000 142.611000 142.536000 142.658000 142.658000 142.749000 142.825000 143.178000 143.763000 144.394000 144.866000 146.235000 147.847000 148.807000 150.743000 153.497000 156.234000 157.748000 160.807000 164.143000 166.096000 169.215000 173.163000 176.739000 178.342000 182.692000 186.380000 187.984000 191.240000 194.532000 197.523000 199.104000 202.390000 204.886000 206.017000 208.451000 210.765000 212.932000 214.020000 215.905000 217.779000 218.522000 219.741000 220.890000 222.656000 223.340000 224.332000 225.136000 225.463000 226.063000 226.456000 226.525000 226.588000 226.544000 226.415000 226.352000 226.009000 225.904000 225.943000 225.961000 226.520000 226.682000 226.810000 227.167000 227.768000 227.972000 228.081000 229.088000 229.694000 229.783000 229.921000 230.033000 230.639000 230.903000 231.691000 232.552000 232.621000 232.747000 232.940000 233.169000 233.086000 233.572000 233.893000 233.791000 233.619000 233.565000 233.425000 233.349000 233.132000 233.250000 233.214000 233.357000 233.461000 233.623000 233.709000 234.136000 234.451000 234.565000 235.022000 235.383000 235.701000 235.912000 236.274000 236.333000 236.428000 236.535000 236.679000 236.843000 236.893000 236.870000 236.829000 236.812000 236.914000 236.993000 237.200000 237.308000 237.369000 237.363000 237.362000 237.352000 237.356000 237.305000 237.270000 237.210000 237.153000 237.261000 237.382000 237.533000 237.621000 
Shapelet   3  204.069000 204.122000 204.202000 204.254000 204.331000 204.431000 204.707000 204.942000 205.151000 205.400000 205.676000 206.045000 206.196000 206.505000 206.670000 206.710000 206.735000 206.640000 206.607000 206.594000 206.849000 207.112000 208.150000 209.598000 211.245000 212.093000 213.762000 214.553000 215.619000 216.793000 217.629000 218.043000 218.165000 218.109000 217.685000 216.509000 214.875000 212.720000 210.405000 206.233000 204.028000 201.276000 198.849000 196.124000 194.779000 187.513000 184.929000 182.276000 179.229000 176.673000 175.400000 172.921000 170.213000 167.956000 165.906000 164.079000 162.906000 162.560000 162.261000 162.412000 162.963000 164.794000 166.697000 168.920000 170.092000 172.371000 174.069000 176.087000 177.979000 179.572000 180.095000 180.869000 181.201000 181.879000 181.956000 181.816000 180.710000 179.946000 178.017000 175.509000 172.408000 169.541000 165.846000 162.545000 161.012000 157.105000 153.249000 149.445000 145.759000 141.370000 137.388000 
Shapelet   4  228.609000 227.027000 225.401000 224.647000 223.239000 221.520000 219.804000 218.952000 216.738000 214.404000 213.142000 210.540000 207.583000 204.230000 202.545000 199.195000 195.678000 193.881000 190.784000 187.892000 184.874000 183.354000 180.577000 177.857000 176.376000 174.335000 172.119000 169.637000 168.470000 166.754000 165.076000 164.255000 162.492000 161.546000 160.717000 160.429000 160.078000 159.973000 159.935000 159.682000 159.320000 158.804000 158.483000 157.673000 157.191000 156.954000 156.302000 155.176000 154.202000 153.842000 152.796000 151.239000 150.408000 150.493000 150.325000 150.291000 150.102000 149.063000 147.301000 146.900000 144.974000 145.022000 144.502000 144.208000 142.916000 142.526000 142.288000 141.856000 141.883000 142.294000 142.496000 142.661000 142.611000 142.536000 142.658000 142.658000 142.749000 142.825000 143.178000 143.763000 144.394000 144.866000 146.235000 147.847000 148.807000 150.743000 153.497000 156.234000 157.748000 160.807000 164.143000 166.096000 169.215000 173.163000 176.739000 178.342000 182.692000 186.380000 187.984000 191.240000 194.532000 197.523000 199.104000 202.390000 204.886000 206.017000 208.451000 210.765000 212.932000 214.020000 215.905000 217.779000 218.522000 219.741000 220.890000 222.656000 223.340000 224.332000 225.136000 225.463000 226.063000 226.456000 226.525000 226.588000 226.544000 226.415000 226.352000 226.009000 225.904000 225.943000 225.961000 226.520000 226.682000 226.810000 227.167000 227.768000 227.972000 228.081000 229.088000 229.694000 229.783000 229.921000 230.033000 230.639000 230.903000 231.691000 232.552000 232.621000 232.747000 232.940000 233.169000 233.086000 233.572000 233.893000 233.791000 233.619000 233.565000 233.425000 233.349000 233.132000 233.250000 233.214000 233.357000 233.461000 233.623000 233.709000 234.136000 234.451000 234.565000 235.022000 235.383000 235.701000 235.912000 236.274000 236.333000 236.428000 236.535000 236.679000 236.843000 236.893000 236.870000 236.829000 236.812000 236.914000 236.993000 237.200000 237.308000 237.369000 237.363000 237.362000 
Shapelet   5  144.070000 143.705000 143.267000 142.895000 142.749000 142.495000 142.235000 142.039000 141.945000 141.907000 141.829000 141.733000 141.630000 141.538000 141.649000 141.603000 141.577000 141.625000 142.012000 142.975000 144.272000 146.629000 147.934000 150.225000 153.351000 156.232000 159.440000 162.974000 166.468000 168.247000 172.093000 176.342000 179.897000 183.526000 187.254000 190.783000 192.945000 199.869000 202.982000 208.887000 210.685000 213.604000 216.592000 219.598000 221.484000 228.550000 229.353000 231.449000 232.847000 234.339000 235.636000 236.571000 237.047000 237.893000 238.503000 238.765000 238.785000 238.902000 238.972000 239.004000 238.995000 238.975000 238.970000 238.976000 238.957000 238.480000 238.235000 238.436000 238.851000 238.989000 239.409000 239.457000 240.307000 240.418000 240.474000 240.760000 241.279000 242.163000 243.580000 245.369000 245.719000 247.601000 248.872000 250.653000 251.145000 251.365000 253.237000 255.018000 256.544000 257.218000 259.357000 259.341000 260.512000 261.206000 263.025000 263.372000 263.969000 264.568000 266.359000 266.873000 267.554000 268.450000 269.292000 269.814000 269.996000 270.043000 270.190000 270.381000 270.820000 271.191000 271.697000 271.655000 271.587000 271.945000 272.430000 272.471000 273.053000 273.319000 274.274000 274.106000 273.834000 273.452000 274.318000 273.728000 273.465000 273.424000 273.169000 273.616000 274.508000 272.547000 272.878000 272.868000 273.386000 274.063000 276.384000 277.992000 280.099000 280.457000 280.197000 282.101000 281.823000 280.791000 280.507000 283.172000 283.403000 282.446000 282.763000 283.935000 284.046000 283.343000 282.762000 282.406000 284.414000 285.222000 286.230000 286.211000 286.693000 287.117000 286.095000 285.987000 285.076000 283.833000 283.258000 282.686000 282.341000 281.767000 
Shapelet   6  333.398000 333.349000 333.398000 333.590000 334.147000 334.646000 334.666000 334.513000 334.476000 334.524000 334.457000 334.593000 335.214000 335.494000 335.397000 334.612000 333.504000 330.107000 324.093000 320.535000 318.852000 314.823000 309.255000 306.656000 302.574000 297.109000 291.503000 288.759000 283.389000 277.799000 272.216000 269.612000 264.884000 260.435000 257.748000 252.229000 248.639000 245.796000 244.360000 242.146000 238.953000 237.900000 236.491000 234.882000 233.985000 233.691000 233.136000 232.712000 232.304000 231.616000 231.152000 231.606000 231.908000 231.872000 231.185000 230.625000 229.648000 226.228000 224.114000 220.623000 216.853000 211.376000 209.141000 205.047000 200.548000 196.193000 194.154000 189.823000 185.519000 182.606000 177.897000 172.545000 166.848000 164.361000 157.566000 152.340000 149.614000 144.980000 139.826000 134.458000 131.806000 128.583000 125.837000 
Shapelet   7  167.389000 168.557000 171.270000 174.278000 175.846000 179.080000 182.938000 184.973000 188.693000 192.355000 195.886000 197.873000 202.044000 205.671000 
Shapelet   8  167.791000 168.494000 169.283000 169.151000 169.782000 169.572000 169.336000 169.683000 172.305000 172.901000 173.152000 172.880000 172.628000 172.730000 172.524000 172.500000 172.759000 172.964000 173.506000 174.130000 174.780000 174.765000 174.817000 174.447000 174.364000 174.560000 174.526000 174.284000 174.258000 174.137000 174.144000 174.242000 174.482000 174.721000 175.338000 175.504000 175.596000 175.615000 175.838000 176.286000 176.612000 176.753000 177.250000 178.708000 179.738000 180.660000 181.676000 182.445000 183.621000 185.254000 186.533000 187.092000 188.788000 190.963000 193.186000 194.964000 197.820000 200.878000 201.854000 203.643000 206.340000 207.833000 212.818000 215.643000 216.919000 219.334000 220.996000 221.905000 223.526000 225.871000 227.362000 228.301000 229.603000 230.520000 231.006000 231.768000 232.342000 232.648000 233.054000 233.256000 
Shapelet   9  147.798000 148.906000 146.980000 145.565000 145.593000 145.732000 146.283000 147.094000 147.763000 148.068000 148.089000 147.129000 146.440000 146.727000 148.303000 149.409000 148.390000 148.808000 148.969000 149.063000 149.491000 149.402000 149.923000 149.494000 148.835000 148.619000 148.194000 146.561000 144.478000 145.180000 146.846000 147.468000 148.883000 149.719000 153.243000 159.487000 162.476000 168.521000 176.816000 179.536000 189.926000 196.718000 202.670000 205.504000 212.545000 220.401000 221.478000 226.877000 235.428000 241.836000 245.090000 250.660000 255.709000 257.363000 259.952000 263.933000 262.393000 262.158000 260.734000 261.419000 260.332000 258.142000 254.345000 249.729000 247.322000 242.091000 236.906000 233.200000 227.393000 221.670000 214.033000 210.605000 204.186000 197.409000 194.063000 187.598000 181.554000 175.964000 173.154000 167.339000 162.340000 157.965000 155.887000 152.465000 148.716000 147.086000 144.221000 141.828000 139.484000 138.663000 137.327000 136.551000 136.768000 138.137000 140.030000 143.118000 144.587000 148.381000 152.397000 154.587000 159.845000 166.415000 171.932000 174.750000 180.704000 187.303000 190.938000 198.687000 205.538000 211.797000 214.958000 222.289000 229.350000 232.551000 238.569000 243.522000 248.798000 251.196000 255.015000 258.275000 259.445000 261.613000 262.846000 263.521000 263.380000 263.074000 261.643000 260.449000 257.192000 253.934000 249.437000 247.464000 241.545000 235.089000 232.128000 225.453000 219.256000 212.399000 208.880000 201.566000 194.028000 190.440000 183.195000 175.764000 169.223000 165.995000 159.091000 152.363000 149.156000 143.036000 137.323000 131.887000 129.490000 124.967000 121.536000 118.610000 117.485000 115.862000 115.207000 115.312000 116.230000 119.499000 121.252000 127.704000 134.365000 137.163000 143.358000 149.744000 153.025000 160.160000 167.508000 174.291000 177.815000 184.316000 191.126000 197.979000 200.974000 206.940000 212.614000 215.681000 221.436000 225.886000 229.773000 231.470000 234.826000 237.739000 239.013000 241.102000 241.645000 241.959000 242.763000 242.440000 241.019000 240.125000 237.633000 234.690000 230.489000 228.582000 224.152000 219.500000 216.763000 210.899000 204.573000 197.902000 194.478000 187.371000 180.222000 176.685000 169.344000 162.122000 154.619000 151.074000 144.600000 141.542000 135.871000 131.216000 127.231000 124.702000 123.952000 121.779000 119.711000 119.227000 118.520000 118.621000 120.597000 121.500000 124.347000 128.408000 130.665000 136.059000 141.394000 147.089000 150.085000 156.279000 162.922000 166.095000 172.413000 179.077000 185.008000 187.688000 193.760000 
Shapelet  10  187.626000 187.521000 186.543000 184.743000 182.141000 178.374000 173.749000 169.062000 166.520000 160.673000 157.262000 145.943000 140.822000 134.659000 131.444000 125.317000 119.321000 114.209000 110.252000 105.717000 103.180000 102.155000 102.494000 103.468000 106.658000 110.873000 117.186000 120.779000 129.957000 141.757000 156.196000 173.562000 191.190000 200.255000 219.410000 239.643000 259.040000 276.345000 289.806000 302.332000 307.358000 314.809000 322.124000 325.220000 326.961000 327.545000 327.451000 326.438000 324.857000 323.661000 321.911000 320.581000 319.281000 318.786000 317.376000 316.382000 315.908000 315.324000 314.970000 314.590000 314.498000 314.339000 313.772000 313.243000 312.658000 311.382000 311.115000 310.941000 310.622000 310.571000 310.677000 310.836000 310.977000 311.216000 311.682000 312.116000 312.835000 312.941000 312.933000 313.100000 313.460000 313.721000 314.126000 314.172000 314.167000 314.170000 314.295000 314.363000 314.583000 314.673000 314.975000 315.050000 315.218000 315.529000 315.656000 315.745000 315.836000 315.837000 315.817000 315.853000 315.904000 316.005000 316.169000 316.351000 316.592000 316.749000 316.716000 316.734000 317.170000 317.195000 317.204000 317.194000 317.154000 317.170000 317.061000 316.929000 316.777000 316.709000 316.563000 316.597000 316.735000 316.879000 317.155000 317.286000 317.306000 317.582000 317.931000 318.288000 318.447000 318.521000 318.490000 318.500000 318.520000 318.500000 318.491000 318.499000 318.539000 318.573000 318.565000 318.688000 318.805000 318.819000 318.920000 319.060000 319.107000 319.112000 319.237000 319.443000 319.435000 319.475000 319.476000 319.422000 319.428000 319.392000 319.387000 
Shapelet  11  258.361000 258.885000 258.979000 258.881000 258.694000 258.378000 257.130000 255.909000 254.485000 253.215000 249.778000 246.384000 244.338000 240.222000 236.025000 231.285000 229.197000 225.338000 221.422000 217.136000 214.928000 210.964000 207.417000 205.382000 200.943000 197.076000 195.305000 191.302000 187.687000 183.650000 181.598000 177.789000 174.575000 171.427000 170.004000 167.148000 164.559000 163.330000 161.216000 159.559000 158.185000 157.565000 156.635000 156.146000 156.066000 156.004000 156.213000 156.782000 157.314000 158.832000 160.521000 161.410000 163.568000 165.685000 167.027000 169.816000 173.302000 176.333000 178.014000 180.419000 183.067000 184.345000 187.020000 189.883000 193.149000 194.944000 198.496000 201.897000 204.802000 206.423000 209.455000 212.647000 214.511000 217.699000 220.434000 223.477000 224.804000 227.883000 230.378000 231.359000 233.595000 235.524000 237.926000 238.933000 240.520000 242.403000 243.110000 244.436000 245.528000 246.507000 246.773000 247.526000 248.206000 248.412000 248.844000 249.062000 249.210000 249.188000 249.262000 249.361000 249.373000 
Shapelet  12  325.432000 325.481000 324.989000 324.768000 324.806000 325.324000 325.387000 325.555000 325.496000 324.802000 323.773000 323.087000 322.192000 320.482000 318.470000 317.180000 314.989000 312.718000 311.773000 309.439000 307.052000 304.037000 302.368000 299.256000 296.019000 294.399000 290.930000 287.053000 
Shapelet  13  262.318000 264.988000 265.271000 264.196000 263.819000 263.084000 262.826000 263.064000 263.796000 263.930000 264.395000 264.493000 264.911000 264.863000 264.681000 265.528000 266.042000 265.900000 265.856000 263.555000 261.164000 259.169000 259.162000 260.005000 261.816000 261.064000 260.523000 260.344000 259.371000 251.832000 251.017000 251.173000 251.047000 252.113000 252.034000 253.128000 251.989000 250.539000 247.495000 243.500000 238.186000 231.300000 223.532000 208.047000 200.025000 190.694000 180.691000 170.708000 161.746000 157.569000 149.663000 142.632000 135.981000 129.967000 124.451000 119.201000 116.802000 111.560000 108.054000 105.022000 102.013000 99.002800 97.175900 94.861000 93.695000 
Shapelet  14  224.172000 220.993000 217.780000 214.511000 212.200000 208.229000 204.852000 203.062000 198.930000 195.731000 192.272000 190.173000 186.592000 183.348000 182.069000 179.390000 177.201000 175.840000 175.300000 174.151000 173.697000 173.532000 173.408000 173.591000 174.348000 174.864000 176.119000 178.151000 180.765000 182.077000 185.315000 188.420000 189.896000 193.737000 197.134000 200.550000 202.673000 206.755000 210.200000 212.193000 215.461000 218.887000 
Shapelet  15  240.468000 240.006000 240.267000 240.781000 241.065000 240.812000 239.765000 239.025000 238.282000 237.614000 236.738000 235.362000 235.279000 234.815000 234.534000 233.955000 233.242000 
Shapelet  16  229.572000 229.612000 229.702000 229.705000 229.708000 229.733000 229.947000 230.053000 230.073000 230.335000 230.501000 230.442000 230.423000 230.443000 230.546000 230.658000 230.735000 230.742000 230.760000 230.774000 230.949000 231.130000 231.239000 231.324000 231.300000 231.280000 231.253000 231.223000 231.182000 231.144000 231.036000 230.935000 230.900000 230.861000 230.848000 230.843000 230.862000 
Shapelet  18  145.517000 145.086000 145.632000 145.733000 145.476000 145.424000 145.175000 145.906000 145.643000 146.088000 146.133000 146.196000 146.149000 145.590000 145.581000 145.971000 146.204000 147.798000 148.906000 146.980000 145.565000 145.593000 145.732000 146.283000 147.094000 147.763000 148.068000 148.089000 147.129000 146.440000 146.727000 148.303000 149.409000 148.390000 148.808000 148.969000 149.063000 149.491000 149.402000 149.923000 149.494000 148.835000 148.619000 148.194000 146.561000 144.478000 145.180000 146.846000 147.468000 148.883000 149.719000 153.243000 159.487000 162.476000 168.521000 176.816000 179.536000 189.926000 196.718000 202.670000 205.504000 212.545000 220.401000 221.478000 226.877000 235.428000 241.836000 245.090000 250.660000 255.709000 257.363000 259.952000 263.933000 262.393000 262.158000 260.734000 261.419000 260.332000 258.142000 254.345000 249.729000 247.322000 242.091000 236.906000 233.200000 227.393000 221.670000 214.033000 210.605000 204.186000 197.409000 194.063000 187.598000 181.554000 175.964000 173.154000 167.339000 162.340000 157.965000 155.887000 152.465000 148.716000 147.086000 144.221000 141.828000 139.484000 138.663000 137.327000 136.551000 136.768000 138.137000 140.030000 143.118000 144.587000 148.381000 152.397000 154.587000 159.845000 166.415000 171.932000 174.750000 180.704000 187.303000 190.938000 198.687000 205.538000 211.797000 214.958000 222.289000 229.350000 232.551000 238.569000 243.522000 248.798000 251.196000 255.015000 258.275000 259.445000 261.613000 262.846000 263.521000 263.380000 263.074000 261.643000 260.449000 257.192000 253.934000 249.437000 247.464000 241.545000 235.089000 232.128000 225.453000 219.256000 212.399000 208.880000 201.566000 194.028000 190.440000 183.195000 175.764000 169.223000 165.995000 159.091000 152.363000 149.156000 143.036000 137.323000 131.887000 129.490000 124.967000 121.536000 118.610000 117.485000 115.862000 115.207000 115.312000 116.230000 119.499000 121.252000 127.704000 134.365000 137.163000 143.358000 149.744000 153.025000 160.160000 167.508000 174.291000 177.815000 184.316000 191.126000 197.979000 200.974000 206.940000 212.614000 215.681000 221.436000 225.886000 229.773000 231.470000 234.826000 237.739000 239.013000 241.102000 241.645000 241.959000 242.763000 242.440000 241.019000 240.125000 237.633000 234.690000 230.489000 228.582000 224.152000 219.500000 216.763000 210.899000 204.573000 197.902000 194.478000 187.371000 180.222000 176.685000 169.344000 162.122000 154.619000 151.074000 144.600000 141.542000 135.871000 131.216000 127.231000 124.702000 123.952000 121.779000 119.711000 119.227000 118.520000 118.621000 120.597000 121.500000 124.347000 128.408000 130.665000 136.059000 141.394000 147.089000 150.085000 156.279000 162.922000 166.095000 172.413000 179.077000 185.008000 187.688000 193.760000 199.746000 205.703000 208.731000 214.309000 219.335000 221.747000 226.796000 230.970000 233.184000 239.001000 240.525000 243.348000 244.511000 246.633000 247.974000 248.400000 248.931000 248.986000 248.235000 247.631000 245.785000 242.861000 241.309000 237.664000 233.270000 228.163000 225.463000 219.923000 214.511000 209.060000 206.444000 201.145000 196.393000 194.111000 189.936000 185.816000 182.436000 180.854000 178.033000 175.326000 174.063000 172.069000 170.518000 
Shapelet  20  151.116000 151.352000 151.611000 151.902000 152.735000 153.811000 154.273000 155.230000 156.284000 157.951000 158.767000 161.031000 162.796000 164.021000 167.140000 170.046000 173.138000 174.965000 178.215000 182.592000 184.270000 188.327000 193.191000 197.135000 199.245000 204.025000 210.096000 212.897000 218.237000 222.728000 228.052000 230.735000 234.549000 238.902000 243.513000 245.014000 249.186000 253.038000 254.299000 255.700000 257.523000 258.718000 260.994000 262.153000 263.505000 264.490000 265.517000 266.471000 266.984000 266.988000 267.184000 267.630000 267.755000 267.656000 267.596000 268.466000 268.573000 268.877000 269.904000 270.525000 271.979000 273.330000 273.454000 273.690000 274.701000 276.111000 277.312000 278.245000 278.992000 280.846000 281.905000 282.257000 281.615000 281.833000 283.283000 284.988000 285.932000 286.529000 287.653000 290.600000 290.657000 290.331000 291.568000 292.771000 295.541000 297.570000 297.234000 299.686000 299.955000 299.847000 300.691000 300.628000 301.180000 303.010000 302.576000 302.927000 303.019000 302.465000 301.815000 301.338000 303.136000 302.949000 301.391000 298.491000 296.138000 295.401000 293.963000 294.827000 294.285000 293.415000 292.471000 291.874000 291.776000 291.701000 292.025000 292.112000 291.726000 291.311000 290.903000 290.981000 290.936000 290.112000 289.640000 288.646000 288.168000 287.637000 287.636000 287.332000 286.611000 
Shapelet  21  159.729000 159.696000 159.582000 159.426000 159.336000 159.219000 159.250000 159.181000 159.192000 159.132000 159.036000 158.989000 158.938000 158.858000 158.830000 158.823000 158.749000 158.700000 158.979000 159.445000 159.409000 159.318000 159.366000 159.309000 159.209000 159.208000 159.530000 159.918000 160.586000 161.005000 161.602000 162.811000 163.647000 163.969000 164.236000 164.987000 165.198000 165.898000 166.763000 166.919000 167.273000 167.617000 167.486000 167.748000 168.592000 169.039000 169.379000 169.849000 170.065000 170.625000 170.818000 170.866000 171.537000 171.737000 171.847000 172.225000 172.233000 172.337000 172.801000 172.978000 173.194000 173.434000 173.705000 173.959000 174.028000 174.260000 174.446000 174.590000 174.818000 174.935000 174.972000 174.925000 174.907000 174.588000 174.473000 174.411000 174.100000 173.730000 173.332000 171.968000 170.252000 169.602000 169.258000 168.406000 167.431000 167.203000 166.251000 166.509000 166.423000 166.894000 167.228000 166.448000 166.893000 166.166000 164.771000 164.475000 163.815000 163.430000 162.891000 162.009000 161.460000 161.208000 160.819000 160.889000 161.497000 162.114000 162.341000 162.773000 162.936000 163.152000 163.542000 164.002000 164.636000 165.206000 166.019000 166.916000 168.246000 169.203000 171.239000 175.266000 177.199000 180.175000 182.859000 186.039000 188.028000 193.225000 198.813000 202.609000 208.589000 215.126000 223.333000 227.056000 232.339000 237.708000 241.140000 247.198000 253.467000 261.165000 264.893000 271.462000 277.926000 280.877000 286.302000 291.877000 298.628000 302.101000 309.064000 313.712000 315.477000 319.380000 323.729000 326.490000 327.762000 331.870000 335.769000 336.919000 337.367000 339.392000 341.968000 342.691000 343.927000 344.188000 344.983000 346.253000 346.066000 345.854000 345.735000 345.471000 344.969000 343.992000 343.620000 
Shapelet  22  164.039000 168.634000 173.726000 178.846000 191.161000 225.683000 233.371000 237.418000 240.940000 245.029000 248.668000 249.768000 249.553000 249.194000 247.419000 235.793000 230.723000 224.414000 217.802000 214.660000 207.721000 200.420000 193.648000 186.446000 179.911000 176.548000 169.598000 162.959000 156.263000 150.050000 135.682000 129.758000 124.519000 118.783000 113.637000 108.914000 104.328000 100.674000 94.760400 90.537000 86.226300 83.177100 79.653800 77.842900 74.322300 71.439900 
Shapelet  23  157.480000 157.160000 156.571000 156.156000 155.489000 155.028000 154.582000 153.993000 153.681000 153.132000 152.934000 152.388000 151.754000 151.105000 150.323000 149.332000 148.750000 147.548000 146.409000 145.741000 145.273000 144.977000 144.397000 143.790000 142.855000 140.612000 139.613000 
Shapelet  25  303.599000 303.327000 302.911000 302.609000 302.287000 301.718000 301.113000 300.965000 299.863000 296.485000 295.277000 294.584000 293.996000 293.193000 292.659000 291.181000 289.740000 288.810000 284.011000 281.264000 277.980000 275.842000 271.840000 268.722000 266.885000 
Shapelet  26  216.731000 204.505000 199.254000 187.879000 177.540000 168.155000 156.234000 146.326000 143.348000 135.830000 129.632000 127.506000 122.267000 119.812000 
Shapelet  27  168.607000 170.821000 173.248000 174.752000 178.211000 181.481000 183.276000 187.326000 191.664000 195.841000 197.942000 202.314000 206.832000 209.174000 212.900000 216.561000 220.803000 222.932000 227.166000 230.769000 232.188000 234.321000 236.396000 237.649000 238.234000 238.995000 239.172000 239.089000 238.798000 237.961000 236.737000 235.802000 233.467000 230.596000 228.991000 225.314000 221.163000 217.001000 214.718000 209.917000 205.140000 202.822000 197.894000 192.495000 187.719000 185.186000 180.189000 175.970000 173.979000 170.171000 166.606000 
Shapelet  28  131.533000 124.159000 117.189000 114.043000 107.906000 101.975000 96.313000 91.164100 86.274900 84.210600 79.502600 76.223400 73.086000 71.008300 67.448500 65.226200 63.758600 62.882000 59.219400 60.320100 61.308100 63.067900 64.905900 65.835000 68.367700 71.118100 71.663700 82.227100 97.225600 101.383000 105.581000 107.847000 112.014000 116.334000 120.063000 126.799000 130.079000 132.895000 134.355000 137.758000 140.919000 144.336000 145.622000 152.839000 155.230000 159.013000 160.702000 164.249000 
Shapelet  30  228.866000 228.753000 228.607000 228.059000 227.947000 226.917000 226.352000 226.249000 226.274000 226.453000 226.508000 226.670000 227.016000 227.270000 227.406000 227.274000 227.294000 227.158000 227.173000 227.187000 227.318000 227.333000 227.527000 227.313000 226.487000 226.199000 226.505000 226.560000 226.851000 226.708000 227.113000 228.526000 229.259000 230.860000 231.467000 231.689000 232.771000 235.099000 234.961000 234.715000 234.653000 234.825000 234.967000 234.542000 234.724000 235.735000 235.864000 236.107000 236.041000 235.962000 236.454000 236.997000 236.836000 237.106000 237.928000 238.046000 237.075000 237.461000 239.742000 240.671000 241.153000 240.376000 240.099000 240.468000 240.006000 240.267000 240.781000 241.065000 240.812000 239.765000 239.025000 238.282000 237.614000 236.738000 235.362000 235.279000 234.815000 234.534000 233.955000 233.242000 232.795000 232.574000 232.047000 231.901000 230.971000 230.587000 231.593000 231.248000 231.171000 230.801000 
Shapelet  32  231.478000 231.490000 231.506000 231.518000 231.513000 231.528000 231.530000 231.536000 231.575000 231.692000 231.729000 231.772000 231.789000 231.785000 231.780000 231.639000 231.178000 230.181000 228.841000 227.335000 226.544000 224.301000 221.360000 217.197000 211.363000 205.006000 201.363000 185.625000 179.908000 174.113000 167.883000 161.586000 155.311000 152.467000 147.008000 143.064000 140.155000 137.443000 136.044000 135.288000 135.094000 134.844000 134.865000 135.237000 135.755000 135.930000 136.294000 136.350000 137.182000 137.634000 138.384000 139.097000 140.756000 140.852000 141.043000 140.875000 138.714000 138.416000 139.105000 139.787000 139.962000 140.441000 141.375000 142.028000 142.086000 142.414000 142.438000 142.034000 141.806000 141.446000 140.519000 140.124000 139.374000 138.993000 138.728000 138.699000 143.207000 142.753000 142.758000 142.811000 143.088000 143.579000 144.546000 146.267000 149.106000 151.028000 154.405000 159.417000 164.924000 169.835000 175.941000 181.404000 189.865000 194.855000 199.736000 204.563000 209.337000 214.966000 217.520000 225.719000 229.353000 233.643000 236.916000 238.989000 239.876000 241.523000 242.343000 242.811000 243.095000 243.272000 243.042000 242.634000 241.472000 240.144000 238.672000 236.953000 235.559000 234.314000 233.411000 231.593000 228.834000 227.728000 226.232000 224.796000 224.375000 223.026000 222.156000 222.049000 222.327000 222.358000 222.595000 222.618000 222.748000 222.775000 222.387000 223.019000 223.512000 224.354000 225.248000 226.113000 227.081000 227.139000 227.161000 227.502000 228.055000 228.608000 229.036000 229.618000 229.813000 229.879000 230.221000 230.581000 230.740000 230.839000 230.950000 231.035000 230.924000 230.666000 230.370000 230.001000 229.649000 229.550000 229.038000 228.919000 228.999000 228.931000 229.001000 229.414000 229.433000 229.513000 229.564000 229.557000 229.564000 229.574000 229.575000 229.572000 229.612000 229.702000 229.705000 229.708000 229.733000 229.947000 230.053000 230.073000 230.335000 230.501000 230.442000 230.423000 230.443000 230.546000 230.658000 230.735000 230.742000 230.760000 230.774000 230.949000 231.130000 231.239000 231.324000 231.300000 231.280000 231.253000 231.223000 231.182000 231.144000 231.036000 230.935000 230.900000 230.861000 230.848000 230.843000 230.862000 230.884000 230.934000 231.031000 231.279000 231.560000 231.712000 231.800000 231.835000 231.885000 231.950000 231.977000 231.996000 232.004000 232.010000 232.033000 
Shapelet  40  246.653000 250.539000 253.847000 255.611000 259.339000 262.407000 265.605000 266.990000 269.826000 272.324000 273.415000 275.676000 277.631000 279.285000 280.207000 281.675000 282.545000 283.458000 283.805000 284.248000 
Shapelet  41  186.804000 186.805000 186.802000 186.889000 186.928000 187.103000 187.321000 187.464000 187.647000 187.711000 187.769000 187.784000 187.713000 187.626000 187.521000 186.543000 184.743000 182.141000 178.374000 173.749000 169.062000 166.520000 160.673000 157.262000 145.943000 140.822000 134.659000 131.444000 125.317000 119.321000 114.209000 110.252000 105.717000 103.180000 102.155000 102.494000 103.468000 106.658000 110.873000 117.186000 120.779000 129.957000 141.757000 156.196000 173.562000 191.190000 200.255000 219.410000 239.643000 259.040000 276.345000 289.806000 302.332000 307.358000 314.809000 322.124000 325.220000 326.961000 327.545000 327.451000 326.438000 324.857000 323.661000 321.911000 320.581000 319.281000 318.786000 317.376000 316.382000 315.908000 315.324000 314.970000 314.590000 314.498000 314.339000 313.772000 313.243000 312.658000 311.382000 311.115000 310.941000 310.622000 310.571000 310.677000 310.836000 310.977000 311.216000 311.682000 312.116000 312.835000 312.941000 312.933000 313.100000 313.460000 313.721000 314.126000 314.172000 314.167000 314.170000 314.295000 314.363000 314.583000 314.673000 314.975000 315.050000 315.218000 315.529000 315.656000 315.745000 315.836000 315.837000 315.817000 315.853000 315.904000 316.005000 316.169000 316.351000 316.592000 316.749000 316.716000 316.734000 317.170000 317.195000 317.204000 317.194000 317.154000 317.170000 317.061000 316.929000 316.777000 316.709000 316.563000 316.597000 316.735000 316.879000 317.155000 317.286000 317.306000 317.582000 317.931000 318.288000 318.447000 318.521000 318.490000 318.500000 318.520000 318.500000 318.491000 318.499000 318.539000 318.573000 318.565000 318.688000 318.805000 318.819000 318.920000 319.060000 319.107000 319.112000 319.237000 319.443000 319.435000 319.475000 319.476000 319.422000 319.428000 319.392000 319.387000 
Shapelet  42  134.541000 134.564000 134.805000 134.919000 135.028000 135.381000 135.645000 136.122000 136.562000 136.815000 137.029000 137.506000 137.941000 138.214000 139.329000 
Shapelet  43  72.556000 72.254600 71.846800 70.702200 70.274200 70.208300 70.186000 70.302000 70.379100 70.614100 70.867200 71.527900 72.327300 72.851900 74.442200 76.326400 79.543900 83.040600 87.461000 91.586200 92.692800 97.496700 101.598000 106.568000 111.101000 116.909000 119.978000 132.318000 139.939000 146.045000 152.369000 158.947000 161.839000 168.292000 174.369000 180.386000 
Shapelet  44  179.767000 179.742000 179.711000 179.607000 179.424000 179.301000 179.401000 179.720000 180.317000 180.774000 181.536000 182.525000 183.599000 184.144000 185.462000 187.057000 188.019000 190.303000 193.045000 195.720000 197.171000 202.145000 208.438000 211.375000 214.333000 215.839000 218.621000 221.497000 222.973000 226.297000 229.503000 232.643000 234.162000 237.563000 241.070000 242.564000 245.360000 247.881000 250.265000 251.426000 253.324000 255.154000 255.970000 257.471000 258.361000 258.885000 258.979000 258.881000 258.694000 258.378000 257.130000 255.909000 254.485000 253.215000 249.778000 246.384000 244.338000 240.222000 236.025000 231.285000 229.197000 225.338000 221.422000 217.136000 214.928000 210.964000 207.417000 205.382000 200.943000 197.076000 195.305000 191.302000 187.687000 183.650000 181.598000 177.789000 174.575000 171.427000 170.004000 167.148000 164.559000 163.330000 161.216000 159.559000 158.185000 157.565000 156.635000 156.146000 156.066000 156.004000 156.213000 156.782000 157.314000 158.832000 160.521000 161.410000 163.568000 165.685000 167.027000 169.816000 173.302000 176.333000 178.014000 180.419000 183.067000 184.345000 187.020000 189.883000 193.149000 194.944000 198.496000 201.897000 204.802000 206.423000 209.455000 212.647000 214.511000 217.699000 220.434000 223.477000 224.804000 227.883000 230.378000 231.359000 233.595000 235.524000 237.926000 238.933000 240.520000 242.403000 243.110000 244.436000 245.528000 246.507000 246.773000 247.526000 248.206000 248.412000 248.844000 249.062000 249.210000 
Shapelet  45  234.390000 233.688000 231.855000 230.779000 229.654000 227.030000 225.942000 223.266000 221.289000 218.161000 214.613000 213.130000 210.645000 207.577000 204.339000 202.652000 200.363000 196.971000 195.496000 192.822000 190.073000 186.922000 184.876000 182.356000 178.077000 176.071000 173.497000 169.865000 165.703000 164.264000 160.787000 157.424000 154.536000 153.052000 149.999000 148.160000 147.305000 145.663000 144.451000 143.579000 143.339000 143.182000 143.294000 143.411000 144.448000 145.661000 146.107000 146.467000 147.304000 147.837000 147.983000 148.607000 149.423000 149.658000 149.869000 148.089000 147.476000 147.520000 147.910000 147.689000 147.544000 147.704000 147.767000 148.148000 148.385000 148.462000 148.570000 148.686000 149.137000 149.193000 149.181000 149.385000 149.536000 150.164000 150.737000 150.942000 151.151000 151.677000 151.813000 152.467000 152.946000 153.571000 153.903000 154.602000 154.994000 155.433000 157.070000 158.554000 160.359000 161.248000 163.139000 165.336000 166.442000 168.977000 170.992000 173.731000 174.764000 177.433000 180.435000 183.782000 185.124000 188.070000 191.547000 193.272000 196.577000 201.328000 203.543000 207.071000 210.838000 215.170000 217.512000 223.832000 227.500000 229.441000 234.598000 238.337000 242.692000 244.407000 248.205000 250.325000 252.022000 255.548000 258.620000 261.059000 261.988000 263.739000 265.023000 264.710000 265.365000 266.031000 266.868000 266.931000 267.208000 267.762000 267.927000 268.019000 268.144000 268.210000 268.195000 268.173000 268.272000 268.176000 267.340000 266.937000 266.452000 266.179000 265.866000 265.949000 265.917000 265.816000 265.949000 266.325000 266.557000 267.025000 267.427000 267.747000 267.832000 268.049000 268.307000 268.346000 268.392000 268.394000 268.371000 268.399000 268.481000 
Shapelet  46  148.851000 148.802000 148.740000 148.468000 148.540000 148.345000 148.228000 147.667000 147.658000 147.713000 147.678000 147.957000 148.202000 148.434000 148.382000 148.202000 147.949000 147.851000 147.818000 147.760000 147.751000 147.662000 147.524000 147.423000 147.234000 147.125000 147.061000 146.931000 146.813000 146.831000 146.841000 146.865000 147.022000 147.246000 148.037000 150.237000 150.974000 153.459000 156.072000 159.902000 161.573000 166.132000 170.867000 173.189000 178.009000 183.685000 189.201000 191.730000 197.323000 203.616000 205.954000 211.315000 216.793000 222.166000 224.148000 229.113000 234.171000 236.657000 240.495000 245.971000 248.008000 252.086000 256.015000 260.480000 262.357000 264.970000 267.386000 270.578000 271.724000 273.814000 276.246000 278.609000 279.614000 280.981000 282.740000 282.959000 282.832000 283.091000 283.267000 283.513000 283.777000 282.395000 281.641000 280.506000 278.974000 278.355000 276.207000 273.995000 270.754000 268.903000 265.789000 262.163000 260.545000 257.102000 253.220000 248.520000 246.036000 241.761000 237.709000 235.444000 231.545000 227.218000 222.930000 220.841000 217.042000 213.278000 211.488000 208.173000 204.630000 201.729000 200.263000 197.713000 195.050000 193.897000 191.620000 189.835000 188.334000 187.682000 186.568000 185.558000 185.115000 184.360000 183.831000 183.403000 183.211000 182.919000 182.742000 182.612000 182.557000 182.496000 182.417000 182.394000 182.363000 182.351000 182.365000 182.356000 182.333000 182.334000 182.331000 182.354000 182.360000 182.369000 182.365000 182.378000 182.396000 182.422000 182.465000 182.488000 182.506000 182.505000 182.518000 182.533000 182.554000 182.568000 182.539000 182.512000 182.492000 182.460000 182.468000 182.466000 182.462000 182.455000 182.434000 182.446000 182.485000 182.527000 182.527000 182.529000 182.548000 182.547000 
Shapelet  47  140.952000 141.022000 141.072000 141.098000 141.139000 141.168000 141.233000 141.458000 141.605000 141.826000 141.966000 142.089000 142.118000 142.176000 142.152000 142.190000 143.323000 145.132000 149.443000 153.670000 158.702000 161.762000 169.364000 177.390000 184.856000 196.398000 206.526000 216.495000 221.309000 230.025000 240.538000 250.376000 257.282000 264.838000 270.329000 272.202000 279.102000 282.782000 286.665000 288.648000 289.078000 289.091000 288.053000 285.565000 281.205000 275.359000 269.375000 263.034000 259.311000 252.466000 244.390000 235.654000 226.275000 216.997000 212.381000 203.266000 193.990000 185.408000 176.566000 167.197000 159.113000 156.838000 152.913000 148.061000 145.770000 144.614000 144.516000 144.905000 145.196000 146.052000 146.920000 148.032000 149.759000 150.949000 151.556000 152.563000 153.486000 154.070000 154.445000 154.624000 154.764000 154.606000 154.506000 154.240000 153.984000 153.465000 152.653000 152.389000 152.133000 151.871000 151.617000 151.440000 151.380000 151.285000 151.215000 151.160000 151.124000 151.113000 151.148000 151.153000 151.185000 151.233000 151.255000 151.301000 151.336000 151.483000 151.539000 151.632000 151.699000 151.710000 151.680000 151.643000 151.620000 151.480000 151.383000 151.282000 151.169000 151.067000 150.924000 150.780000 150.451000 150.032000 149.760000 149.582000 149.443000 149.228000 149.158000 149.053000 148.972000 148.958000 148.967000 148.977000 148.990000 149.048000 149.217000 149.318000 149.365000 149.381000 149.382000 149.405000 149.413000 149.428000 149.426000 149.402000 149.365000 149.349000 149.252000 149.135000 149.042000 148.720000 148.634000 148.410000 148.186000 147.867000 147.559000 147.279000 147.087000 146.987000 146.831000 146.622000 146.282000 146.060000 145.923000 145.823000 
Shapelet  52  296.998000 297.307000 297.719000 297.888000 297.931000 297.728000 297.697000 298.074000 298.154000 298.608000 298.620000 298.804000 298.859000 298.673000 298.902000 299.160000 298.926000 299.028000 298.849000 298.810000 298.897000 299.402000 299.425000 299.529000 300.002000 300.147000 300.324000 300.237000 300.206000 300.611000 300.786000 300.398000 300.252000 299.998000 299.839000 299.543000 299.328000 299.066000 298.595000 297.872000 296.648000 295.728000 294.410000 292.736000 291.449000 288.344000 285.595000 283.918000 281.780000 278.113000 274.737000 273.130000 270.012000 267.656000 264.437000 263.144000 259.737000 256.122000 254.161000 250.763000 248.257000 243.601000 241.560000 238.097000 234.000000 232.015000 226.901000 222.552000 219.051000 217.409000 212.968000 209.212000 205.264000 203.816000 200.115000 196.476000 194.864000 191.242000 188.757000 186.799000 184.488000 182.438000 181.078000 180.519000 179.588000 178.979000 178.849000 178.794000 179.192000 179.596000 179.696000 179.960000 179.648000 179.611000 179.683000 179.731000 180.137000 180.311000 180.500000 180.447000 180.178000 180.105000 179.859000 179.893000 179.942000 180.027000 
Shapelet  80  253.847000 255.611000 259.339000 262.407000 265.605000 266.990000 269.826000 272.324000 273.415000 275.676000 277.631000 279.285000 280.207000 281.675000 282.545000 283.458000 283.805000 284.248000 284.516000 284.603000 284.887000 284.922000 284.941000 284.830000 285.000000 285.732000 286.007000 286.586000 287.214000 287.912000 288.191000 289.065000 289.545000 289.977000 290.248000 290.891000 290.739000 291.165000 291.459000 291.775000 292.250000 292.585000 292.941000 293.331000 293.412000 293.705000 294.378000 295.011000 295.065000 295.755000 296.311000 296.473000 296.580000 296.625000 296.706000 297.202000 297.173000 297.324000 297.207000 297.300000 297.658000 297.629000 297.560000 297.243000 296.950000 296.611000 296.394000 295.696000 295.568000 295.523000 295.886000 295.672000 295.184000 294.710000 294.375000 294.057000 293.937000 293.683000 293.525000 293.515000 293.554000 293.660000 293.906000 293.982000 294.195000 294.073000 294.519000 295.222000 295.294000 296.273000 296.441000 296.832000 297.844000 298.545000 299.029000 299.922000 299.828000 300.042000 300.894000 301.859000 302.084000 303.080000 303.684000 303.586000 303.553000 304.915000 305.704000 305.934000 306.510000 307.267000 307.327000 307.453000 308.122000 308.811000 308.391000 307.793000 308.209000 309.204000 309.566000 309.048000 309.020000 309.155000 
Shapelet  85  157.527000 157.566000 157.772000 157.942000 157.850000 157.626000 157.820000 157.722000 157.769000 158.007000 158.123000 159.013000 159.540000 159.722000 159.099000 160.190000 160.078000 159.716000 159.447000 159.900000 159.873000 159.118000 158.903000 
Shapelet  87  104.055000 102.732000 101.146000 100.422000 100.248000 99.964600 99.287700 98.579400 98.512600 99.156200 99.943900 101.460000 102.764000 103.496000 104.396000 104.949000 105.837000 106.475000 107.068000 108.574000 110.473000 111.485000 111.311000 111.155000 111.476000 111.709000 111.946000 112.157000 112.315000 112.477000 112.291000 112.449000 112.350000 111.445000 111.773000 112.226000 112.537000 112.695000 112.504000 112.741000 113.194000 112.275000 112.145000 111.576000 111.944000 111.907000 111.961000 111.395000 111.683000 111.843000 111.921000 111.806000 111.415000 111.087000 110.752000 110.712000 110.482000 111.297000 111.409000 110.906000 111.076000 111.254000 111.829000 112.997000 113.978000 114.890000 116.041000 117.452000 119.621000 120.680000 122.279000 123.875000 126.211000 128.802000 130.837000 133.225000 135.034000 139.015000 
Shapelet  89  226.918000 227.291000 227.881000 227.842000 226.933000 226.719000 225.146000 223.115000 221.864000 219.173000 216.404000 213.469000 211.810000 208.586000 205.092000 201.572000 199.483000 195.695000 192.322000 190.580000 186.462000 181.999000 178.128000 175.750000 171.511000 167.047000 162.716000 160.589000 155.991000 151.275000 148.965000 144.390000 140.166000 138.097000 134.601000 131.233000 127.850000 126.227000 123.223000 120.722000 119.500000 117.127000 114.975000 113.083000 112.401000 110.636000 109.009000 108.274000 107.205000 106.150000 105.269000 104.833000 104.165000 103.936000 103.993000 104.161000 104.462000 104.774000 104.969000 105.760000 106.971000 108.190000 108.998000 110.526000 112.464000 113.557000 115.911000 118.449000 120.772000 122.017000 125.087000 127.743000 129.349000 133.064000 136.232000 138.248000 141.875000 145.658000 148.903000 150.803000 154.777000 158.422000 161.988000 163.938000 167.525000 171.376000 173.196000 176.377000 179.414000 182.507000 184.170000 187.836000 191.071000 192.704000 196.012000 198.567000 200.465000 201.293000 202.829000 204.419000 205.340000 206.786000 207.983000 208.812000 208.975000 209.417000 209.787000 209.957000 210.446000 210.960000 211.185000 210.957000 210.485000 210.137000 210.006000 209.775000 209.709000 209.655000 209.640000 209.483000 209.439000 209.401000 209.412000 209.464000 209.592000 209.681000 209.977000 210.143000 210.207000 210.326000 
Shapelet  93  149.299000 149.200000 149.098000 149.047000 149.002000 148.965000 148.908000 148.825000 148.748000 148.612000 148.463000 148.291000 148.258000 148.191000 148.116000 148.018000 147.907000 147.580000 147.400000 147.171000 146.974000 146.718000 146.827000 147.185000 147.564000 147.634000 147.922000 
Shapelet  95  164.772000 164.673000 164.651000 164.629000 164.589000 164.531000 164.509000 164.504000 164.507000 164.507000 164.510000 164.528000 164.528000 164.510000 164.524000 164.552000 164.554000 164.560000 164.526000 164.485000 164.366000 164.194000 164.084000 163.868000 163.761000 163.519000 163.276000 163.062000 162.623000 162.346000 161.662000 161.284000 160.537000 160.360000 159.855000 159.501000 159.245000 158.972000 158.569000 151.869000 150.264000 149.045000 148.337000 147.750000 143.839000 141.782000 140.880000 139.764000 138.321000 136.882000 136.004000 135.138000 134.934000 135.376000 135.330000 136.265000 136.943000 137.605000 137.774000 138.290000 138.644000 139.200000 139.928000 140.564000 141.109000 141.743000 142.085000 141.997000 141.923000 142.392000 142.385000 142.779000 143.247000 143.287000 143.598000 143.948000 144.245000 144.443000 144.507000 144.692000 144.002000 143.875000 143.964000 143.481000 143.121000 143.266000 143.406000 143.418000 144.170000 144.843000 145.194000 144.525000 144.342000 142.612000 142.419000 142.111000 142.121000 141.634000 141.332000 141.317000 141.274000 140.885000 140.871000 140.588000 140.609000 140.447000 140.632000 140.045000 139.768000 139.827000 139.286000 139.124000 138.456000 138.331000 138.411000 138.557000 138.558000 138.562000 138.563000 138.675000 138.739000 138.785000 138.831000 138.874000 138.964000 139.066000 139.468000 
Shapelet 186  147.580000 147.400000 147.171000 146.974000 146.718000 146.827000 147.185000 147.564000 147.634000 147.922000 148.465000 148.985000 149.140000 149.198000 149.273000 149.809000 150.079000 150.325000 150.525000 150.728000 151.823000 152.202000 153.674000 154.992000 155.919000 156.647000 157.439000 157.578000 157.531000 157.568000 157.727000 157.480000 157.160000 156.571000 156.156000 155.489000 155.028000 154.582000 153.993000 153.681000 153.132000 152.934000 152.388000 151.754000 151.105000 150.323000 149.332000 148.750000 147.548000 146.409000 145.741000 145.273000 144.977000 144.397000 143.790000 142.855000 140.612000 139.613000 138.100000 136.603000 136.042000 134.999000 133.821000 133.334000 131.732000 129.238000 127.597000 126.560000 125.665000 124.295000 123.778000 122.057000 120.353000 119.391000 119.044000 118.135000 118.188000 118.309000 117.452000 116.291000 114.903000 114.392000 114.079000 113.876000 113.684000 113.570000 113.685000 113.822000 114.357000 117.102000 119.796000 121.992000 124.178000 128.740000 130.656000 135.542000 140.086000 145.330000 149.718000 154.728000 160.807000 179.830000 187.110000 194.790000 210.113000 213.158000 220.629000 226.434000 232.611000 238.343000 244.590000 248.206000 256.554000 260.556000 264.116000 268.707000 272.293000 274.685000 275.677000 277.747000 280.283000 282.227000 283.796000 284.505000 285.573000 285.912000 287.025000 287.769000 288.148000 289.314000 289.294000 289.718000 289.686000 288.770000 287.927000 


; cmd = ShapeletResearch/Execs/FastShapelet UCRArchive_2018//GestureMidAirD2/GestureMidAirD2_TRAIN.tsv 26 208 361 10 1 10 10 0 1 10 UCRArchive_2018//GestureMidAirD2/tree.txt UCRArchive_2018//GestureMidAirD2/time.txt
; time =>  252.140   7.399  15.897   1.755 225.951 
