;Shapelet Tree 

;random seed:1551068728, rand()=1245069879, rand()=968970384
;command = ShapeletResearch/Execs/FastShapelet UCRArchive_2018//ToeSegmentation1/ToeSegmentation1_TRAIN.tsv 2 40 278 10 1 10 10 0 1 10 UCRArchive_2018//ToeSegmentation1/tree.txt UCRArchive_2018//ToeSegmentation1/time.txt 

;Local Class:   0  1 
;Real  Class:   0  1 

;Node ID class   obj  pos  len  dist_th 
TreeSize: 4 
NonL  1    --     13   24  108   5.8775 ==>  20   1  /   0  19 
Leaf  2     0    
Leaf  3     1    

;Shapelet id   <data>
Shapelet   1  -1.317586 -1.310327 -1.269967 -1.260641 -1.062897 -0.902681 -1.000276 -1.053179 -1.007691 -0.979704 -0.968844 -0.953481 -0.950218 -0.970289 -0.959949 -1.013026 -0.976580 -0.916054 -0.925317 -0.901130 -0.880104 -0.846704 -0.922530 -0.976486 -0.930319 -0.907774 -0.806657 -0.813113 -0.862741 -0.840448 -0.804144 -0.794113 -0.752527 -0.634885 -0.499093 -0.160923 -0.020654  0.194938  0.265326  0.374740  0.381347  0.291528  0.242361  0.141446  0.067092 -0.144087 -0.206660 -0.271739 -0.313360 -0.457700 -0.417913 -0.394590 -0.316746 -0.245717 -0.026306  0.157030  0.572841  0.833991  1.430186  1.713094  2.279791  2.569872  2.831456  2.845727  2.604843  2.342096  1.587067  1.239437  0.602562  0.302921 -0.132619 -0.387312 -0.661151 -0.750799 -0.778919 -0.816567 -0.766816 -0.725094 -0.681693 -0.644280 -0.560799 -0.428770 -0.447375 -0.531017 -0.538490 -0.342336 -0.372907 -0.463330 -0.436290 -0.368448 -0.371460 -0.357651 -0.375159 -0.478162 -0.409264 -0.406878 -0.457005 -0.436181 -0.457597 -0.528017 -0.532711 -0.532987 -0.401539 -0.406624 -0.375129 -0.354877 -0.238812 -0.166530 


; cmd = ShapeletResearch/Execs/FastShapelet UCRArchive_2018//ToeSegmentation1/ToeSegmentation1_TRAIN.tsv 2 40 278 10 1 10 10 0 1 10 UCRArchive_2018//ToeSegmentation1/tree.txt UCRArchive_2018//ToeSegmentation1/time.txt
; time =>   10.472   0.424   2.917   0.252   6.565 
