;Shapelet Tree 

;random seed:1550661562, rand()=2126886766, rand()=1656825032
;command = ../../ShapeletResearch/Execs/FastShapelet ../../UCRArchive_2018//HouseTwenty/HouseTwenty_TRAIN.tsv 2 40 2001 10 1 10 10 1 0 10 ../../UCRArchive_2018//HouseTwenty/tree.txt ../../UCRArchive_2018//HouseTwenty/time.txt 

;Local Class:   0  1 
;Real  Class:   1  2 

;Node ID class   obj  pos  len  dist_th 
TreeSize: 4 
NonL  1    --     30  963   70  6413.4019 ==>   0  20  /  20   0 
Leaf  2     2    
Leaf  3     1    

;Shapelet id   <data>
Shapelet   1  247.000000 1656.000000 1656.000000 1650.000000 1679.000000 1672.000000 1686.000000 1675.000000 1650.000000 1691.000000 1693.000000 1656.000000 1671.000000 1671.000000 1671.000000 1654.000000 1652.000000 1685.000000 1695.000000 1650.000000 1645.000000 1667.000000 1650.000000 1665.000000 1688.000000 1652.000000 1669.000000 1653.000000 1648.000000 1659.000000 1666.000000 1651.000000 1649.000000 1685.000000 1694.000000 1662.000000 1692.000000 122.000000 252.000000 166.000000 1735.000000 1668.000000 2570.000000 1747.000000 1743.000000 1743.000000 1735.000000 1735.000000 1745.000000 1769.000000 1760.000000 1724.000000 1727.000000 1776.000000 1763.000000 1752.000000 1753.000000 1729.000000 1742.000000 1738.000000 1773.000000 1733.000000 1736.000000 1736.000000 1736.000000 1733.000000 1773.000000 1763.000000 1736.000000 1738.000000 


; cmd = ../../ShapeletResearch/Execs/FastShapelet ../../UCRArchive_2018//HouseTwenty/HouseTwenty_TRAIN.tsv 2 40 2001 10 1 10 10 1 0 10 ../../UCRArchive_2018//HouseTwenty/tree.txt ../../UCRArchive_2018//HouseTwenty/time.txt
; time =>  1507.208  15.833  76.922   4.305 1404.560 
