;Shapelet Tree 

;random seed:1551068747, rand()=1818842988, rand()=39480598
;command = ShapeletResearch/Execs/FastShapelet UCRArchive_2018//Wine/Wine_TRAIN.tsv 2 57 235 10 1 10 10 0 1 10 UCRArchive_2018//Wine/tree.txt UCRArchive_2018//Wine/time.txt 

;Local Class:   0  1 
;Real  Class:   1  2 

;Node ID class   obj  pos  len  dist_th 
TreeSize: 8 
NonL  1    --      0   64   56   0.3672 ==>  27   1  /   3  26 
Leaf  2     1    
NonL  3    --      0   54   73   0.2865 ==>   3   0  /   0  26 
Leaf  6     1    
Leaf  7     2    

;Shapelet id   <data>
Shapelet   1  -0.504341 -0.513400 -0.519741 -0.527894 -0.540576 -0.555070 -0.565487 -0.570470 -0.573640 -0.575452 -0.575452 -0.574546 -0.572281 -0.567299 -0.560505 -0.552805 -0.545105 -0.538764 -0.533782 -0.528800 -0.523365 -0.517929 -0.511588 -0.505700 -0.500265 -0.496188 -0.491206 -0.484865 -0.475806 -0.462218 -0.444554 -0.423266 -0.399260 -0.380690 -0.379784 -0.394731 -0.411942 -0.422360 -0.426436 -0.425983 -0.422360 -0.414660 -0.403790 -0.391107 -0.380690 -0.372084 -0.364384 -0.358949 -0.358043 -0.363478 -0.377066 -0.395184 -0.411490 -0.426436 -0.437760 -0.442289 
Shapelet   3  -0.287808 -0.316434 -0.335371 -0.350345 -0.365759 -0.380733 -0.397908 -0.420369 -0.445912 -0.467933 -0.483787 -0.493476 -0.501403 -0.512413 -0.527387 -0.543682 -0.555573 -0.563060 -0.566583 -0.568785 -0.569666 -0.569226 -0.567024 -0.563060 -0.557775 -0.550729 -0.543682 -0.537957 -0.533112 -0.528708 -0.523424 -0.517698 -0.512413 -0.507129 -0.502284 -0.497880 -0.492595 -0.485989 -0.477622 -0.465731 -0.448995 -0.427856 -0.404515 -0.387339 -0.386458 -0.401432 -0.417727 -0.428296 -0.432700 -0.432700 -0.428296 -0.420809 -0.410680 -0.399670 -0.390422 -0.383375 -0.378090 -0.375448 -0.377210 -0.383816 -0.397468 -0.413323 -0.426535 -0.439747 -0.449436 -0.452519 -0.451197 -0.443710 -0.422131 -0.378090 -0.327004 -0.293092 -0.275917 


; cmd = ShapeletResearch/Execs/FastShapelet UCRArchive_2018//Wine/Wine_TRAIN.tsv 2 57 235 10 1 10 10 0 1 10 UCRArchive_2018//Wine/tree.txt UCRArchive_2018//Wine/time.txt
; time =>   10.265   0.410   1.322   0.085   8.367 
