;Shapelet Tree 

;random seed:1551098496, rand()=1617381514, rand()=1065746218
;command = ShapeletResearch/Execs/FastShapelet UCRArchive_2018//WormsTwoClass/WormsTwoClass_TRAIN.tsv 2 181 901 10 1 10 10 0 1 10 UCRArchive_2018//WormsTwoClass/tree.txt UCRArchive_2018//WormsTwoClass/time.txt 

;Local Class:   0  1 
;Real  Class:   1  2 

;Node ID class   obj  pos  len  dist_th 
TreeSize: 30 
NonL  1    --      0  226   87   2.0715 ==>  49  10  /  27  95 
NonL  2    --      0  588   15   0.6937 ==>  44   1  /   5   9 
NonL  3    --     53  105  788  40.5853 ==>  12  85  /  15  10 
Leaf  4     1    
NonL  5    --      6   25   25   1.6263 ==>   0   9  /   5   0 
NonL  6    --      1  701   61   1.2289 ==>   5   0  /   7  85 
NonL  7    --     15  799   15   1.2124 ==>   4  10  /  11   0 
Leaf 10     2    
Leaf 11     1    
Leaf 12     1    
Leaf 13     2    
NonL 14    --      0  452  185   3.0430 ==>   4   0  /   0  10 
Leaf 15     1    
Leaf 28     1    
Leaf 29     2    

;Shapelet id   <data>
Shapelet   1  -0.043839 -0.181366 -0.220659 -0.304157 -0.318892 -0.407302 -0.466242 -0.544828 -0.613591 -0.692178 -0.726559 -0.775676 -0.814969 -0.824792 -0.800234 -0.854262 -0.849351 -1.016347 -1.055640 -1.080199 -1.070375 -1.099845 -1.148962 -1.144050 -1.163697 -1.173520 -1.198078 -1.173520 -1.188255 -1.178432 -1.252106 -1.207901 -1.178432 -1.163697 -1.134227 -1.050729 -0.996700 -0.937760 -0.883732 -0.829704 -0.775676 -0.721648 -0.667619 -0.613591 -0.559563 -0.466242 -0.397478 -0.264864 -0.245217 -0.191189 -0.092956  0.020012  0.088775  0.118245  0.255772  0.363828  0.417856  0.560294  0.663439  0.776407  0.889375  0.928668  1.021990  1.076018  1.021990  0.977785  0.923757  1.012167  1.110400  1.134958  1.208633  1.272484  1.341247  1.375629  1.370718  1.414922  1.355983  1.272484  1.228279  1.188986  1.144781  1.100576  1.061283  1.017078  0.953227  0.904110  0.869729 
Shapelet   2  -0.269775 -0.299245 -0.333627 -0.363097 -0.397478 -0.456418 -0.544828 -0.559563 -0.603768 -0.692178 -0.721648 -0.711824 -0.682354 -0.638150 -0.638150 
Shapelet   3   0.710973  0.761047  0.751032  0.801106  0.650884  0.741018  0.741018  0.640870  0.680929  0.650884  0.741018  0.710973  0.801106  0.831151  0.821136  0.941314  0.851180  0.971358  1.021432  1.121580  1.121580  1.101551  1.101551  1.121580  1.221728  1.201699  1.171654  1.181669  1.111565  1.091536  1.041462  1.091536  1.021432  0.971358  0.901254  0.841166  0.841166  0.881225  0.741018  0.720988  0.751032  0.731003  0.731003  0.690944  0.700958  0.700958  0.530707  0.580781  0.610825  0.660899  0.460603  0.420544  0.420544  0.430559  0.470618  0.590796  0.470618  0.590796  0.490648  0.460603  0.540722  0.550736  0.530707  0.520692  0.590796  0.630855  0.720988  0.761047  0.720988  0.690944  0.741018  0.741018  0.731003  0.751032  0.741018  0.871210  0.851180  0.781077  0.801106  0.771062  0.761047  0.660899  0.690944  0.660899  0.680929  0.550736  0.430559  0.440573  0.340425  0.250292  0.280337  0.170174  0.120100 -0.020108  0.070026 -0.050152 -0.110241 -0.110241 -0.160315 -0.390655 -0.310537 -0.260463 -0.390655 -0.470774 -0.460759 -0.520848 -0.631011 -0.530863 -0.550892 -0.590951 -0.520848 -0.570922 -0.560907 -0.570922 -0.480789 -0.470774 -0.490803 -0.470774 -0.420700 -0.480789 -0.430714 -0.330566 -0.260463 -0.260463 -0.180344 -0.200374 -0.120256 -0.200374 -0.000078 -0.090211 -0.000078  0.009937  0.019952 -0.020108  0.009937 -0.020108  0.039981  0.029967  0.009937 -0.010093 -0.060167 -0.160315 -0.140285 -0.200374 -0.210389 -0.210389 -0.250448 -0.230418 -0.320552 -0.310537 -0.360611 -0.390655 -0.480789 -0.520848 -0.580937 -0.641025 -0.631011 -0.530863 -0.691099 -0.671070 -0.701114 -0.610981 -0.641025 -0.580937 -0.550892 -0.661055 -0.691099 -0.590951 -0.540877 -0.590951 -0.580937 -0.610981 -0.570922 -0.540877 -0.460759 -0.560907 -0.600966 -0.530863 -0.510833 -0.570922 -0.420700 -0.230418 -0.290507 -0.190359 -0.170330 -0.310537 -0.090211 -0.290507 -0.260463 -0.410685 -0.390655 -0.200374 -0.540877 -0.641025 -0.701114 -0.841321 -0.911425 -1.061647 -1.121736 -1.271958 -1.121736 -1.362091 -1.191840 -1.332047 -1.412165 -1.562387 -1.502298 -1.492284 -1.632491 -1.542358 -1.592432 -1.702595 -1.642506 -1.522328 -1.652521 -1.502298 -1.532343 -1.472254 -1.352076 -1.291988 -1.261943 -1.231899 -1.141766 -1.121736 -1.121736 -1.021588 -1.101706 -1.091692 -1.001558 -0.951484 -1.061647 -1.011573 -1.041618 -0.751188 -0.771218 -0.931455 -0.841321 -0.831307 -0.851336 -0.841321 -0.971514 -0.821292 -0.821292 -0.871366 -0.981529 -0.961499 -0.971514 -1.041618 -1.101706 -1.041618 -1.111721 -1.121736 -1.041618 -1.091692 -1.071662 -1.051632 -1.221884 -1.111721 -1.111721 -1.051632 -1.051632 -0.961499 -0.971514 -0.931455 -0.941469 -0.851336 -0.771218 -0.871366 -0.981529 -0.971514 -0.831307 -0.941469 -0.931455 -0.911425 -0.871366 -0.901410 -1.021588 -1.071662 -1.021588 -0.991544 -1.061647 -1.001558 -1.081677 -1.101706 -1.141766 -1.151780 -1.111721 -1.091692 -1.091692 -0.991544 -1.001558 -1.021588 -1.001558 -0.771218 -0.811277 -0.761203 -0.641025 -0.620996 -0.741173 -0.610981 -0.600966 -0.661055 -0.641025 -0.641025 -0.661055 -0.651040 -0.691099 -0.651040 -0.681085 -0.661055 -0.811277 -0.791247 -0.931455 -0.961499 -0.951484 -0.991544 -0.901410 -0.991544 -1.011573 -1.111721 -1.061647 -1.071662 -1.151780 -1.031603 -1.031603 -1.121736 -1.131751 -1.091692 -1.181825 -1.181825 -1.131751 -1.251928 -1.151780 -1.312017 -1.181825 -1.131751 -1.061647 -1.111721 -1.131751 -1.111721 -1.121736 -1.021588 -1.081677 -1.021588 -1.051632 -0.911425 -0.941469 -0.821292 -0.811277 -0.851336 -0.861351 -0.821292 -0.921440 -0.851336 -0.831307 -0.861351 -0.911425 -0.871366 -0.871366 -0.861351 -0.951484 -1.031603 -0.921440 -0.851336 -0.961499 -1.011573 -0.961499 -0.991544 -1.081677 -1.011573 -0.981529 -0.981529 -1.011573 -0.951484 -0.851336 -0.821292 -0.831307 -0.891395 -0.811277 -0.891395 -0.741173 -0.811277 -0.811277 -0.791247 -0.791247 -0.761203 -0.691099 -0.821292 -0.791247 -0.781233 -0.681085 -0.671070 -0.711129 -0.651040 -0.570922 -0.610981 -0.641025 -0.701114 -0.691099 -0.691099 -0.761203 -0.731159 -0.661055 -0.741173 -0.761203 -0.751188 -0.711129 -0.781233 -0.751188 -0.781233 -0.731159 -0.761203 -0.761203 -0.811277 -0.761203 -0.781233 -0.741173 -0.841321 -0.731159 -0.821292 -0.711129 -0.801262 -0.751188 -0.741173 -0.731159 -0.791247 -0.751188 -0.791247 -0.751188 -0.811277 -0.801262 -0.791247 -0.651040 -0.801262 -0.891395 -0.971514 -0.991544 -0.931455 -0.901410 -0.911425 -1.001558 -0.981529 -0.991544 -1.071662 -1.021588 -0.991544 -1.001558 -0.971514 -0.891395 -1.021588 -0.951484 -0.921440 -0.841321 -0.861351 -0.821292 -0.751188 -0.721144 -0.771218 -0.711129 -0.791247 -0.801262 -0.661055 -0.721144 -0.711129 -0.661055 -0.781233 -0.701114 -0.751188 -0.691099 -0.671070 -0.671070 -0.751188 -0.681085 -0.651040 -0.741173 -0.731159 -0.701114 -0.811277 -0.761203 -0.771218 -0.741173 -0.791247 -0.751188 -0.751188 -0.751188 -0.861351 -0.741173 -0.791247 -0.741173 -0.801262 -0.590951 -0.681085 -0.671070 -0.530863 -0.520848 -0.440729 -0.420700 -0.320552 -0.320552 -0.280492 -0.300522 -0.210389 -0.160315 -0.210389 -0.000078 -0.100226  0.080041 -0.050152 -0.060167  0.140129  0.029967  0.160159  0.160159  0.190203  0.090055  0.130115  0.060011  0.070026 -0.030122  0.019952 -0.070182 -0.170330 -0.160315 -0.190359 -0.240433 -0.220404 -0.230418 -0.180344 -0.310537 -0.370626 -0.490803 -0.360611 -0.430714 -0.450744 -0.430714 -0.380640 -0.390655 -0.380640 -0.420700 -0.450744 -0.400670 -0.330566 -0.450744 -0.260463 -0.280492 -0.420700 -0.300522 -0.230418 -0.130270 -0.140285 -0.150300 -0.030122  0.049996  0.280337  0.120100  0.270322  0.330411  0.390499  0.520692  0.500662  0.530707  0.560751  0.590796  0.690944  0.720988  0.731003  0.731003  0.821136  0.690944  0.690944  0.660899  0.660899  0.650884  0.630855  0.741018  0.600810  0.540722  0.540722  0.550736  0.660899  0.650884  0.540722  0.640870  0.460603  0.560751  0.390499  0.410529  0.450588  0.410529  0.340425  0.320396  0.250292  0.180189  0.240277  0.250292  0.290351  0.360455  0.300366  0.300366  0.300366  0.320396  0.360455  0.360455  0.500662  0.570766  0.580781  0.650884  0.620840  0.640870  0.640870  0.710973  0.761047  0.761047  0.710973  0.690944  0.630855  0.670914  0.700958  0.670914  0.580781  0.410529  0.380485  0.310381  0.210233  0.100070  0.070026 -0.030122 -0.100226 -0.150300 -0.360611 -0.390655 -0.751188 -0.610981 -0.791247 -0.641025 -0.921440 -0.811277 -0.971514 -1.091692 -1.041618 -1.001558 -1.171810 -1.011573 -0.911425 -1.031603 -0.841321 -0.861351 -0.921440 -0.931455 -0.881381 -0.941469 -0.831307 -0.871366 -0.781233 -0.721144 -0.641025 -0.560907 -0.470774 -0.470774 -0.420700 -0.370626 -0.380640 -0.400670 -0.320552 -0.480789 -0.540877 -0.450744 -0.470774 -0.540877 -0.440729 -0.280492 -0.360611 -0.260463 -0.200374 -0.290507 -0.240433 -0.260463 -0.230418 -0.200374 -0.180344 -0.110241 -0.190359 -0.190359 -0.180344 -0.230418 -0.440729 -0.230418 -0.420700 -0.410685 -0.200374 -0.230418 -0.070182  0.080041  0.080041  0.160159  0.230263  0.330411  0.390499  0.430559  0.460603  0.470618  0.590796  0.600810  0.590796  0.771062  0.710973  0.951329  1.061491  1.151625  1.041462  1.161639  1.211713  1.251773  1.231743  1.141610  1.331891  1.231743  1.161639  1.331891  1.311862  1.452069  1.432039  1.632335  1.712454  1.902735  1.942794  1.802587  1.792572  1.672394  1.742498  1.582261  1.662380  1.672394  1.612306  1.682409  2.103031  2.153105  2.433520  2.573727  2.553697  2.593756  2.593756  2.483594  2.663860  2.804067  2.713934  2.834112  2.774023  2.974319  2.703919  2.964304  3.014378  2.954289  2.984334  2.904215  2.733964  2.613786  2.643830  2.623801  2.533668  2.403475  2.253253  2.193164  2.173135  2.233223  2.293312  2.293312  2.323357  2.393460  2.433520  2.303327  2.343386  2.313342  2.333372  2.343386  2.443534  2.523653  2.493608  2.413490  2.623801  2.623801  2.563712  2.804067  2.713934  2.583742  2.643830  2.663860  2.824097 
Shapelet   5  -1.909102 -1.909102 -1.923117 -1.958155 -1.853041 -1.902094 -1.909102 -1.874064 -1.825011 -1.832018 -1.832018 -1.846034 -1.853041 -1.825011 -1.860049 -1.796981 -1.789973 -1.775958 -1.796981 -1.761943 -1.768950 -1.754935 -1.726905 -1.726905 -1.656829 
Shapelet   6   0.162707  0.061740 -0.005572 -0.005572 -0.061665 -0.072883 -0.151413 -0.162632 -0.162632 -0.218725 -0.207506 -0.173851 -0.218725 -0.218725 -0.218725 -0.297255 -0.229944 -0.241162 -0.207506 -0.218725 -0.207506 -0.196288 -0.095321  0.016865  0.039302  0.039302  0.207581  0.274893  0.263674  0.286111  0.431953  0.387078  0.488046  0.532920  0.521701  0.611450  0.611450  0.600232  0.712417  0.734855  0.847040  0.891915  0.880696  0.903133  0.869478  0.948008  0.959226  0.948008  0.981663  0.959226  0.959226  0.936789  1.026538  1.105068  1.351876  1.385532  1.497718  1.587467  1.665997  1.576248  1.553811 
Shapelet   7  -0.766253 -0.850357 -0.808305 -0.955486 -0.598046 -1.228823 -1.228823 -0.997538 -1.249849 -1.544211 -1.733444 -1.691392 -1.775496 -1.670367 -1.733444 
Shapelet  14   0.205761  0.192971  0.231340  0.244130  0.256920  0.279302  0.301684  0.272907  0.343250  0.394409  0.391211  0.429580  0.451962  0.474344  0.480739  0.512713  0.541490  0.554280  0.586254  0.535095  0.576662  0.579859  0.567070  0.573464  0.535095  0.535095  0.547885  0.499924  0.512713  0.499924  0.493529  0.512713  0.496726  0.531898  0.551082  0.567070  0.573464  0.586254  0.583057  0.586254  0.608636  0.621426  0.621426  0.656597  0.701361  0.669387  0.637413  0.634215  0.595846  0.595846  0.544688  0.557477  0.538293  0.499924  0.528701  0.528701  0.499924  0.515911  0.477542  0.483937  0.458357  0.423186  0.397606  0.346448  0.304881  0.260117  0.221748  0.129023  0.084259  0.049088  0.010718 -0.021256 -0.053230 -0.043638 -0.097994 -0.133165 -0.145955 -0.136363 -0.152350 -0.165140 -0.171534 -0.190719 -0.203509 -0.219496 -0.225891 -0.257865 -0.261062 -0.286642 -0.296234 -0.321813 -0.360182 -0.363380 -0.369775 -0.395354 -0.404946 -0.414538 -0.427328 -0.459302 -0.456105 -0.494474 -0.500869 -0.497671 -0.539238 -0.526448 -0.523251 -0.529646 -0.555225 -0.558422 -0.555225 -0.568015 -0.571212 -0.596791 -0.593594 -0.609581 -0.564817 -0.625568 -0.606384 -0.635160 -0.612778 -0.660740 -0.785439 -0.782242 -0.811018 -0.811018 -0.849388 -0.849388 -0.827006 -0.830203 -0.811018 -0.827006 -0.820611 -0.833400 -0.836598 -0.846190 -0.858980 -0.858980 -0.894151 -0.910138 -0.887757 -0.906941 -0.938915 -0.961297 -0.970889 -0.986877 -0.980482 -1.009259 -1.044430 -1.054022 -1.092391 -1.153142 -1.188314 -1.233078 -1.287434 -1.281039 -1.309816 -1.300224 -1.370567 -1.351382 -1.383357 -1.402541 -1.424923 -1.440910 -1.415331 -1.396146 -1.373764 -1.357777 -1.325803 -1.316211 -1.293829 -1.261855 -1.249065 -1.249065 -1.197906 -1.175524 -1.146748 -1.098786 -1.085997 -1.105181 -1.092391 -1.076404 -1.070010 -1.050825 -1.050825 -1.031640 -1.038035 


; cmd = ShapeletResearch/Execs/FastShapelet UCRArchive_2018//WormsTwoClass/WormsTwoClass_TRAIN.tsv 2 181 901 10 1 10 10 0 1 10 UCRArchive_2018//WormsTwoClass/tree.txt UCRArchive_2018//WormsTwoClass/time.txt
; time =>  3155.743  47.969 347.723  22.933 2715.018 
