;Shapelet Tree 

;random seed:1551069859, rand()=732606347, rand()=366421875
;command = ShapeletResearch/Execs/FastShapelet UCRArchive_2018//OliveOil/OliveOil_TRAIN.tsv 4 30 571 10 1 10 10 0 1 10 UCRArchive_2018//OliveOil/tree.txt UCRArchive_2018//OliveOil/time.txt 

;Local Class:   0  1  2  3 
;Real  Class:   1  2  3  4 

;Node ID class   obj  pos  len  dist_th 
TreeSize: 8 
NonL  1    --      0  478   29   0.0827 ==>   5   8   0   0  /   0   0   4  13 
NonL  2    --      0  349  108   0.3361 ==>   5   0   0   0  /   0   8   0   0 
NonL  3    --      0  332  113   0.0583 ==>   0   0   4   0  /   0   0   0  13 
Leaf  4     1    
Leaf  5     2    
Leaf  6     3    
Leaf  7     4    

;Shapelet id   <data>
Shapelet   1  -0.118879 -0.014516  0.140537  0.328892  0.558493  0.877872  1.235207  1.602782  2.405279  2.832901  3.225753  3.490291  3.707633  3.652591  3.478709  3.028295  2.643201  2.174856  1.757757  1.153227  0.718067  0.378504  0.035991 -0.161727 -0.298618 -0.425749 -0.500858 -0.576188 -0.634875 
Shapelet   2   0.102622 -0.311218 -0.470294 -0.588253 -0.652443 -0.700341 -0.739074 -0.763417 -0.782534 -0.798698 -0.817875 -0.832546 -0.841204 -0.848931 -0.855568 -0.862839 -0.867721 -0.869447 -0.862572 -0.865899 -0.874806 -0.881071 -0.886514 -0.889161 -0.894079 -0.898513 -0.901599 -0.904967 -0.906294 -0.907204 -0.908528 -0.910467 -0.910170 -0.910026 -0.910407 -0.906549 -0.902815 -0.907858 -0.911275 -0.915441 -0.918618 -0.921052 -0.922929 -0.925036 -0.924658 -0.921007 -0.918251 -0.921007 -0.921878 -0.922926 -0.923145 -0.922917 -0.924781 -0.925555 -0.924841 -0.926297 -0.927222 -0.927792 -0.928323 -0.928221 -0.927843 -0.927582 -0.927008 -0.926330 -0.925597 -0.925195 -0.924934 -0.924415 -0.924192 -0.924045 -0.923463 -0.922778 -0.921728 -0.921037 -0.920800 -0.920077 -0.916309 -0.914039 -0.912734 -0.910347 -0.907894 -0.906222 -0.904721 -0.903571 -0.901452 -0.895478 -0.890587 -0.886898 -0.879750 -0.871083 -0.861383 -0.845890 -0.827856 -0.818241 -0.809934 -0.802021 -0.803969 -0.814870 -0.825848 -0.836896 -0.846250 -0.849856 -0.850087 -0.848604 -0.845728 -0.842440 -0.836223 -0.830639 
Shapelet   3   0.248344  0.300846  0.347536  0.392060  0.436070  0.498642  0.586543  0.717847  0.859705  0.928657  0.969075  1.031785  1.064093  1.040078  0.990903  0.830964  0.492444  0.106483 -0.305125 -0.462871 -0.580594 -0.644747 -0.692260 -0.730266 -0.754069 -0.773931 -0.790489 -0.809010 -0.823614 -0.832095 -0.840528 -0.847283 -0.854124 -0.858885 -0.859522 -0.851020 -0.856183 -0.866223 -0.872166 -0.876876 -0.879381 -0.883688 -0.888500 -0.893420 -0.896421 -0.897962 -0.900515 -0.902421 -0.903888 -0.902227 -0.902053 -0.903927 -0.900620 -0.895547 -0.900916 -0.905680 -0.910411 -0.912285 -0.913515 -0.916145 -0.918560 -0.920829 -0.919784 -0.910522 -0.911157 -0.911534 -0.912276 -0.911731 -0.911306 -0.913748 -0.914775 -0.913793 -0.912698 -0.912791 -0.914556 -0.915523 -0.915406 -0.914532 -0.913967 -0.913027 -0.912016 -0.910798 -0.909373 -0.908580 -0.908625 -0.906740 -0.904181 -0.903166 -0.902065 -0.900332 -0.898342 -0.898094 -0.896445 -0.891821 -0.890217 -0.888479 -0.885381 -0.883846 -0.881500 -0.879654 -0.879058 -0.877681 -0.873857 -0.869736 -0.868000 -0.863024 -0.856697 -0.849042 -0.834154 -0.815965 -0.806293 -0.797297 -0.791459 


; cmd = ShapeletResearch/Execs/FastShapelet UCRArchive_2018//OliveOil/OliveOil_TRAIN.tsv 4 30 571 10 1 10 10 0 1 10 UCRArchive_2018//OliveOil/tree.txt UCRArchive_2018//OliveOil/time.txt
; time =>   87.143   1.587   3.961   0.200  81.220 
