2 0.13619 -0.020964 -0.24145 -0.42928 -0.54788 -0.6577 -0.74082 -0.77535 -0.78246 -0.76929 -0.74328 -0.71938
2 -0.71133 -0.76952 -0.80119 -0.81305 -0.8142 -0.80859 -0.79895 -0.78046 -0.76326 -0.75208 -0.73252 -0.72218
1 -0.31264 -0.389 -0.45182 -0.49966 -0.53307 -0.55715 -0.56284 -0.57744 -0.59807 -0.6201 -0.63717 -0.64029
1 -0.47963 -0.50517 -0.51764 -0.52649 -0.53482 -0.5397 -0.54971 -0.5532 -0.55425 -0.55387 -0.55306 -0.55643
2 -0.6236 -0.60941 -0.58823 -0.56665 -0.54124 -0.5239 -0.5189 -0.52143 -0.52985 -0.5413 -0.5559 -0.57119
2 -0.81695 -0.82649 -0.8158 -0.80249 -0.79366 -0.78399 -0.76841 -0.75375 -0.73559 -0.7173 -0.71136 -0.70475
2 0.82998 0.80838 0.79392 0.78131 0.74338 0.71615 0.68768 0.64821 0.59839 0.54562 0.45654 0.34802
2 0.55707 0.56035 0.55692 0.55392 0.55518 0.55769 0.55856 0.55887 0.55863 0.56289 0.56199 0.56509
2 -0.85372 -0.9508 -1.0251 -1.0768 -1.107 -1.115 -1.1151 -1.1104 -1.0953 -1.0771 -1.0687 -1.0614
1 0.48555 0.37193 0.25358 0.14504 0.030856 -0.07891 -0.17755 -0.28434 -0.37343 -0.47522 -0.55537 -0.63135
1 -0.65631 -0.67351 -0.67816 -0.69404 -0.68649 -0.69951 -0.69681 -0.69533 -0.69461 -0.691 -0.69272 -0.69953
1 0.67738 0.54417 0.40119 0.2663 0.12416 -0.023849 -0.15549 -0.2982 -0.41902 -0.53528 -0.62644 -0.70888
1 1.0709 1.0714 1.0683 1.0621 1.0565 1.0376 1.0192 0.99107 0.93972 0.86474 0.78117 0.67663
1 0.44181 0.30816 0.19995 0.062054 -0.078776 -0.20979 -0.33582 -0.46642 -0.53978 -0.61456 -0.68148 -0.73038
2 -0.73227 -0.80944 -0.85854 -0.87032 -0.86165 -0.83881 -0.80939 -0.79222 -0.77832 -0.75982 -0.74043 -0.71732
1 0.65819 0.50315 0.34939 0.18367 0.043842 -0.090519 -0.21244 -0.33155 -0.44732 -0.54271 -0.6227 -0.68627
2 -0.13453 -0.29255 -0.43855 -0.56932 -0.68121 -0.7493 -0.77278 -0.77131 -0.75587 -0.72911 -0.71498 -0.71161
2 -0.5907 -0.74768 -0.86376 -0.92561 -0.9479 -0.95004 -0.94422 -0.93506 -0.91553 -0.89294 -0.86113 -0.82838
1 0.36907 0.18433 0.057846 -0.1004 -0.22179 -0.35661 -0.47193 -0.56046 -0.65424 -0.73548 -0.76984 -0.7944
2 -0.11507 -0.26035 -0.40511 -0.54504 -0.67785 -0.80048 -0.91336 -1.0056 -1.1006 -1.1572 -1.1867 -1.1969
1 0.64481 0.49317 0.30263 0.15305 0.015734 -0.13416 -0.26551 -0.36751 -0.4356 -0.50137 -0.54113 -0.57889
1 -0.0096047 -0.1385 -0.26492 -0.39341 -0.50533 -0.61183 -0.68611 -0.74229 -0.7936 -0.81854 -0.83081 -0.83553
1 0.5795 0.44995 0.30744 0.16806 0.0205 -0.13597 -0.27403 -0.36988 -0.49901 -0.55671 -0.61399 -0.6683
2 0.65188 0.65033 0.65138 0.6461 0.64583 0.6454 0.64815 0.65471 0.64625 0.6391 0.64192 0.64417
1 -0.52764 -0.52054 -0.51034 -0.5032 -0.49375 -0.49107 -0.48369 -0.47735 -0.47311 -0.46621 -0.45782 -0.45395
2 -0.98836 -0.96341 -0.94875 -0.9318 -0.92013 -0.91508 -0.91558 -0.915 -0.91179 -0.91062 -0.91012 -0.90953
1 0.41968 0.28041 0.15048 0.0065558 -0.12883 -0.25551 -0.38247 -0.50007 -0.6049 -0.69922 -0.76277 -0.81263
1 0.48817 0.35557 0.21658 0.072226 -0.07438 -0.21903 -0.36313 -0.49997 -0.61238 -0.70192 -0.75299 -0.79859
2 -0.70331 -0.86084 -0.99533 -1.0929 -1.1386 -1.1655 -1.1804 -1.1863 -1.188 -1.1858 -1.1845 -1.1779
1 0.95006 0.95103 0.94655 0.94461 0.94442 0.94161 0.93024 0.93121 0.9304 0.92762 0.92677 0.9274
1 -0.5976 -0.59542 -0.59632 -0.59625 -0.60199 -0.60367 -0.61166 -0.6185 -0.62601 -0.64033 -0.65848 -0.6801
2 0.78658 0.77503 0.79207 0.78988 0.80286 0.81607 0.81358 0.7965 0.79756 0.78273 0.75741 0.73081
2 -1.1832 -1.1932 -1.1945 -1.1747 -1.1429 -1.1055 -1.0737 -1.0415 -1.0228 -1.0069 -0.99906 -0.99428
1 -0.44461 -0.50388 -0.54414 -0.57287 -0.59054 -0.60066 -0.59611 -0.60732 -0.59614 -0.59681 -0.5837 -0.57313
2 -0.76311 -0.75294 -0.73284 -0.71587 -0.70077 -0.68519 -0.67843 -0.66929 -0.6608 -0.65782 -0.6544 -0.65236
1 -0.56802 -0.56587 -0.56708 -0.56863 -0.56555 -0.55769 -0.54395 -0.52459 -0.49385 -0.45891 -0.43498 -0.4228
2 0.85615 0.83894 0.81033 0.77628 0.72051 0.66612 0.58046 0.47419 0.35276 0.214 0.067116 -0.096407
2 -0.74008 -0.74359 -0.7422 -0.73546 -0.71915 -0.70094 -0.68575 -0.67969 -0.67924 -0.68122 -0.68576 -0.69169
2 0.70376 0.69865 0.69618 0.70158 0.69784 0.69977 0.70308 0.70297 0.70375 0.70569 0.70903 0.69659
2 0.77587 0.70664 0.59827 0.48883 0.34655 0.19299 0.021716 -0.16019 -0.34277 -0.51708 -0.68243 -0.8294
2 -0.32549 -0.46468 -0.59899 -0.7035 -0.77974 -0.82917 -0.85153 -0.85177 -0.84637 -0.83399 -0.81958 -0.79788
1 1.1648 1.1139 1.0428 0.96979 0.8631 0.74997 0.60917 0.46559 0.31694 0.16332 -0.0010775 -0.14024
1 -0.42766 -0.50588 -0.56916 -0.62385 -0.65239 -0.698 -0.72231 -0.73209 -0.74515 -0.76818 -0.77434 -0.78411
1 0.032481 -0.11128 -0.23673 -0.35949 -0.46786 -0.54915 -0.61409 -0.65811 -0.69194 -0.7126 -0.71843 -0.7227
2 -0.20104 -0.39388 -0.5613 -0.73965 -0.89923 -1.0357 -1.1565 -1.2065 -1.2261 -1.2375 -1.2367 -1.2349
2 -0.79972 -0.78408 -0.76672 -0.74901 -0.72963 -0.70897 -0.68436 -0.6749 -0.67057 -0.67008 -0.66904 -0.66941
1 -0.57903 -0.59466 -0.6044 -0.61106 -0.62 -0.62656 -0.62642 -0.62351 -0.62285 -0.62568 -0.62749 -0.62774
2 -0.60413 -0.67618 -0.71966 -0.73853 -0.73307 -0.7093 -0.67441 -0.63836 -0.6076 -0.58273 -0.57497 -0.56793
1 -0.60012 -0.60231 -0.60391 -0.60818 -0.6079 -0.60699 -0.60523 -0.59475 -0.57329 -0.54547 -0.51833 -0.48512
2 0.77977 0.7843 0.78724 0.78711 0.78391 0.77778 0.75371 0.73034 0.70329 0.66535 0.63723 0.60239
