;Shapelet Tree 

;random seed:1551068798, rand()=860160118, rand()=2038148250
;command = ShapeletResearch/Execs/FastShapelet UCRArchive_2018//PowerCons/PowerCons_TRAIN.tsv 2 180 145 10 1 10 10 0 1 10 UCRArchive_2018//PowerCons/tree.txt UCRArchive_2018//PowerCons/time.txt 

;Local Class:   0  1 
;Real  Class:   1  2 

;Node ID class   obj  pos  len  dist_th 
TreeSize: 4 
NonL  1    --    101    1  142  13.3313 ==>   6  84  /  84   6 
Leaf  2     2    
Leaf  3     1    

;Shapelet id   <data>
Shapelet   1   1.480000  1.120000  0.760000  0.550000  0.340000  0.320000  0.270000  0.230000  0.270000  0.320000  0.310000  0.310000  0.310000  0.310000  0.250000  0.270000  0.300000  0.290000  0.280000  0.270000  0.270000  0.300000  0.330000  0.280000  0.230000  0.250000  0.270000  0.280000  0.320000  0.360000  0.330000  0.330000  0.330000  0.280000  0.270000  0.260000  0.280000  0.290000  0.310000  0.290000  0.270000  0.270000  0.400000  0.400000  0.580000  0.750000  1.230000  1.500000  1.770000  1.730000  1.910000  2.090000  1.800000  1.500000  1.460000  1.420000  1.380000  1.350000  1.340000  1.330000  1.330000  1.330000  1.340000  1.360000  1.620000  1.870000  1.780000  1.690000  1.740000  1.790000  1.750000  1.720000  1.790000  1.800000  1.810000  1.840000  1.910000  1.990000  2.140000  1.890000  1.640000  1.610000  1.680000  1.760000  1.870000  2.650000  3.430000  4.120000  4.820000  3.350000  1.890000  1.890000  1.850000  1.850000  2.430000  3.010000  2.440000  1.870000  1.780000  1.690000  1.730000  1.760000  1.810000  1.860000  1.790000  1.740000  1.740000  5.380000  5.380000  5.640000  4.820000  3.990000  3.770000  3.550000  3.960000  4.370000  4.560000  4.760000  4.480000  4.190000  4.040000  3.620000  3.200000  2.850000  2.500000  2.250000  2.010000  2.370000  2.720000  3.750000  4.780000  3.930000  3.080000  2.510000  1.950000  1.980000  2.180000  2.380000  2.250000  2.120000  3.500000  4.870000 


; cmd = ShapeletResearch/Execs/FastShapelet UCRArchive_2018//PowerCons/PowerCons_TRAIN.tsv 2 180 145 10 1 10 10 0 1 10 UCRArchive_2018//PowerCons/tree.txt UCRArchive_2018//PowerCons/time.txt
; time =>    8.956   0.516   3.591   0.334   4.232 
