;Shapelet Tree 

;random seed:1551072350, rand()=1605274739, rand()=503939882
;command = ShapeletResearch/Execs/FastShapelet UCRArchive_2018//Lightning2/Lightning2_TRAIN.tsv 2 60 638 10 1 10 10 0 1 10 UCRArchive_2018//Lightning2/tree.txt UCRArchive_2018//Lightning2/time.txt 

;Local Class:   0  1 
;Real  Class:   1 -1 

;Node ID class   obj  pos  len  dist_th 
TreeSize: 22 
NonL  1    --      0    8   20   6.3246 ==>  23  20  /  17   0 
NonL  2    --      3   68   77   3.9808 ==>   0   9  /  25  11 
Leaf  3     1    
Leaf  4    -1    
NonL  5    --      2  617   15   1.8051 ==>  25   4  /   0   7 
NonL 10    --     12  283  151   5.1612 ==>   2   4  /  23   0 
Leaf 11    -1    
Leaf 20    -1    
Leaf 21     1    

;Shapelet id   <data>
Shapelet   1  -0.892657 -0.892657 -0.892657 -0.892657 -0.892657 -0.892657 -0.892657 -0.892657 -0.892657 -0.892657 -0.892657 -0.892657 -0.892657 -0.892657 -0.892657 -0.892657 -0.892657 -0.892657 -0.892657 -0.892657 
Shapelet   2  -0.494836 -0.494836 -0.494836 -0.494836 -0.494836 -0.494836 -0.494836 -0.494836 -0.494836 -0.494836 -0.494836 -0.494836 -0.494836 -0.494836 -0.494836 -0.494836 -0.494836 -0.494836 -0.494836 -0.494807 -0.494508 -0.490949 -0.488859 -0.484862 -0.481745 -0.465447 -0.464628 -0.466032 -0.471720 -0.462938 -0.469732 -0.470320 -0.471235 -0.475121 -0.457054 -0.454227 -0.453291 -0.445817 -0.412845 -0.403043 -0.411593 -0.411541 -0.410474 -0.373085 -0.373285 -0.355700 -0.271440 -0.298428 -0.249881 -0.140201 -0.117278 -0.052442 -0.287200 -0.311399 -0.339453 -0.373253 -0.300044 -0.306308 -0.321529 -0.335422 -0.371879 -0.350913 -0.355374 -0.330157 -0.192431 -0.238115 -0.278769 -0.308247 -0.257822 -0.305270 -0.342392 -0.302357 -0.319464 -0.264786 -0.265016 -0.305800 -0.272670 
Shapelet   5  -0.458069 -0.471700 -0.485484 -0.498562 -0.498811 -0.498811 -0.498811 -0.498811 -0.498811 -0.498811 -0.498811 -0.498811 -0.498811 -0.498811 -0.498811 
Shapelet  10  -0.661719 -0.536892 -0.507314 -0.594628 -0.521898 -0.575613 -0.569796 -0.592506 -0.583194 -0.500480 -0.617191 -0.570693 -0.504730 -0.650576 -0.537528 -0.570684 -0.601467 -0.441166 -0.485696 -0.583748 -0.425947 -0.469842 -0.625003 -0.565012 -0.508941 -0.462809 -0.587743 -0.576908 -0.507420 -0.497217 -0.607843 -0.594072 -0.625210 -0.477574 -0.536463 -0.463480 -0.540301 -0.468109 -0.597268 -0.562805 -0.538444 -0.515275 -0.538647 -0.494183 -0.572643 -0.557343 -0.521775 -0.471192 -0.442067 -0.459905 -0.483122 -0.545198 -0.491839 -0.452483 -0.503821 -0.493566 -0.563897 -0.462617 -0.487991 -0.316152 -0.507638 -0.563563 -0.569148 -0.566978 -0.478356 -0.514195 -0.495171 -0.559678 -0.618757 -0.602466 -0.473862 -0.551132 -0.535239 -0.532723 -0.612339 -0.506103 -0.616714 -0.559747 -0.552336 -0.481919 -0.465625 -0.438093 -0.536010 -0.380064 -0.405064 -0.533717 -0.425576 -0.478893 -0.371973 -0.461430 -0.417043 -0.525826 -0.464918 -0.577122 -0.574398  0.287423  2.276853  1.668452  1.525367  0.573033  0.636351  2.231241  2.913680  0.559858  1.207625  1.253931  1.108899  0.979001  0.440219  1.508428  0.856820  0.740319  1.037618  0.945178  0.984795  1.263501  0.706204  1.339426  1.195957  1.243290  1.601159  1.396351  1.485097  1.496323  1.026387  1.889209  1.245198  1.782177  1.799923  1.134810  2.240726  2.756013  2.907718  1.434877  1.572191  2.220060  1.806794  2.482008  2.964787  2.403237  2.274251  3.127115  3.500472  2.270454  2.483483  3.060164  3.437447  2.562516  1.714748  1.881664  2.746415 


; cmd = ShapeletResearch/Execs/FastShapelet UCRArchive_2018//Lightning2/Lightning2_TRAIN.tsv 2 60 638 10 1 10 10 0 1 10 UCRArchive_2018//Lightning2/tree.txt UCRArchive_2018//Lightning2/time.txt
; time =>  387.057   7.825  50.615   3.940 320.989 
