;Shapelet Tree 

;random seed:1551093483, rand()=876207564, rand()=608583875
;command = ShapeletResearch/Execs/FastShapelet UCRArchive_2018//CinCECGTorso/CinCECGTorso_TRAIN.tsv 4 40 1640 10 1 10 10 0 1 10 UCRArchive_2018//CinCECGTorso/tree.txt UCRArchive_2018//CinCECGTorso/time.txt 

;Local Class:   0  1  2  3 
;Real  Class:   1  3  4  2 

;Node ID class   obj  pos  len  dist_th 
TreeSize: 8 
NonL  1    --     25   78  698  26.7203 ==>   1  12   0  13  /   4   0  10   0 
NonL  2    --     16   75  1528  51.3920 ==>   1   0   0  13  /   0  12   0   0 
NonL  3    --      2  870  511  18.4372 ==>   0   0  10   0  /   4   0   0   0 
Leaf  4     2    
Leaf  5     3    
Leaf  6     4    
Leaf  7     1    

;Shapelet id   <data>
Shapelet   1   0.611944  0.634928  0.652903  0.639943  0.608107  0.566930  0.530933  0.520857  0.524781  0.522089  0.530269  0.566493  0.605198  0.613291  0.586042  0.544430  0.522506  0.534828  0.552936  0.553110  0.555740  0.574466  0.586773  0.583954  0.583482  0.582508  0.566275  0.548385  0.550770  0.560261  0.553553  0.545563  0.562346  0.582816  0.573545  0.554358  0.553561  0.551636  0.533486  0.511641  0.472361  0.409763  0.376892  0.395827  0.413382  0.408321  0.416515  0.440145  0.456410  0.478528  0.516107  0.543688  0.554693  0.571350  0.586292  0.566909  0.526642  0.524721  0.576073  0.622093  0.620370  0.603323  0.611132  0.623668  0.604971  0.567600  0.542600  0.527266  0.507534  0.494596  0.496078  0.490624  0.470273  0.460151  0.466977  0.457630  0.420646  0.402774  0.440759  0.496921  0.511072  0.484986  0.465907  0.475919  0.495157  0.490119  0.456022  0.433991  0.450652  0.466778  0.449022  0.438601  0.473300  0.511104  0.501639  0.463018  0.434324  0.417298  0.401615  0.402875  0.433608  0.467947  0.474199  0.461646  0.461856  0.479957  0.495543  0.498534  0.493204  0.477078  0.444655  0.409817  0.397774  0.413257  0.433876  0.433354  0.410990  0.404667  0.447460  0.508556  0.525131  0.500088  0.496005  0.528265  0.541549  0.506234  0.469315  0.474400  0.496034  0.499129  0.494987  0.496610  0.488091  0.467177  0.448639  0.433519  0.430723  0.451528  0.466753  0.450268  0.437084  0.455126  0.473042  0.468587  0.454011  0.434493  0.425764  0.454715  0.492769  0.480684  0.434603  0.422153  0.448750  0.466355  0.462679  0.466303  0.486091  0.495783  0.477711  0.449759  0.437338  0.438291  0.436280  0.434863  0.441124  0.439129  0.419501  0.407909  0.423602  0.448546  0.464285  0.470362  0.465532  0.460906  0.472586  0.473930  0.431101  0.377588  0.364732  0.390615  0.442462  0.512330  0.553615  0.539758  0.524127  0.543781  0.560903  0.554899  0.551690  0.554076  0.552005  0.560930  0.580609  0.587295  0.582749  0.582862  0.582450  0.581595  0.594495  0.613329  0.617889  0.607158  0.589039  0.574628  0.583091  0.607731  0.607978  0.571406  0.528977  0.497631  0.473280  0.467498  0.485924  0.502040  0.497172  0.489348  0.498178  0.516944  0.528777  0.526815  0.513297  0.493511  0.474168  0.463263  0.464191  0.475286  0.496333  0.528211  0.567928  0.604341  0.615849  0.585250  0.527724  0.490142  0.505852  0.552943  0.582083  0.583938  0.583175  0.571605  0.529879  0.496486  0.509600  0.524320  0.492903  0.449987  0.437105  0.437561  0.437429  0.452108  0.472677  0.471206  0.457496  0.466218  0.491737  0.490362  0.452387  0.423282  0.435087  0.461296  0.464580  0.447210  0.423387  0.385639  0.338456  0.321104  0.353050  0.400485  0.432372  0.452306  0.467787  0.484040  0.502535  0.501770  0.475126  0.466719  0.490453  0.489499  0.449656  0.427249  0.436647  0.441710  0.434938  0.420203  0.385404  0.351249  0.355534  0.384333  0.402385  0.415445  0.434729  0.434606  0.403415  0.389869  0.432875  0.488015  0.501182  0.495573  0.500038  0.487646  0.465543  0.489668  0.553542  0.600029  0.613975  0.599171  0.548767  0.497859  0.489300  0.495499  0.478288  0.454567  0.439440  0.421155  0.406712  0.407715  0.403975  0.383432  0.369153  0.381025  0.414461  0.450911  0.467530  0.454707  0.436944  0.446187  0.477673  0.497231  0.481204  0.439132  0.398103  0.375058  0.374950  0.384244  0.380474  0.362340  0.347354  0.333149  0.305780  0.290599  0.300613  0.286070  0.219534  0.142323  0.076040 -0.007233 -0.092758 -0.125984 -0.108068 -0.089167 -0.095089 -0.117617 -0.150510 -0.185195 -0.188767 -0.144465 -0.091622 -0.067835 -0.056103 -0.038289 -0.019474  0.019480  0.083608  0.117644  0.111339  0.132835  0.191159  0.241002  0.298211  0.387633  0.463054  0.509464  0.575241  0.642827  0.654479  0.639277  0.673336  0.758619  0.842992  0.902369  0.944118  0.979585  1.003362  0.995385  0.952924  0.891000  0.808149  0.704793  0.621581  0.590878  0.581379  0.561186  0.554391  0.575470  0.606666  0.644026  0.682953  0.707006  0.738650  0.815575  0.903870  0.946909  0.972101  1.025124  1.083870  1.108462  1.107989  1.109970  1.112477  1.097607  1.057869  1.005020  0.955407  0.917318  0.897423  0.900427  0.926832  0.966340  0.989865  0.991596  1.009518  1.050427  1.049616  0.991573  0.957766  0.964263  0.944418  0.905524  0.907764  0.944082  0.991471  1.072388  1.160298  1.193480  1.198822  1.232578  1.270371  1.262129  1.206587  1.127526  1.052481  1.000655  0.949582  0.883760  0.845212  0.847841  0.836812  0.796242  0.790706  0.845408  0.896842  0.900959  0.881864  0.862797  0.821773  0.748610  0.690523  0.685784  0.724583  0.779934  0.818328  0.813651  0.801878  0.843809  0.900485  0.881950  0.810741  0.778799  0.797952  0.815970  0.810707  0.786870  0.742073  0.674824  0.586731  0.501477  0.466269  0.492881  0.533366  0.549473  0.565069  0.606602  0.651528  0.673259  0.686741  0.718287  0.754147  0.764312  0.757889  0.768834  0.804889  0.839728  0.859525  0.876396  0.895520  0.907404  0.907174  0.891740  0.846804  0.774857  0.715181  0.697455  0.708559  0.727438  0.756116  0.797481  0.834409  0.856135  0.872804  0.884978  0.870101  0.819269  0.762755  0.732033  0.726577  0.729230  0.719080  0.681380  0.626629  0.587543  0.583442  0.601656  0.613863  0.596633  0.554983  0.525293  0.532579  0.561720  0.581437  0.579100  0.557523  0.522589  0.490731  0.485453  0.511995  0.548347  0.572447  0.584224  0.587193  0.577138  0.558633  0.541583  0.523649  0.503692  0.493866  0.495746  0.489522  0.466691  0.444210  0.436199  0.436314  0.441833  0.463914  0.491492  0.493007  0.473520  0.460699  0.442188  0.402107  0.377870  0.395096  0.413771  0.409077  0.414352  0.439061  0.434886  0.385800  0.350232  0.361818  0.378900  0.386772  0.424775  0.467293  0.435673  0.352958  0.312544  0.327066  0.359975  0.410028  0.462481  0.469747  0.426782  0.373099  0.327887  0.294581  0.292407  0.325253  0.352198  0.340159  0.320510  0.331482  0.350046  0.349148  0.353723  0.373859  0.380538  0.378606  0.405683  0.447463  0.449254  0.414891  0.406090  0.448949  0.508271  0.558067  0.616577  0.689023  0.750885  0.793387  0.827581  0.858669  0.873526  0.875005  0.874904  0.860738  0.834760  0.833703  0.893116  0.994455  1.127745  1.325917  1.539862  1.697629  1.831701  2.000714  2.172414  2.320653  2.505886  2.720655  2.901597  3.070933  3.263157  3.443808  3.593360  3.744055  3.865303  3.886697  3.820282  3.733233  3.627149  3.464897  3.280267  3.142445  3.065405  2.961352  2.777268  2.546396  2.282547  1.946576  1.503967  1.031278  0.577499  0.083059 -0.510049 -1.194652 -1.929736 -2.683497 -3.374430 -3.943777 -4.422948 -4.829929 -5.132120 -5.298035 -5.345804 -5.269983 -5.033236 -4.681599 -4.347719 -4.097920 -3.863565 -3.600207 -3.347899 -3.135956 -2.966505 -2.872437 -2.787673 -2.561218 -2.158701 -1.680395 -1.229860 -0.821149 -0.475204 -0.194687  0.059111  0.251588  0.289297  0.095377 -0.271194 -0.704923 -1.164118 -1.579500 -1.864519 -1.994714 -2.033411 -2.017195 -1.952012 -1.930956 -2.003269 
Shapelet   2   0.288627  0.303131  0.307857  0.305946  0.295739  0.276115  0.260176  0.258852  0.258839  0.245954  0.232448  0.232014  0.235781  0.234655  0.233611  0.234285  0.233400  0.237296  0.253094  0.272532  0.282178  0.282323  0.282115  0.282403  0.280599  0.281924  0.285393  0.278189  0.262475  0.255472  0.257936  0.258310  0.258472  0.259916  0.252393  0.236484  0.222242  0.207672  0.191599  0.185293  0.186974  0.179541  0.160765  0.143916  0.138753  0.154014  0.192756  0.235398  0.256590  0.257115  0.256194  0.265408  0.281393  0.288736  0.277461  0.261827  0.254293  0.237378  0.203690  0.185980  0.200686  0.216180  0.211977  0.206941  0.211144  0.212412  0.208924  0.209552  0.212865  0.209936  0.196891  0.181636  0.181589  0.204391  0.234203  0.252703  0.259288  0.259331  0.255865  0.257526  0.270563  0.284435  0.285809  0.274855  0.259938  0.252078  0.260687  0.277653  0.280375  0.262832  0.242781  0.233898  0.233376  0.234938  0.235189  0.228111  0.209782  0.190617  0.188249  0.203637  0.221945  0.233976  0.237495  0.232480  0.230619  0.243146  0.257329  0.258999  0.258495  0.260735  0.251282  0.235604  0.239119  0.261273  0.278323  0.283049  0.282792  0.275277  0.256727  0.238786  0.234053  0.235356  0.227453  0.210531  0.195275  0.182631  0.167965  0.157728  0.161954  0.176314  0.189467  0.202685  0.220609  0.233578  0.233783  0.235466  0.249816  0.262865  0.260405  0.246896  0.233226  0.229796  0.238417  0.238767  0.214549  0.186048  0.180030  0.191157  0.205023  0.221609  0.234134  0.226249  0.205139  0.202093  0.228200  0.256277  0.262574  0.257039  0.256014  0.262195  0.278070  0.299379  0.305042  0.290139  0.278919  0.281114  0.281902  0.282286  0.295794  0.308011  0.291939  0.261804  0.258035  0.277597  0.278944  0.261115  0.262794  0.281089  0.277311  0.251802  0.235113  0.237952  0.254975  0.275273  0.281762  0.278730  0.289077  0.304777  0.298676  0.280554  0.277615  0.284139  0.282726  0.285028  0.306545  0.328550  0.325612  0.309137  0.304790  0.305938  0.293931  0.278995  0.278995  0.284845  0.282526  0.279007  0.283084  0.285270  0.275310  0.260185  0.253549  0.259455  0.273400  0.287049  0.285859  0.262507  0.232649  0.215008  0.208931  0.208752  0.217618  0.234174  0.250122  0.260284  0.260482  0.254040  0.257163  0.273687  0.281802  0.267869  0.247463  0.235367  0.230249  0.236660  0.263329  0.296696  0.307496  0.292583  0.281900  0.294279  0.311053  0.309016  0.299035  0.306229  0.324968  0.327579  0.311294  0.300539  0.305396  0.310858  0.301153  0.272725  0.240481  0.232832  0.257901  0.285797  0.287646  0.276862  0.279955  0.288296  0.280067  0.272863  0.295435  0.325828  0.330682  0.330077  0.346549  0.352036  0.334247  0.330716  0.353238  0.363829  0.346874  0.331509  0.327522  0.308440  0.265178  0.227780  0.214412  0.201808  0.169000  0.125071  0.085443  0.055964  0.032921  0.003868 -0.032666 -0.052043 -0.040447 -0.020313 -0.007710  0.011445  0.044596  0.068250  0.063109  0.046970  0.043065  0.043890  0.033096  0.015476  0.001708 -0.011829 -0.026258 -0.038720 -0.055112 -0.071389 -0.075408 -0.074381 -0.085463 -0.100487 -0.101155 -0.100034 -0.116616 -0.140408 -0.146522 -0.132234 -0.119776 -0.121023 -0.125521 -0.123122 -0.119418 -0.126211 -0.141305 -0.151703 -0.147741 -0.133978 -0.119056 -0.093020 -0.052745 -0.028221 -0.037593 -0.052790 -0.051520 -0.055330 -0.072219 -0.079829 -0.074599 -0.063366 -0.040085 -0.010327  0.007711  0.020304  0.038147  0.044096  0.042209  0.050227  0.044823  0.004218 -0.034583 -0.034758 -0.017067 -0.004729 -0.004765 -0.037034 -0.095798 -0.145430 -0.185679 -0.241675 -0.294956 -0.313407 -0.313070 -0.314100 -0.306436 -0.288762 -0.274229 -0.258984 -0.229780 -0.194615 -0.170884 -0.157444 -0.140505 -0.112135 -0.078633 -0.052936 -0.044747 -0.054163 -0.058007 -0.036524 -0.006886  0.002869 -0.005239 -0.007948  0.004453  0.035198  0.074563  0.091515  0.078736  0.062311  0.050013  0.019062 -0.028904 -0.063562 -0.079351 -0.092596 -0.114237 -0.145455 -0.170528 -0.165887 -0.135624 -0.110302 -0.099884 -0.096737 -0.099786 -0.090854 -0.054647 -0.027967 -0.041117 -0.050476 -0.021573  0.002973 -0.002158 -0.000142  0.021233  0.037669  0.047985  0.062737  0.076434  0.091129  0.117489  0.147982  0.175827  0.202355  0.211162  0.188201  0.157304  0.153873  0.177913  0.206532  0.232961  0.263420  0.294265  0.311382  0.308365  0.293913  0.281094  0.277995  0.286697  0.301887  0.310590  0.305550  0.300862  0.309336  0.310929  0.291343  0.281509  0.305704  0.335775  0.348155  0.365347  0.397437  0.420110  0.424981  0.424858  0.424125  0.423992  0.433303  0.450924  0.465774  0.477416  0.491539  0.514222  0.545804  0.567730  0.563239  0.547376  0.538345  0.520500  0.486838  0.471785  0.488402  0.501931  0.496751  0.501604  0.525579  0.530818  0.501068  0.474042  0.472843  0.470782  0.454135  0.447938  0.450030  0.436180  0.424802  0.438008  0.451975  0.449514  0.449424  0.448441  0.423873  0.391119  0.376972  0.381732  0.399878  0.428439  0.454128  0.467711  0.479925  0.494948  0.500497  0.494888  0.492500  0.502940  0.518076  0.523761  0.519378  0.517079  0.523174  0.523264  0.502471  0.470841  0.450931  0.449447  0.450894  0.436175  0.401544  0.365662  0.351606  0.353112  0.351736  0.352756  0.365509  0.379939  0.392478  0.412440  0.425177  0.412818  0.400582  0.413609  0.431170  0.427834  0.412698  0.399926  0.386382  0.371011  0.357176  0.343305  0.329320  0.324031  0.334347  0.349810  0.355625  0.353526  0.352049  0.354598  0.367385  0.391330  0.401967  0.379977  0.347994  0.332023  0.328248  0.328871  0.332673  0.328137  0.312202  0.304099  0.306157  0.298117  0.281114  0.276042  0.286822  0.301209  0.314939  0.329385  0.343260  0.357812  0.372587  0.381380  0.378063  0.364574  0.350974  0.349169  0.361259  0.375795  0.380527  0.376465  0.374658  0.382664  0.398438  0.402785  0.373163  0.317092  0.262237  0.222051  0.182167  0.138168  0.106886  0.085124  0.058493  0.017807 -0.025510 -0.069920 -0.145989 -0.256725 -0.386246 -0.512694 -0.634718 -0.768447 -0.916272 -1.096124 -1.297283 -1.510409 -1.749764 -2.010765 -2.291711 -2.572748 -2.861299 -3.165265 -3.470177 -3.783987 -4.078449 -4.355868 -4.645204 -4.950945 -5.260681 -5.539921 -5.811400 -6.080588 -6.319338 -6.526795 -6.707984 -6.888571 -7.074602 -7.246552 -7.382197 -7.460531 -7.490682 -7.471858 -7.402178 -7.308187 -7.184911 -6.987145 -6.685648 -6.298632 -5.879915 -5.427445 -4.934746 -4.440417 -3.969288 -3.506374 -2.998267 -2.453558 -1.872629 -1.202827 -0.434338  0.394912  1.193984  1.893619  2.448458  2.842820  3.121313  3.302555  3.393668  3.395638  3.330014  3.238350  3.135941  3.053409  3.013659  3.002879  2.975958  2.904029  2.798310  2.673692  2.545463  2.425793  2.316224  2.202614  2.089500  1.967268  1.812012  1.622500  1.431122  1.286204  1.183826  1.100509  1.032452  0.982835  0.945013  0.900564  0.862507  0.836422  0.809236  0.781640  0.752370  0.724723  0.708775  0.722179  0.756641  0.785032  0.813928  0.855326  0.907742  0.965783  1.018327  1.046881  1.046890  1.042597  1.044337  1.037385  1.017395  0.989811  0.959158  0.931264  0.907447  0.875404  0.831214  0.794177  0.768040  0.732635  0.687657  0.652663  0.634893  0.621903  0.602031  0.571057  0.529287  0.486699  0.445065  0.400324  0.358891  0.327591  0.301325  0.272176  0.248012  0.236090  0.225883  0.208680  0.191390  0.185575  0.186663  0.185034  0.186745  0.199503  0.214155  0.214405  0.200682  0.187112  0.183002  0.188928  0.202278  0.224174  0.254427  0.279053  0.280228  0.264449  0.255802  0.258082  0.251945  0.231602  0.214304  0.209938  0.210608  0.209693  0.210621  0.213591  0.205038  0.175044  0.142374  0.138750  0.157595  0.160766  0.144210  0.136514  0.138972  0.136740  0.141586  0.158427  0.160872  0.142283  0.124682  0.113685  0.109429  0.125902  0.156746  0.177403  0.187403  0.192537  0.177673  0.146471  0.130836  0.139222  0.153515  0.167777  0.182810  0.189477  0.186828  0.184888  0.188195  0.201193  0.223505  0.234628  0.223358  0.208119  0.196051  0.175159  0.161739  0.181395  0.213703  0.229475  0.239363  0.254941  0.261673  0.257940  0.258033  0.256035  0.240442  0.226359  0.233952  0.252816  0.256900  0.241851  0.224242  0.211516  0.198226  0.183416  0.169642  0.154213  0.140115  0.142489  0.167668  0.198588  0.217708  0.230810  0.247363  0.258569  0.258848  0.258443  0.259011  0.255077  0.258287  0.274823  0.281558  0.265941  0.246763  0.234897  0.221326  0.207926  0.207366  0.214237  0.211736  0.198038  0.184371  0.171931  0.150640  0.120700  0.097205  0.091707  0.103781  0.123901  0.137715  0.138743  0.139261  0.151492  0.168917  0.182664  0.195393  0.210163  0.224998  0.237332  0.239063  0.221147  0.189595  0.158295  0.135176  0.132031  0.150594  0.163275  0.151523  0.138016  0.138932  0.137135  0.136274  0.158818  0.188420  0.193691  0.181298  0.167914  0.146308  0.114696  0.084888  0.060256  0.045337  0.044817  0.044126  0.030559  0.017937  0.018415  0.020583  0.019614  0.028182  0.047551  0.063640  0.069291  0.068456  0.059521  0.041640  0.034681  0.056125  0.086431  0.095987  0.091185  0.091786  0.088885  0.073093  0.061439  0.067254  0.081763  0.095362  0.109859  0.120516  0.116323  0.100755  0.090133  0.090288  0.091978  0.091368  0.092102  0.090970  0.088981  0.096610  0.112287  0.119624  0.114638  0.111762  0.119547  0.134345  0.149661  0.162989  0.177032  0.190506  0.191834  0.170981  0.140380  0.128884  0.144647  0.162138  0.157098  0.140519  0.135612  0.139784  0.140288  0.138385  0.138887  0.139264  0.139066  0.139714  0.138312  0.138346  0.141364  0.138705  0.134332  0.145022  0.161942  0.152843  0.116043  0.082046  0.063307  0.049685  0.034994  0.021108  0.007675 -0.007231 -0.021897 -0.031793 -0.029385 -0.015720 -0.002078  0.010819  0.028973  0.043127  0.037573  0.018280  0.002289 -0.006119 -0.005573  0.000522 -0.004117 -0.020927 -0.026776 -0.010717  0.003430 -0.003095 -0.018229 -0.030530 -0.044391 -0.057713 -0.053326 -0.041210 -0.056900 -0.090008 -0.099734 -0.097039 -0.119710 -0.148959 -0.150220 -0.147748 -0.165225 -0.177822 -0.170151 -0.164330 -0.175887 -0.190472 -0.201539 -0.217924 -0.234846 -0.243895 -0.256069 -0.281592 -0.290926 -0.263244 -0.239746 -0.252757 -0.277489 -0.288484 -0.298395 -0.316152 -0.330337 -0.343113 -0.357761 -0.371071 -0.386372 -0.401544 -0.412042 -0.425493 -0.452779 -0.480668 -0.494433 -0.509474 -0.525616 -0.522878 -0.505115 -0.497142 -0.507411 -0.521886 -0.532375 -0.529554 -0.512112 -0.504127 -0.516943 -0.536549 -0.549477 -0.561093 -0.577376 -0.591171 -0.604875 -0.619676 -0.627146 -0.622935 -0.617358 -0.628362 -0.644006 -0.646875 -0.647061 -0.657726 -0.675186 -0.688524 -0.703582 -0.717796 -0.718963 -0.719065 -0.731805 -0.752468 -0.765195 -0.766307 -0.765955 -0.765300 -0.765662 -0.765878 -0.765408 -0.766164 -0.765139 -0.765905 -0.766018 -0.764567 -0.766342 -0.766674 -0.764521 -0.763347 -0.772795 -0.789166 -0.801794 -0.817706 -0.833057 -0.838065 -0.837225 -0.845022 -0.864803 -0.879369 -0.889596 -0.905118 -0.922699 -0.933365 -0.932684 -0.932589 -0.933454 -0.924797 -0.908448 -0.899899 -0.917027 -0.946560 -0.973987 -1.003799 -1.025907 -1.024376 -1.007205 -1.004046 -1.005373 -0.981450 -0.950588 -0.934998 -0.929548 -0.930903 -0.951012 -0.984871 -1.002228 -1.002744 -1.003210 -1.006108 -1.003700 -0.989474 -0.973775 -0.959757 -0.950773 -0.957029 -0.971069 -0.983047 -0.995373 -1.022778 -1.051219 -1.047870 -1.019604 -0.989761 -0.969535 -0.957688 -0.952933 -0.957346 -0.958579 -0.950941 -0.936091 -0.918630 -0.908239 -0.906534 -0.908067 -0.892873 -0.859239 -0.837239 -0.835921 -0.834593 -0.818218 -0.812271 -0.836949 -0.860989 -0.856894 -0.839812 -0.838167 -0.838780 -0.814553 -0.784033 -0.768965 -0.760605 -0.745210 -0.728527 -0.716170 -0.691173 -0.650314 -0.607975 -0.573587 -0.550364 -0.543131 -0.559503 -0.575855 -0.561367 -0.527815 -0.505782 -0.504404 -0.505420 -0.497626 -0.481571 -0.462781 -0.455561 -0.456393 -0.454311 -0.455403 -0.468950 -0.480360 -0.457347 -0.405539 -0.365499 -0.350746 -0.334585 -0.303918 -0.282357 -0.270218 -0.250848 -0.242309 -0.256330 -0.267231 -0.264740 -0.273878 -0.289667 -0.281298 -0.259937 -0.246332 -0.233529 -0.219251 -0.215664 -0.217833 -0.205065 -0.182541 -0.171049 -0.171145 -0.170076 -0.167461 -0.175978 -0.191672 -0.198091 -0.193903 -0.182486 -0.160394 -0.130871 -0.109309 -0.099186 -0.086718 -0.069773 -0.055664 -0.043999 -0.028859 -0.011518 -0.002719 -0.003487 -0.001041  0.016427  0.046390  0.070809  0.074395  0.058687  0.044436  0.050127  0.069923  0.086890  0.092844  0.092024  0.090203  0.091574  0.102794  0.122720  0.137940  0.134490  0.115746  0.098118  0.090283  0.090557  0.092351  0.091531  0.090519  0.091937  0.093336  0.086326  0.070138  0.061072  0.069301  0.074054  0.060396  0.061606  0.095522  0.115124  0.098624  0.093857  0.112846  0.104839  0.067309  0.054903  0.075315  0.090534  0.090413  0.091135  0.093765  0.090125  0.088397  0.098647  0.113499  0.125770  0.142611  0.160526  0.159292  0.142343  0.128568  0.113122  0.094704  0.094698  0.111603  0.118853  0.114974  0.106494  0.079748  0.048227  0.047788  0.067095  0.071395  0.066910  0.068528  0.061427  0.044957  0.039592  0.045380  0.057217  0.082951  0.111996  0.120679  0.114321  0.113438  0.116307  0.115548  0.115171  0.115104  0.113621  0.118594  0.134125  0.145754  0.138910  0.122455  0.113993  0.114810  0.115067  0.115045  0.117634  0.112860  0.097856  0.086552  0.089712  0.109762  0.146181  0.180178  0.184298  0.166069  0.157710  0.163582  0.165979  0.158901  0.144088  0.125353  0.115039  0.115901  0.113361  0.110946  0.135025  0.185092  0.225096  0.234580  0.233001  0.237500  0.235429  0.219174  0.210558  0.224250  0.243986  0.256348  0.268489  0.284258  0.299111  0.309993  0.309026  0.287463  0.256028  0.237206  0.234324  0.234712  0.233236  0.234295  0.236684  0.231350  0.216189  0.204919  0.209773  0.217013  0.206139  0.189235  0.187877  0.187959  0.172085  0.163085  0.177738  0.191045  0.187887  0.184769  0.186760  0.185755  0.190005  0.206029  0.217027  0.209937  0.194917  0.182640  0.168820  0.150942  0.139153  0.138363  0.138715  0.137477  0.144891  0.161138  0.176152  0.189663  0.204763  0.213717  0.211383  0.207754  0.211249  0.213945  0.204806  0.189480  0.182293  0.187355  0.200995  0.214866  0.214081  0.202384  0.210535  0.242951  0.259257  0.242960  0.222877  0.211267  0.195752  0.186127  0.199631  0.222530  0.233503  0.241732  0.262317  0.280385  0.279739  0.279633  0.295891  0.305833  0.301832  0.314518  0.345969  0.365982  0.377808  0.396349  0.397345  0.365913  0.336173  0.329627  0.321816  0.298710  0.282514  0.284186  0.282782  0.274592  0.286976  0.318582  0.333942  0.330054  0.331125  0.327649  0.299827  0.272132  0.276413  0.303873  0.331238  0.349077  0.352384  0.336740  0.314536  0.305755  0.307534  0.303737  0.301801  0.316830  0.329571  0.318303  0.303435  0.303999  0.305871  0.305096  0.316271  0.331421  0.332533  0.327455  0.328829  0.331000  0.329337  0.328685  0.330013  0.329750  0.329585  0.329468  0.319532  0.297514  0.281972  0.288980  0.305356  0.309393  0.304493  0.304961  0.303042  0.284319  0.269061  0.288796  0.322845  0.326487  0.308051  0.302872  0.305733  0.303130  0.312266  0.328913  0.316393  0.279634  0.268568  0.292921  0.307970  0.293359  0.281933  0.294547  0.308596  0.307985  0.300905  0.283757  0.252287  0.231810  0.234143  0.226639  0.191991 
Shapelet   3   0.495333  0.495413  0.498533  0.502027  0.501575  0.503196  0.511663  0.519661  0.523338  0.526296  0.525182  0.522992  0.530328  0.537643  0.536523  0.540924  0.550421  0.553923  0.559323  0.568778  0.572591  0.574780  0.580470  0.584463  0.587002  0.593058  0.601491  0.609394  0.617620  0.626053  0.631455  0.632725  0.632972  0.638231  0.649545  0.657068  0.659042  0.667844  0.681191  0.686064  0.687371  0.693494  0.701046  0.708776  0.717792  0.725558  0.732802  0.742157  0.750416  0.754850  0.759888  0.767786  0.775909  0.784530  0.792649  0.799237  0.809664  0.822255  0.830430  0.839628  0.852477  0.861707  0.868689  0.877449  0.885382  0.893145  0.901955  0.909576  0.917471  0.926451  0.931199  0.932342  0.938897  0.950629  0.960054  0.969235  0.981289  0.989036  0.993106  1.003809  1.017464  1.022598  1.024933  1.035583  1.047999  1.055483  1.063768  1.071213  1.074647  1.081136  1.089984  1.097801  1.109481  1.120019  1.123411  1.131073  1.147428  1.159353  1.162895  1.167900  1.177459  1.185582  1.192079  1.201938  1.213639  1.223322  1.232517  1.243401  1.254450  1.262612  1.269628  1.276667  1.280320  1.286140  1.300275  1.310578  1.313041  1.322490  1.335381  1.338744  1.342799  1.353795  1.357722  1.356855  1.367062  1.379972  1.383624  1.389818  1.398886  1.398798  1.400719  1.410688  1.415474  1.418092  1.423565  1.426146  1.431990  1.441814  1.445476  1.448203  1.454155  1.457159  1.460575  1.466167  1.469298  1.472676  1.478216  1.481831  1.483155  1.483413  1.482727  1.482908  1.483184  1.482583  1.485094  1.489991  1.489977  1.485221  1.482512  1.483028  1.483502  1.481827  1.478019  1.475741  1.477385  1.477901  1.473742  1.468002  1.460491  1.450564  1.444287  1.442133  1.437621  1.431037  1.423910  1.414738  1.406082  1.399502  1.391141  1.379817  1.368566  1.356145  1.342056  1.332593  1.325012  1.310451  1.294849  1.283043  1.268105  1.251611  1.235762  1.217844  1.204164  1.192783  1.175617  1.161620  1.150481  1.130512  1.110935  1.096153  1.075685  1.056019  1.041506  1.024406  1.008716  0.993069  0.971332  0.953666  0.938225  0.913604  0.889249  0.871522  0.854307  0.840429  0.829205  0.812909  0.795077  0.780318  0.764121  0.746377  0.731992  0.719967  0.707550  0.695728  0.683758  0.670800  0.659467  0.647654  0.631499  0.615810  0.604611  0.593132  0.579379  0.568163  0.560004  0.550044  0.538060  0.525739  0.512485  0.501627  0.493642  0.482574  0.471233  0.466357  0.461916  0.452681  0.444049  0.435510  0.421475  0.407951  0.402600  0.398356  0.389741  0.383833  0.380438  0.372198  0.362448  0.355796  0.347733  0.337971  0.332134  0.328465  0.323399  0.321217  0.321818  0.318907  0.312809  0.304632  0.295071  0.289749  0.286097  0.280528  0.280022  0.279910  0.271569  0.264819  0.261664  0.253441  0.246093  0.243669  0.239654  0.234708  0.231522  0.230943  0.233298  0.230631  0.221697  0.218416  0.219839  0.215616  0.209277  0.207774  0.207961  0.207388  0.208095  0.208210  0.204825  0.200089  0.196307  0.194756  0.196759  0.196373  0.188323  0.181896  0.183918  0.185639  0.180234  0.172010  0.169907  0.173976  0.171666  0.165434  0.169181  0.171638  0.162692  0.158785  0.159668  0.151295  0.144611  0.149265  0.153720  0.153564  0.154219  0.154425  0.151215  0.146719  0.142791  0.138686  0.134677  0.130748  0.126142  0.123287  0.123919  0.124751  0.122687  0.118458  0.113843  0.111050  0.112108  0.113217  0.109592  0.106156  0.106373  0.104095  0.099997  0.099781  0.098904  0.093475  0.088790  0.087529  0.088423  0.092357  0.096269  0.092711  0.084068  0.078750  0.075059  0.070699  0.069979  0.069512  0.065009  0.062802  0.064807  0.064594  0.060826  0.056523  0.052630  0.048641  0.044181  0.040418  0.039464  0.040744  0.040326  0.036257  0.032927  0.034361  0.035496  0.031288  0.028299  0.032108  0.035601  0.033958  0.033352  0.035619  0.033334  0.024908  0.018020  0.016121  0.016156  0.016328  0.016133  0.016103  0.016606  0.015874  0.015921  0.017509  0.014520  0.010311  0.013297  0.016917  0.016276  0.019015  0.023693  0.022479  0.020547  0.024606  0.028296  0.027770  0.029744  0.034433  0.038090  0.043082  0.046303  0.045613  0.048501  0.052435  0.051957  0.054119  0.058849  0.062347  0.069666  0.077362  0.081026  0.085664  0.088197  0.087680  0.091435  0.094245  0.093675  0.099741  0.108502  0.111804  0.115177  0.119055  0.118320  0.116960  0.119424  0.123929  0.128007  0.131712  0.136140  0.137563  0.132983  0.130165  0.134007  0.136904  0.135987  0.135758  0.135797  0.136296  0.140252  0.143641  0.141229  0.136715  0.135469  0.136059  0.135850  0.137791  0.143615  0.147738  0.147747  0.148258  0.148403  0.144486  0.141241  0.141902  0.142256  0.141728  0.142054  0.142003  0.141878  0.142114  0.141821  0.142129  0.142119  0.138493  0.133039  0.130047  0.129757  0.129982  0.130110  0.130235  0.128357  0.123249  0.118597  0.117951  0.117736  0.113508  0.109995  0.113260  0.117818  0.115914  0.110631  0.106793  0.102805  0.099169  0.099713  0.101377  0.098384  0.094366  0.094083  0.093130  0.088565  0.084003  0.080283  0.076313  0.075341  0.075931  0.070102  0.063664  0.066151 


; cmd = ShapeletResearch/Execs/FastShapelet UCRArchive_2018//CinCECGTorso/CinCECGTorso_TRAIN.tsv 4 40 1640 10 1 10 10 0 1 10 UCRArchive_2018//CinCECGTorso/tree.txt UCRArchive_2018//CinCECGTorso/time.txt
; time =>  2670.531  19.677  85.225   6.398 2552.095 
