;Shapelet Tree 

;random seed:1551068526, rand()=849937489, rand()=952957341
;command = ShapeletResearch/Execs/FastShapelet UCRArchive_2018//SmoothSubspace/SmoothSubspace_TRAIN.tsv 3 150 16 10 1 10 10 0 1 10 UCRArchive_2018//SmoothSubspace/tree.txt UCRArchive_2018//SmoothSubspace/time.txt 

;Local Class:   0  1  2 
;Real  Class:   1  2  3 

;Node ID class   obj  pos  len  dist_th 
TreeSize: 64 
NonL  1    --     42    0   12   4.3227 ==>  42  31   1  /   8  19  49 
NonL  2    --     22    1   11   3.7745 ==>  35   6   0  /   7  25   1 
NonL  3    --     25    2   12   3.1724 ==>   0  11   0  /   8   8  49 
NonL  4    --     36    3   11   3.4020 ==>   3   6   0  /  32   0   0 
NonL  5    --     10    0   14   5.5694 ==>   2  25   1  /   5   0   0 
Leaf  6     2    
NonL  7    --     15    0   14   4.7207 ==>   2   6  48  /   6   2   1 
NonL  8    --      5    0   14   4.7139 ==>   0   6   0  /   3   0   0 
Leaf  9     1    
NonL 10    --      9    1   10   2.8631 ==>   2   2   1  /   0  23   0 
Leaf 11     1    
NonL 14    --     14    4   10   2.9752 ==>   1   1  44  /   1   5   4 
NonL 15    --      3    0   13   4.0195 ==>   6   0   0  /   0   2   1 
Leaf 16     2    
Leaf 17     1    
NonL 20    --      0    0   13   3.9545 ==>   2   0   1  /   0   2   0 
Leaf 21     2    
Leaf 28     3    
NonL 29    --      2    1   12   3.9667 ==>   0   5   2  /   1   0   2 
Leaf 30     1    
NonL 31    --      0    0   14   3.5618 ==>   0   2   0  /   0   0   1 
Leaf 40     1    
Leaf 41     2    
Leaf 58     2    
Leaf 59     3    
Leaf 62     2    
Leaf 63     3    

;Shapelet id   <data>
Shapelet   1   0.681920  0.710594  0.719883  0.544304  0.677078  0.218677  0.498094  0.464840  0.366437  0.685536  0.176855  0.177124 
Shapelet   2   0.693949  0.789734  0.509851  0.616292  0.696266  0.769029  0.912132  0.484480  0.124873  0.627347  0.311940 
Shapelet   3   0.179231  0.624924  0.287085  0.214304  0.286159  0.313295  0.212466  0.358868  0.298964  0.833349  0.651368  0.145806 
Shapelet   4   0.043390  0.796625  0.319794  0.287502  0.297738  0.303230  0.437641  0.049858  0.471568  0.487999  0.682458 
Shapelet   5   0.552310  0.010979  0.186571  0.354116  0.769597  0.334015  0.403878  0.377049  0.298654  0.411419  0.233168  0.203676  0.898548  0.455844 
Shapelet   7   0.501659  0.109742  0.431981  0.124026  0.546402  0.264024  0.287294  0.373890  0.301661  0.446406  0.031460  0.911890  0.531049  0.981729 
Shapelet   8   0.241502  0.810628  0.479485  0.624001  0.929484  0.300405  0.374592  0.401043  0.273132  0.361090  0.814920  0.975845  0.076593  0.952125 
Shapelet  10   0.374722  0.413886  0.208470  0.609802  0.285547  0.335151  0.404069  0.309278  0.439643  0.487431 
Shapelet  14   0.482305  0.863065  0.170625  0.222188  0.300117  0.832708  0.909722  0.697556  0.942229  0.925805 
Shapelet  15   0.508244  0.614120  0.630558  0.487429  0.627742  0.054974  0.842207  0.943008  0.622497  0.866750  0.726104  0.806760  0.072052 
Shapelet  20   0.521569  0.692569  0.615082  0.531158  0.626476  0.396792  0.208461  0.533772  0.315811  0.546449  0.616443  0.330424  0.362459 
Shapelet  29   0.131115  0.309136  0.454966  0.166891  0.198474  0.402310  0.436610  0.199440  0.370623  0.229469  0.287350  0.419960 
Shapelet  31   0.228028  0.235367  0.992359  0.436555  0.692818  0.232672  0.332176  0.334052  0.351845  0.372585  0.872813  0.433295  0.708909  0.193249 


; cmd = ShapeletResearch/Execs/FastShapelet UCRArchive_2018//SmoothSubspace/SmoothSubspace_TRAIN.tsv 3 150 16 10 1 10 10 0 1 10 UCRArchive_2018//SmoothSubspace/tree.txt UCRArchive_2018//SmoothSubspace/time.txt
; time =>    0.043   0.003   0.018   0.002   0.018 
