;Shapelet Tree 

;random seed:1551073502, rand()=440367919, rand()=583869148
;command = ShapeletResearch/Execs/FastShapelet UCRArchive_2018//GesturePebbleZ1/GesturePebbleZ1_TRAIN.tsv 6 132 456 10 1 10 10 0 1 10 UCRArchive_2018//GesturePebbleZ1/tree.txt UCRArchive_2018//GesturePebbleZ1/time.txt 

;Local Class:   0  1  2  3  4  5 
;Real  Class:   1  2  3  4  5  6 

;Node ID class   obj  pos  len  dist_th 
TreeSize: 16 
NonL  1    --     77   41  234  17.9407 ==>   0   0   0   0  25  22  /  21  20  22  22   0   0 
NonL  2    --      5  135  132   5.3444 ==>   0   0   0   0   0  22  /   0   0   0   0  25   0 
NonL  3    --     69   24  105   6.7434 ==>   0  18   0  22   0   0  /  21   2  22   0   0   0 
Leaf  4     6    
Leaf  5     5    
NonL  6    --      2   35  100   7.7747 ==>   0  18   0   0   0   0  /   0   0   0  22   0   0 
NonL  7    --      6    6  126   6.2667 ==>   0   0  22   0   0   0  /  21   2   0   0   0   0 
Leaf 12     2    
Leaf 13     4    
Leaf 14     3    
Leaf 15     1    

;Shapelet id   <data>
Shapelet   1  -9.370000 -9.540000 -9.920000 -10.160000 -10.540000 -11.490000 -12.510000 -13.460000 -14.290000 -15.610000 -15.300000 -14.740000 -14.110000 -13.420000 -12.780000 -12.400000 -12.230000 -12.090000 -11.370000 -11.090000 -10.670000 -10.350000 -10.310000 -9.890000 -9.550000 -8.900000 -8.340000 -7.700000 -7.080000 -6.670000 -5.980000 -5.680000 -5.170000 -4.780000 -4.190000 -3.950000 -3.620000 -3.080000 -3.190000 -3.300000 -2.790000 -2.740000 -2.250000 -1.990000 -1.840000 -1.540000 -1.580000 -1.090000 -0.400000  1.080000  1.250000  1.470000  1.430000  1.220000  0.930000  0.780000  0.790000  0.900000  1.160000  1.220000  1.040000  0.830000  0.740000  0.530000  0.420000  0.170000  0.080000 -0.160000 -0.200000 -0.350000 -0.530000 -0.740000 -0.970000 -1.020000 -1.080000 -1.460000 -1.740000 -2.480000 -3.510000 -4.130000 -4.580000 -5.270000 -5.740000 -5.740000 -6.710000 -7.010000 -7.680000 -8.200000 -8.220000 -8.480000 -8.630000 -9.170000 -10.060000 -10.920000 -11.620000 -11.880000 -11.970000 -11.850000 -12.020000 -12.310000 -12.550000 -13.050000 -13.660000 -14.040000 -14.200000 -14.200000 -13.920000 -13.620000 -13.340000 -13.240000 -13.300000 -13.770000 -13.970000 -14.000000 -13.680000 -13.080000 -12.600000 -12.150000 -11.870000 -12.710000 -12.920000 -13.070000 -13.240000 -13.430000 -13.500000 -13.630000 -13.530000 -13.270000 -13.050000 -12.900000 -12.670000 -12.500000 -12.210000 -11.940000 -11.790000 -11.520000 -11.110000 -10.540000 -10.110000 -9.520000 -9.040000 -8.790000 -8.040000 -7.760000 -7.410000 -7.190000 -6.700000 -6.660000 -6.520000 -6.150000 -6.220000 -5.860000 -5.940000 -5.490000 -4.900000 -5.000000 -4.510000 -4.620000 -4.410000 -3.290000 -3.110000 -2.920000 -2.590000 -2.450000 -2.290000 -2.140000 -2.110000 -1.770000 -1.690000 -1.390000 -1.160000 -1.060000 -0.800000 -0.600000 -0.280000 -0.160000 -0.200000 -0.210000 -0.270000 -0.120000  0.160000  0.520000  1.030000  1.400000 -0.120000  0.160000  0.520000  1.030000  1.400000  1.680000  1.730000  1.690000  1.680000  1.650000 -0.070000 -0.470000 -0.530000 -0.630000 -0.950000 -1.280000 -2.160000 -3.040000 -3.890000 -4.420000 -5.050000 -5.880000 -6.160000 -6.400000 -6.320000 -6.590000 -6.800000 -6.890000 -7.160000 -8.050000 -9.120000 -9.930000 -9.950000 -9.890000 -9.850000 -9.720000 -10.580000 -12.030000 -12.250000 -12.620000 -12.890000 -11.570000 -10.220000 -9.530000 -9.350000 -8.900000 -9.150000 -10.310000 -11.640000 -12.630000 
Shapelet   2  -7.320000 -8.710000 -10.930000 -12.130000 -12.640000 -13.810000 -14.400000 -15.520000 -16.700000 -17.160000 -17.950000 -17.420000 -16.800000 -16.210000 -15.660000 -15.280000 -15.230000 -15.750000 -16.020000 -15.700000 -15.190000 -14.530000 -14.270000 -14.160000 -14.420000 -14.860000 -15.080000 -15.350000 -15.650000 -15.550000 -15.120000 -14.650000 -13.990000 -14.030000 -13.830000 -11.890000 -11.190000 -10.330000 -9.520000 -8.410000 -7.680000 -7.530000 -7.500000 -7.760000 -7.160000 -7.090000 -6.800000 -6.210000 -5.840000 -4.910000 -4.010000 -2.960000 -1.750000 -1.080000 -0.470000  0.550000  0.860000  1.530000  2.440000  3.290000  4.510000  5.510000  6.120000  5.860000  5.780000  7.480000  8.980000  9.970000 10.510000 10.950000 10.520000  9.490000  7.680000  5.510000  3.690000  2.640000  2.700000  2.640000  2.710000  3.380000  5.580000  5.550000  5.610000  5.750000  5.780000  5.590000  5.230000  4.800000  3.910000  2.940000  2.360000  1.460000  0.340000 -0.880000 -1.320000 -1.430000 -1.040000 -0.650000 -1.420000 -3.310000 -4.900000 -5.940000 -6.250000 -5.870000 -5.120000 -5.130000 -7.110000 -9.190000 -11.290000 -11.780000 -11.400000 -10.340000 -9.570000 -8.610000 -8.390000 -8.640000 -10.690000 -13.040000 -14.480000 -16.050000 -16.510000 -16.470000 -16.050000 -15.240000 -15.150000 -15.560000 -16.030000 -16.180000 -16.150000 -15.950000 -15.610000 -14.550000 
Shapelet   3  -3.740000 -4.550000 -4.650000 -4.840000 -4.760000 -4.850000 -4.880000 -5.270000 -5.850000 -6.290000 -6.790000 -6.970000 -7.150000 -7.250000 -7.280000 -7.310000 -7.340000 -7.500000 -7.670000 -7.720000 -7.660000 -9.590000 -10.030000 -10.740000 -11.020000 -11.170000 -11.030000 -10.920000 -11.060000 -11.200000 -11.410000 -11.820000 -12.040000 -12.330000 -12.800000 -13.050000 -13.340000 -13.310000 -12.980000 -12.390000 -11.610000 -11.070000 -10.340000 -9.470000 -8.990000 -8.490000 -8.470000 -8.510000 -8.120000 -8.020000 -7.100000 -6.250000 -4.800000 -3.370000 -2.480000 -0.990000  2.330000  2.970000  4.790000  6.920000  7.980000  8.430000 10.070000  9.960000  8.850000  9.540000 10.260000 10.660000 10.050000  7.770000  5.370000  3.790000  2.410000  1.070000  0.430000 -0.030000 -0.450000 -0.270000  0.280000  0.930000  1.730000  2.850000  4.020000  5.230000  6.110000  6.100000  5.190000  4.490000  3.980000  4.260000  4.440000  4.660000  4.560000  4.300000  3.980000  3.750000 -1.710000 -0.930000  0.290000  1.360000  1.380000  0.710000 -0.310000 -2.260000 -5.110000 
Shapelet   6  -9.230000 -9.930000 -10.150000 -10.330000 -10.390000 -11.940000 -12.550000 -12.670000 -13.270000 -13.110000 -13.220000 -12.900000 -12.020000 -10.740000 -10.000000 -9.140000 -8.190000 -7.170000 -6.190000 -5.190000 -5.020000 -3.920000 -3.120000 -1.700000 -0.740000  0.590000  1.810000  2.930000  3.530000  4.460000  4.950000  5.210000  5.410000  5.500000  5.240000  5.500000  6.390000  7.450000  8.260000  8.400000  8.520000  8.440000  8.240000  7.690000  7.150000  1.780000  1.680000  2.300000  3.120000  3.810000  4.400000  4.660000  4.670000  4.250000  3.670000  3.640000  3.550000  3.700000  3.710000  4.080000  3.960000  3.630000  2.920000  2.300000  1.810000  1.410000  1.340000  1.150000  0.240000 -1.040000 -3.310000 -5.930000 -7.110000 -7.220000 -6.690000 -17.260000 -18.900000 -19.090000 -18.100000 -17.920000 -17.770000 -17.970000 -17.930000 -17.960000 -17.670000 -16.730000 -15.550000 -14.220000 -12.920000 -11.850000 -11.060000 -10.530000 -10.330000 -10.280000 -10.570000 -11.850000 -14.300000 -16.210000 -16.330000 -13.900000 
Shapelet   7  10.140000 10.730000  6.880000  8.720000  2.980000 -6.760000 -9.680000 -7.240000 -4.690000 -3.390000 -2.780000 -2.340000 -2.700000 -3.270000 -2.750000 -1.900000 -1.950000 -2.910000 -3.430000 -3.430000 -3.400000 -3.830000 -4.840000 -5.420000 -6.190000 -6.900000 -7.440000 -7.580000 -7.500000 -7.680000 -8.220000 -8.750000 -8.960000 -8.980000 -9.100000 -9.800000 -9.870000 -10.390000 -10.720000 -13.380000 -14.010000 -14.080000 -14.640000 -14.220000 -14.290000 -13.950000 -14.290000 -14.230000 -14.480000 -13.720000 -12.280000 -11.210000 -10.420000 -9.660000 -9.640000 -8.640000 -7.910000 -6.190000 -5.020000 -3.410000 -2.400000 -1.520000 -1.140000 -1.100000 -0.850000 -1.140000 -1.120000 -1.530000 -1.470000 -2.000000 -2.390000 -2.970000 -3.490000 -4.130000 -4.190000 -4.260000 -3.620000 -3.070000 -1.910000 -1.440000 -1.740000 -2.230000 -1.590000 -0.010000  1.450000  2.140000  2.220000  1.900000  0.440000 -0.910000 -1.250000 -2.380000 -2.970000 -2.770000 -0.970000  1.380000  3.680000  8.350000 13.160000 16.050000 16.280000 17.190000 20.030000 21.920000 23.930000 22.410000 22.200000 22.430000 22.530000 23.310000 21.720000 19.910000 20.860000 17.610000 15.760000 15.580000 15.370000 14.080000 12.330000 16.080000 18.320000 20.630000 15.910000 10.580000 11.030000 18.480000 


; cmd = ShapeletResearch/Execs/FastShapelet UCRArchive_2018//GesturePebbleZ1/GesturePebbleZ1_TRAIN.tsv 6 132 456 10 1 10 10 0 1 10 UCRArchive_2018//GesturePebbleZ1/tree.txt UCRArchive_2018//GesturePebbleZ1/time.txt
; time =>  202.495   4.493  16.296   1.513 178.808 
