;Shapelet Tree 

;random seed:1551071564, rand()=1705423357, rand()=1126414618
;command = ShapeletResearch/Execs/FastShapelet UCRArchive_2018//Car/Car_TRAIN.tsv 4 60 578 10 1 10 10 0 1 10 UCRArchive_2018//Car/tree.txt UCRArchive_2018//Car/time.txt 

;Local Class:   0  1  2  3 
;Real  Class:   1  4  2  3 

;Node ID class   obj  pos  len  dist_th 
TreeSize: 12 
NonL  1    --      0   38  153   1.9791 ==>  16  17   0  11  /   0   0  16   0 
NonL  2    --      0  152  106   0.8836 ==>  15   0   0   9  /   1  17   0   2 
Leaf  3     2    
NonL  4    --      7   35  408   4.3315 ==>  15   0   0   0  /   0   0   0   9 
NonL  5    --      0  160   17   0.7710 ==>   1  17   0   0  /   0   0   0   2 
Leaf  8     1    
Leaf  9     3    
Leaf 10     4    
Leaf 11     3    

;Shapelet id   <data>
Shapelet   1   0.577738  0.549882  0.518328  0.486777  0.455235  0.423699  0.392170  0.360651  0.329136  0.297634  0.267245  0.240996  0.212493  0.181140  0.149802  0.118471  0.087163  0.055860  0.024580 -0.006690 -0.037942 -0.069176 -0.100398 -0.131593 -0.162409 -0.186432 -0.212404 -0.243333 -0.274237 -0.305116 -0.335954 -0.366778 -0.397545 -0.428296 -0.458997 -0.485630 -0.506927 -0.487416 -0.447123 -0.469643 -0.499704 -0.529670 -0.559594 -0.589442 -0.619215 -0.648934 -0.678537 -0.707554 -0.724091 -0.743982 -0.772805 -0.794118 -0.808012 -0.832156 -0.860029 -0.871576 -0.882049 -0.890645 -0.906484 -0.932191 -0.944443 -0.949556 -0.910490 -0.873415 -0.897426 -0.921245 -0.944699 -0.954699 -0.954699 -0.971997 -0.993496 -1.014280 -1.034852 -1.054834 -1.074385 -1.093495 -1.092577 -1.084021 -1.099360 -1.115652 -1.131057 -1.145981 -1.160224 -1.154686 -1.138221 -1.110207 -1.087888 -1.128746 -1.149012 -1.128283 -1.141276 -1.180293 -1.193866 -1.200820 -1.206310 -1.203335 -1.175580 -1.162376 -1.164645 -1.188603 -1.221216 -1.192204 -1.170439 -1.199876 -1.215794 -1.211844 -1.206916 -1.201426 -1.167867 -1.129851 -1.091098 -1.071862 -1.093128 -1.096639 -1.085927 -1.074243 -1.062275 -1.049148 -1.028787 -0.986185 -0.956823 -0.942068 -0.926622 -0.910887 -0.894288 -0.881812 -0.890408 -0.898054 -0.904249 -0.893883 -0.873613 -0.852739 -0.831708 -0.810078 -0.788257 -0.766020 -0.743475 -0.720675 -0.697469 -0.674143 -0.650335 -0.626421 -0.602163 -0.577710 -0.553033 -0.528087 -0.503022 -0.459778 -0.421064 -0.414564 -0.400499 -0.374424 -0.358872 
Shapelet   2  -1.085927 -1.074243 -1.062275 -1.049148 -1.028787 -0.986185 -0.956823 -0.942068 -0.926622 -0.910887 -0.894288 -0.881812 -0.890408 -0.898054 -0.904249 -0.893883 -0.873613 -0.852739 -0.831708 -0.810078 -0.788257 -0.766020 -0.743475 -0.720675 -0.697469 -0.674143 -0.650335 -0.626421 -0.602163 -0.577710 -0.553033 -0.528087 -0.503022 -0.459778 -0.421064 -0.414564 -0.400499 -0.374424 -0.358872 -0.349866 -0.325593 -0.298537 -0.271260 -0.248692 -0.236768 -0.208009 -0.164723 -0.166307 -0.181532 -0.167625 -0.147122 -0.104464 -0.068246 -0.039675 -0.059936 -0.102433 -0.091366 -0.073490 -0.044190 -0.019285 -0.001633  0.023385  0.053166  0.074129  0.094119  0.124303  0.151670  0.172385  0.198274  0.228796  0.252901  0.274953  0.305648  0.334811  0.358085  0.384835  0.415870  0.446926  0.477993  0.509088  0.540189  0.571315  0.602451  0.633604  0.668813  0.706747  0.707668  0.702772  0.727895  0.754808  0.786141  0.817483  0.848834  0.880198  0.911567  0.942951  0.974339  1.005740  1.037147  1.068562  1.099987  1.131416  1.162858  1.194303  1.225758  1.257219 
Shapelet   4   0.674382  0.643535  0.612332  0.577928  0.543529  0.509138  0.474754  0.440375  0.406008  0.371644  0.337292  0.302947  0.268610  0.237799  0.208909  0.175300  0.141133  0.106988  0.072854  0.038737  0.004638 -0.029450 -0.063510 -0.097562 -0.131584 -0.165592 -0.199576 -0.233536 -0.267479 -0.294555 -0.321376 -0.354986 -0.388572 -0.422114 -0.455611 -0.489079 -0.522478 -0.554874 -0.577759 -0.604031 -0.636865 -0.669621 -0.702320 -0.724267 -0.745014 -0.776921 -0.808757 -0.840444 -0.863130 -0.879066 -0.920131 -0.964722 -0.978807 -0.991978 -1.003116 -1.012541 -1.020599 -1.026104 -1.031996 -1.057726 -1.075871 -1.075871 -1.074046 -1.070674 -1.086760 -1.107103 -1.098487 -1.088957 -1.077069 -1.046575 -0.999302 -1.001472 -1.018787 -1.065472 -1.095311 -1.078287 -1.076456 -1.089185 -1.100773 -1.111888 -1.087938 -1.071853 -1.079463 -1.069264 -1.040929 -1.036647 -1.040746 -1.077450 -1.097958 -1.064148 -1.062812 -1.096622 -1.078916 -1.041810 -1.036809 -1.032361 -1.026661 -1.020235 -1.012971 -1.004626 -0.995842 -0.985654 -0.975116 -0.963455 -0.951189 -0.938181 -0.924281 -0.909991 -0.894556 -0.878834 -0.862181 -0.845058 -0.827324 -0.789115 -0.741308 -0.746495 -0.750664 -0.730073 -0.709134 -0.687712 -0.665774 -0.643577 -0.620720 -0.597693 -0.574099 -0.550251 -0.526030 -0.501429 -0.476623 -0.451330 -0.429126 -0.425791 -0.413302 -0.386441 -0.359311 -0.332026 -0.304395 -0.276671 -0.248627 -0.220457 -0.192072 -0.163492 -0.134790 -0.105832 -0.076803 -0.047529 -0.018163  0.011370  0.030613  0.043136  0.070852  0.099704  0.114428  0.134777  0.165877  0.197073  0.228334  0.247857  0.266275  0.298127  0.325769  0.344798  0.371482  0.403837  0.446468  0.487512  0.475089  0.473138  0.494162  0.515858  0.538083  0.569103  0.602249  0.635454  0.665879  0.689753  0.718861  0.752356  0.779240  0.804683  0.838420  0.872168  0.905940  0.939730  0.973535  1.007364  1.041050  1.067818  1.096526  1.130541  1.164568  1.198605  1.232660  1.266719  1.300799  1.334883  1.368982  1.403091  1.437208  1.471339  1.505474  1.539626  1.572451  1.601005  1.632320  1.666588  1.672200  1.667185  1.696260  1.711026  1.672630  1.666756  1.697838  1.704661  1.701782  1.732649  1.757864  1.756055  1.738782  1.702828  1.667218  1.631757  1.662345  1.696856  1.731792  1.766612  1.801286  1.812769  1.813534  1.814772  1.810033  1.777200  1.744610  1.712354  1.678547  1.643971  1.612113  1.580612  1.549648  1.517259  1.482797  1.448341  1.413886  1.376078  1.338433  1.303931  1.270946  1.240312  1.232070  1.236517  1.233097  1.224219  1.185867  1.150480  1.119995  1.111374  1.115977  1.086742  1.053044  1.024126  0.993300  0.959103  0.924918  0.890739  0.856577  0.822420  0.788281  0.754150  0.720032  0.685928  0.651833  0.617758  0.584287  0.557255  0.527958  0.494089  0.464889  0.439105  0.469360  0.506315  0.472834  0.442430  0.418681  0.395607  0.373057  0.342174  0.309321  0.276547  0.243800  0.211116  0.178483  0.145894  0.113387  0.080905  0.048528  0.016185 -0.016074 -0.048265 -0.080397 -0.112422 -0.144413 -0.176260 -0.208065 -0.239752 -0.278703 -0.324447 -0.369971 -0.415305 -0.447264 -0.479177 -0.510959 -0.517469 -0.498860 -0.527636 -0.572399 -0.604917 -0.640279 -0.684877 -0.723616 -0.756166 -0.778897 -0.798044 -0.842916 -0.885324 -0.917310 -0.949185 -0.980936 -1.012495 -1.043979 -1.075171 -1.109531 -1.155871 -1.195308 -1.226508 -1.257436 -1.288248 -1.318631 -1.348887 -1.378715 -1.408268 -1.437470 -1.466163 -1.494624 -1.522259 -1.549645 -1.576160 -1.602134 -1.627375 -1.651583 -1.675287 -1.697290 -1.718777 -1.738405 -1.756947 -1.773929 -1.788874 -1.802754 -1.813426 -1.823165 -1.829544 -1.834255 -1.836414 -1.835804 -1.833645 -1.797784 -1.757359 -1.715026 -1.684429 -1.672985 -1.659804 -1.645586 -1.654773 -1.666656 -1.673124 -1.668586 -1.644883 -1.620240 -1.594999 -1.568665 -1.539849 -1.491079 -1.442291 -1.393472 -1.357608 -1.330535 -1.285286 -1.238479 -1.210856 -1.183015 -1.154738 -1.126129 -1.097279 -1.082453 -1.067984 -1.020711 -0.978887 -0.948685 -0.918285 -0.887730 -0.856920 -0.826034 -0.794882 -0.763653 -0.732247 -0.708102 -0.689895 -0.660478 -0.628189 
Shapelet   5  -1.262280 -1.253609 -1.244049 -1.233527 -1.222526 -1.210340 -1.197611 -1.184190 -1.144315 -1.100199 -1.068125 -1.045137 -1.030446 -1.042284 -1.049661 -1.032426 -1.014619 


; cmd = ShapeletResearch/Execs/FastShapelet UCRArchive_2018//Car/Car_TRAIN.tsv 4 60 578 10 1 10 10 0 1 10 UCRArchive_2018//Car/tree.txt UCRArchive_2018//Car/time.txt
; time =>  223.727   3.895  10.211   0.957 207.956 
