;Shapelet Tree 

;random seed:1551086597, rand()=1750466767, rand()=1726768121
;command = ShapeletResearch/Execs/FastShapelet UCRArchive_2018//UWaveGestureLibraryX/UWaveGestureLibraryX_TRAIN.tsv 8 896 316 10 1 10 10 0 1 10 UCRArchive_2018//UWaveGestureLibraryX/tree.txt UCRArchive_2018//UWaveGestureLibraryX/time.txt 

;Local Class:   0  1  2  3  4  5  6  7 
;Real  Class:   6  5  3  4  8  7  1  2 

;Node ID class   obj  pos  len  dist_th 
TreeSize: 112 
NonL  1    --    728    1  305  26.8112 ==>  59  49 106   2   8 112 116 108  /  52  78   0 108  92   0   6   0 
NonL  2    --      2   84  126   5.9392 ==>  18  28 106   2   8 112 106   1  /  41  21   0   0   0   0  10 107 
NonL  3    --    191    8  297  17.4771 ==>  42  72   0 108  13   0   3   0  /  10   6   0   0  79   0   3   0 
NonL  4    --     11    0  309  18.1561 ==>  10  23 104   1   0  22   1   0  /   8   5   2   1   8  90 105   1 
NonL  5    --     60    5  274  16.6612 ==>   3   1   0   0   0   0   0 105  /  38  20   0   0   0   0  10   2 
NonL  6    --      2   79  186   4.6156 ==>   2   9   0  87  11   0   0   0  /  40  63   0  21   2   0   3   0 
NonL  7    --     26  152  139   4.9839 ==>   0   0   0   0  79   0   1   0  /  10   6   0   0   0   0   2   0 
NonL  8    --      0  160   11   0.2614 ==>   7   2  87   1   0  12   1   0  /   3  21  17   0   0  10   0   0 
NonL  9    --    158    9  301  12.3955 ==>   0   0   0   0   0  67   0   0  /   8   5   2   1   8  23 105   1 
Leaf 10     2    
NonL 11    --     19   27  205  10.7043 ==>   1   1   0   0   0   0   9   1  /  37  19   0   0   0   0   1   1 
NonL 12    --     85    2  312  15.9127 ==>   2   8   0  84   0   0   0   0  /   0   1   0   3  11   0   0   0 
NonL 13    --     31   25  248   8.6289 ==>   2  11   0  19   2   0   1   0  /  38  52   0   2   0   0   2   0 
Leaf 14     8    
NonL 15    --      6   32  260  16.3792 ==>   1   6   0   0   0   0   0   0  /   9   0   0   0   0   0   2   0 
NonL 16    --     83   45   98   4.8618 ==>   3   1   0   0   0   6   0   0  /   4   1  87   1   0   6   1   0 
NonL 17    --     29  113  155   4.0062 ==>   0   5  16   0   0  10   0   0  /   3  16   1   0   0   0   0   0 
Leaf 18     7    
NonL 19    --     23  168  101   3.2416 ==>   0   0   1   1   0   8  74   0  /   8   5   1   0   8  15  31   1 
NonL 22    --      2  182  106   6.3042 ==>   0   0   0   0   0   0   9   0  /   1   1   0   0   0   0   0   1 
NonL 23    --      7  148  158   9.6982 ==>   6  14   0   0   0   0   0   1  /  31   5   0   0   0   0   1   0 
NonL 24    --      3   52  221   4.6354 ==>   2   0   0  75   0   0   0   0  /   0   8   0   9   0   0   0   0 
NonL 25    --      1   76  112   2.4328 ==>   0   0   0   0  11   0   0   0  /   0   1   0   3   0   0   0   0 
NonL 26    --      0  171   17   0.2713 ==>   1   9   0   0   0   0   0   0  /   1   2   0  19   2   0   1   0 
NonL 27    --     74  174  120   4.1120 ==>  29  14   0   2   0   0   2   0  /   9  38   0   0   0   0   0   0 
NonL 30    --      1    0  314   9.1165 ==>   1   0   0   0   0   0   0   0  /   0   6   0   0   0   0   0   0 
NonL 31    --      4    2  140   5.9427 ==>   0   0   0   0   0   0   2   0  /   9   0   0   0   0   0   0   0 
NonL 32    --      0  147   63   2.1617 ==>   0   0   0   0   0   6   0   0  /   3   1   0   0   0   0   0   0 
NonL 33    --     13    0  302  12.7099 ==>   0   1  62   0   0   0   0   0  /   4   0  25   1   0   6   1   0 
NonL 34    --      1   64   53   0.7831 ==>   0   1  15   0   0   0   0   0  /   0   4   1   0   0  10   0   0 
NonL 35    --      0   90   11   0.1247 ==>   3   0   0   0   0   0   0   0  /   0  16   1   0   0   0   0   0 
NonL 38    --     13   31  259   4.7077 ==>   0   0   0   0   0   4   0   0  /   0   0   1   1   0   4  74   0 
NonL 39    --     40   72  151   5.8788 ==>   5   0   1   0   8   1   4   0  /   3   5   0   0   0  14  27   1 
Leaf 44     1    
NonL 45    --      0    0   19   2.1794 ==>   1   1   0   0   0   0   0   0  /   0   0   0   0   0   0   0   1 
NonL 46    --      6   18   91   3.1517 ==>   4   0   0   0   0   0   0   0  /   2  14   0   0   0   0   0   1 
NonL 47    --     23    4  256  20.0183 ==>  28   0   0   0   0   0   0   0  /   3   5   0   0   0   0   1   0 
Leaf 48     4    
NonL 49    --      3   12   99   3.3111 ==>   0   0   0   7   0   0   0   0  /   0   8   0   2   0   0   0   0 
Leaf 50     8    
NonL 51    --      2   82  182   2.8157 ==>   0   1   0   0   0   0   0   0  /   0   0   0   3   0   0   0   0 
Leaf 52     5    
NonL 53    --      0   89   26   0.4599 ==>   1   0   0   0   2   0   0   0  /   0   2   0  19   0   0   1   0 
NonL 54    --      2    8  126   3.0534 ==>   2   9   0   2   0   0   2   0  /  27   5   0   0   0   0   0   0 
NonL 55    --     19   26  131   8.2581 ==>   3  38   0   0   0   0   0   0  /   6   0   0   0   0   0   0   0 
Leaf 60     6    
Leaf 61     5    
Leaf 62     1    
Leaf 63     6    
Leaf 64     7    
Leaf 65     6    
Leaf 66     3    
Leaf 67     3    
Leaf 68     3    
Leaf 69     7    
Leaf 70     6    
Leaf 71     5    
Leaf 76     7    
Leaf 77     1    
Leaf 78     8    
Leaf 79     1    
Leaf 90     6    
Leaf 91     2    
Leaf 92     6    
Leaf 93     5    
Leaf 94     6    
Leaf 95     5    
Leaf 98     4    
Leaf 99     5    
Leaf 102     5    
Leaf 103     4    
Leaf 106     8    
Leaf 107     4    
Leaf 108     5    
Leaf 109     6    
Leaf 110     5    
Leaf 111     6    

;Shapelet id   <data>
Shapelet   1  -0.758331 -0.758331 -0.758331 -0.758331 -0.758331 -0.758331 -0.758331 -0.758331 -0.758331 -0.758331 -0.758331 -0.758331 -0.758331 -0.758331 -0.758331 -0.758331 -0.758331 -0.758331 -0.758331 -0.758331 -0.758331 -0.758331 -0.758331 -0.758331 -0.758331 -0.758331 -0.758331 -0.758331 -0.758331 -0.758331 -0.758331 -0.758331 -0.758331 -0.758331 -0.758331 -0.758331 -0.758331 -0.758331 -0.758331 -0.758331 -0.758331 -0.758331 -0.758331 -0.758331 -0.758331 -0.758331 -0.758331 -0.758331 -0.758331 -0.758331 -0.758331 -0.758331 -0.760486 -0.771074 -0.806565 -0.847740 -0.888916 -0.930091 -0.971266 -1.012441 -1.053617 -1.094792 -1.128097 -1.152438 -1.173025 -1.193613 -1.208735 -1.211676 -1.202436 -1.192142 -1.182348 -1.175583 -1.173907 -1.173907 -1.173907 -1.175053 -1.181554 -1.191848 -1.202142 -1.212436 -1.218938 -1.220083 -1.220083 -1.220083 -1.220083 -1.220083 -1.220083 -1.220083 -1.220434 -1.224846 -1.233318 -1.243611 -1.253905 -1.264199 -1.274493 -1.284787 -1.295081 -1.305374 -1.322748 -1.353041 -1.383901 -1.414783 -1.442822 -1.458409 -1.469781 -1.480075 -1.490369 -1.500663 -1.510956 -1.521250 -1.531544 -1.539339 -1.543308 -1.543308 -1.543308 -1.542907 -1.539484 -1.529191 -1.518897 -1.508603 -1.495140 -1.459258 -1.419489 -1.378313 -1.337138 -1.295963 -1.254788 -1.213612 -1.172437 -1.125239 -1.071263 -1.009500 -0.947738 -0.885064 -0.819800 -0.747743 -0.675687 -0.603630 -0.530990 -0.449522 -0.367461 -0.285110 -0.202760 -0.114100 -0.023059  0.069585  0.162230  0.248044  0.327519  0.399576  0.471632  0.541066  0.605746  0.657215  0.708684  0.760153  0.811622  0.842504  0.873385  0.904267  0.935148  0.966030  0.996911  1.027793  1.058674  1.085846  1.109849  1.130436  1.151024  1.170008  1.186611  1.196905  1.207199  1.217204  1.226615  1.227198  1.227198  1.227198  1.227198  1.220405  1.211022  1.200729  1.190435  1.184035  1.181023  1.181023  1.181023  1.184594  1.193376  1.213964  1.234551  1.255139  1.275727  1.296315  1.316902  1.337490  1.358077  1.371794  1.382488  1.392782  1.403075  1.409400  1.411899  1.411899  1.411899  1.410040  1.405040  1.394840  1.384547  1.373714  1.360774  1.341607  1.321020  1.300401  1.278931  1.238081  1.186612  1.135142  1.083673  1.036139  0.993088  0.951912  0.910737  0.869562  0.828387  0.787211  0.746036  0.705860  0.671744  0.647804  0.627216  0.606628  0.588331  0.580747  0.580747  0.580747  0.580747  0.584539  0.593688  0.603981  0.614275  0.624569  0.634863  0.645157  0.655451  0.665393  0.671275  0.673097  0.673097  0.673097  0.671221  0.664862  0.654568  0.644274  0.633981  0.627226  0.626932  0.626922  0.626922  0.624080  0.608786  0.589276  0.568688  0.548194  0.532901  0.520749  0.510455  0.500161  0.489867  0.479573  0.469280  0.458986  0.449093  0.442222  0.442222  0.442222  0.442222  0.442222  0.442222  0.442222  0.442222  0.442222  0.442222  0.442222  0.442222  0.442222  0.445233  0.451633  0.461927  0.472221  0.485247  0.506043  0.547218  0.588394  0.629569  0.671910  0.731908  0.793094  0.854856  0.916619  0.978382  1.040145  1.101908  1.163671  1.211775 
Shapelet   2  -1.817105 -1.890226 -1.959316 -1.863130 -1.773779 -1.721760 -1.673807 -1.636020 -1.583510 -1.510389 -1.437268 -1.364146 -1.291025 -1.217904 -1.144982 -1.072106 -1.033384 -0.999119 -0.994702 -0.991180 -0.991180 -0.998786 -1.021606 -1.050805 -1.087366 -1.115893 -1.138958 -1.138859 -1.130025 -1.097426 -1.060865 -1.024305 -0.987744 -0.951184 -0.914623 -0.878063 -0.851691 -0.841876 -0.848390 -0.870474 -0.901864 -0.938424 -0.955238 -0.966280 -0.934253 -0.897693 -0.861132 -0.824571 -0.788011 -0.751450 -0.714890 -0.665184 -0.597952 -0.541978 -0.494866 -0.440300 -0.382392 -0.325693 -0.269257 -0.231750 -0.195803 -0.166604 -0.143083 -0.140384 -0.125995 -0.089434 -0.052873 -0.016313  0.038423  0.104919  0.157651  0.205498  0.261449  0.318621  0.391742  0.463385  0.525219  0.580434  0.616995  0.652784  0.687382  0.703857  0.703857  0.748199  0.815922  0.842002  0.856724  0.857951  0.859844  0.899594  0.948020  1.036355  1.137828  1.268612  1.406745  1.554214  1.597225  1.561891  1.551375  1.551375  1.523770  1.490645  1.426760  1.365499  1.339980  1.324563  1.343702  1.363892  1.385976  1.402071  1.411886  1.441448  1.483161  1.547326  1.618975  1.595297  1.559122  1.554950  1.547414  1.519687  1.489541  1.452980  1.423868  1.405711  1.382558  1.355077 
Shapelet   3   1.007703  1.007703  1.007703  1.007703  1.007703  1.007703  1.007703  1.007703  1.007703  1.007703  1.007703  1.007703  1.007703  1.007703  1.007703  1.007703  1.007703  1.007703  1.007703  1.007703  1.007703  1.007703  1.007703  1.007703  1.007703  1.007703  1.007703  1.007703  1.007703  1.007703  1.007703  1.007703  1.007703  1.007703  1.007703  1.007703  1.007703  1.007703  1.007703  1.007703  1.007703  1.007703  1.007703  1.007703  1.007703  1.007703  1.007703  1.007703  1.007703  1.007703  1.007703  1.007703  1.007703  1.007703  1.007703  1.007703  1.007703  1.007703  1.007703  1.007703  1.007703  1.019924  1.034667  1.088788  1.155129  1.221471  1.287813  1.354154  1.420496  1.465707  1.494700  1.520254  1.542368  1.564482  1.586596  1.608710  1.630823  1.652937  1.675051  1.697165  1.719279  1.740048  1.754299  1.760067  1.693725  1.627384  1.561042  1.494700  1.428359  1.362017  1.281398  1.199331  1.111884  1.023429  0.934973  0.846517  0.768537  0.694824  0.640121  0.595893  0.551665  0.507437  0.463210  0.418982  0.393661  0.391695  0.390480  0.390480  0.390480  0.390480  0.396868  0.422422  0.451416  0.495643  0.539871  0.584099  0.627861  0.663244  0.698626  0.699091  0.699091  0.699091  0.699091  0.699091  0.699091  0.699091  0.699091  0.699091  0.699091  0.699091  0.699091  0.687452  0.667796  0.635207  0.590979  0.546751  0.502523  0.457132  0.409955  0.349200  0.260745  0.172289  0.083834 -0.004622 -0.093078 -0.177524 -0.235512 -0.292594 -0.336822 -0.381050 -0.425278 -0.469505 -0.513733 -0.557961 -0.602189 -0.646417 -0.690644 -0.734872 -0.779100 -0.823328 -0.839855 -0.842804 -0.843967 -0.843967 -0.843967 -0.843967 -0.832329 -0.807758 -0.775169 -0.730941 -0.686713 -0.642485 -0.599344 -0.559047 -0.522579 -0.500465 -0.478351 -0.456237 -0.434123 -0.412009 -0.390361 -0.403629 -0.416898 -0.438546 -0.460660 -0.482774 -0.504888 -0.534619 -0.566069 -0.607103 -0.651331 -0.695559 -0.739786 -0.784014 -0.828242 -0.872470 -0.916698 -0.960925 -1.005153 -1.049381 -1.093609 -1.127362 -1.142104 -1.152579 -1.152579 -1.152579 -1.152579 -1.152579 -1.152579 -1.152579 -1.152579 -1.152579 -1.152579 -1.152579 -1.152579 -1.152579 -1.116524 -1.076228 -1.032673 -0.988445 -0.944217 -0.899989 -0.863986 -0.831553 -0.805637 -0.783523 -0.761409 -0.739295 -0.717181 -0.695067 -0.672953 -0.650839 -0.628726 -0.606612 -0.584498 -0.562384 -0.540270 -0.518156 -0.496042 -0.473928 -0.451814 -0.429700 -0.407936 -0.394667 -0.381399 -0.381050 -0.381050 -0.381050 -0.381050 -0.381878 -0.382860 -0.417415 -0.461643 -0.505871 -0.550098 -0.594326 -0.638554 -0.682782 -0.727010 -0.771237 -0.815465 -0.859693 -0.903921 -0.950399 -1.000524 -1.055770 -1.122111 -1.188453 -1.254795 -1.321136 -1.387478 -1.451492 -1.498177 -1.544733 -1.588960 -1.633188 -1.677416 -1.721644 -1.745051 -1.766673 -1.769803 -1.769803 -1.769803 -1.769803 -1.765535 -1.759638 -1.728523 -1.684296 -1.640068 -1.595840 -1.551612 -1.507385 -1.463157 -1.418929 -1.374701 -1.330473 -1.286246 
Shapelet   4  -0.690376 -0.690376 -0.690376 -0.690376 -0.690376 -0.690376 -0.690376 -0.690376 -0.690376 -0.690376 -0.690376 -0.690376 -0.690376 -0.690376 -0.690376 -0.690376 -0.690376 -0.690376 -0.690376 -0.690376 -0.690376 -0.690376 -0.690376 -0.690376 -0.690376 -0.690376 -0.690376 -0.690376 -0.690376 -0.690376 -0.690376 -0.690376 -0.690376 -0.690376 -0.690376 -0.690376 -0.690376 -0.690376 -0.713590 -0.740423 -0.767985 -0.789297 -0.804250 -0.804250 -0.804250 -0.806685 -0.823730 -0.847043 -0.874605 -0.902167 -0.929729 -0.957290 -0.984852 -1.012414 -1.039976 -1.067538 -1.095099 -1.122661 -1.137403 -1.145871 -1.145871 -1.145871 -1.149169 -1.174917 -1.201720 -1.229282 -1.256843 -1.284405 -1.311967 -1.339529 -1.367090 -1.394652 -1.422214 -1.449776 -1.477338 -1.524032 -1.577430 -1.632554 -1.674032 -1.701458 -1.673896 -1.646335 -1.618773 -1.591211 -1.563649 -1.536088 -1.508526 -1.480964 -1.453402 -1.425841 -1.398279 -1.370717 -1.343155 -1.315593 -1.288032 -1.260470 -1.232908 -1.205346 -1.177785 -1.150344 -1.147443 -1.145871 -1.145871 -1.151489 -1.165454 -1.193016 -1.220578 -1.248140 -1.275701 -1.303263 -1.330825 -1.358387 -1.339986 -1.293834 -1.238711 -1.183587 -1.128463 -1.073340 -1.018216 -0.963093 -0.907969 -0.852846 -0.797722 -0.742599 -0.693606 -0.662418 -0.633802 -0.606240 -0.578679 -0.551117 -0.523555 -0.495993 -0.468432 -0.440870 -0.413308 -0.385746 -0.358185 -0.330623 -0.303061 -0.275499 -0.251939 -0.234882 -0.234882 -0.234882 -0.234882 -0.234882 -0.234882 -0.234882 -0.234882 -0.246658 -0.269868 -0.297259 -0.318968 -0.332386 -0.286379 -0.231255 -0.176132 -0.131666 -0.093447 -0.065885 -0.038323 -0.010761  0.016801  0.044362  0.071924  0.099486  0.127048  0.154609  0.182171  0.209733  0.237295  0.264856  0.292418  0.319980  0.347542  0.375104  0.402665  0.430227  0.457789  0.485351  0.512912  0.539831  0.541282  0.528869  0.501308  0.473746  0.463184  0.479866  0.505659  0.531113  0.551422  0.536122  0.508561  0.480999  0.453437  0.425875  0.398313  0.370752  0.343404  0.337602  0.334486  0.334486  0.334486  0.334486  0.334486  0.334486  0.341289  0.365950  0.412820  0.467943  0.523067  0.564594  0.597774  0.625335  0.652897  0.680459  0.708021  0.735582  0.763144  0.790706  0.818268  0.845830  0.873391  0.895462  0.901989  0.903854  0.903854  0.903854  0.903854  0.903854  0.903854  0.903854  0.903854  0.903854  0.903854  0.903854  0.922184  0.945197  0.972759  0.998595  1.017728  1.017728  1.017728  1.019445  1.030687  1.051818  1.079379  1.106941  1.124098  1.131352  1.131602  1.132361  1.134174  1.158438  1.186000  1.213562  1.241123  1.268685  1.296247  1.323809  1.348619  1.356235  1.359349  1.359349  1.359349  1.359349  1.359349  1.359349  1.355101  1.344584  1.319457  1.291895  1.264333  1.266677  1.281741  1.309303  1.336135  1.359349  1.359349  1.359349  1.359949  1.380258  1.417374  1.472497  1.527621  1.567784  1.584466  1.587096  1.587096  1.587096  1.587096  1.587096  1.587096  1.574266  1.550831  1.495707  1.440584  1.386017  1.368610  1.359349  1.359349  1.359349  1.359349  1.359349  1.359349  1.356701  1.347272  1.324534  1.296972 
Shapelet   5  -0.179957 -0.179957 -0.179957 -0.179957 -0.179957 -0.179957 -0.179957 -0.179957 -0.179957 -0.179957 -0.179957 -0.193263 -0.255941 -0.295921 -0.309049 -0.312936 -0.312936 -0.312936 -0.312936 -0.312936 -0.308918 -0.299813 -0.280376 -0.256237 -0.285832 -0.319289 -0.352746 -0.386202 -0.419659 -0.436507 -0.445189 -0.427292 -0.404836 -0.371380 -0.337923 -0.304466 -0.271010 -0.237553 -0.206382 -0.179957 -0.179957 -0.167618 -0.136067 -0.120565 -0.114212 -0.093468 -0.069423 -0.035966 -0.002509  0.030947  0.058627  0.082766  0.086003  0.085908  0.085061  0.060593 -0.006321 -0.090993 -0.187340 -0.265885 -0.338513 -0.384887 -0.421374 -0.438738 -0.452748 -0.464394 -0.494196 -0.529805 -0.590790 -0.751261 -1.119285 -1.288215 -1.306849 -1.354845 -1.410231 -1.477144 -1.544058 -1.610972 -1.685615 -1.766503 -1.855343 -1.944887 -2.006718 -2.059938 -2.092125 -2.089106 -2.055649 -2.022192 -1.986624 -1.877573 -1.750377 -1.575047 -1.378044 -1.160999 -0.939902 -0.717805 -0.517065 -0.316324 -0.115584  0.085156  0.285896  0.510572  0.743287  0.977475  1.189494  1.331367  1.444012  1.525748  1.586253  1.638979  1.682389  1.728520  1.784846  1.814342  1.813495  1.789329  1.755873  1.665037  1.570379  1.470009  1.369638  1.269268  1.191966  1.124629  1.089280  1.055823  1.022367  0.988910  0.955453  0.921997  0.888540  0.855083  0.821626  0.788170  0.754713  0.721256  0.675271  0.622968  0.570473  0.520940  0.487483  0.456241  0.428290  0.418452  0.418452  0.418452  0.414253  0.384184  0.352809  0.319353  0.299263  0.286982  0.300145  0.318929  0.352386  0.382954  0.408576  0.416370  0.412982  0.383725  0.353707  0.352648  0.351962  0.351962  0.309812  0.239299  0.111446 -0.027001 -0.165063 -0.283677 -0.363719 -0.416695 -0.450151 -0.482557 -0.512406 -0.512406 -0.512406 -0.512406 -0.512406 -0.512406 -0.529731 -0.550845 -0.567362 -0.582665 -0.595158 -0.614723 -0.640133 -0.639674 -0.630140 -0.563226 -0.487022 -0.387499 -0.287526 -0.187156 -0.068370  0.055073  0.150361  0.238040  0.304954  0.366534  0.423072  0.462073  0.495530  0.528986  0.562443  0.595900  0.629356  0.662813  0.696270  0.729726  0.763183  0.792615  0.808920  0.823495  0.836201  0.863977  0.897433  0.934595  0.978322  1.045236  1.112149  1.179062  1.245976  1.312889  1.402661  1.483665  1.525592  1.555499  1.570534  1.605664  1.649708  1.709453  1.765190  1.798646  1.832103  1.865560  1.899017  1.932473  1.917523  1.888742  1.811664  1.724957  1.624587  1.507187  1.380983  1.232932  1.088913  0.980497  0.848731  0.681447  0.429274  0.129858 -0.196456 -0.520332 -0.806620 -1.085828 -1.353482 -1.563899 -1.740076 -1.802206 -1.841459 -1.835106 -1.818911 -1.785454 -1.751998 -1.718541 -1.737935 -1.766820 -1.800277 -1.826106 -1.837541 -1.852612 -1.870187 -1.879067 
Shapelet   6   1.212289  1.214104  1.198867  1.182934  1.165293  1.142597  1.110730  1.078863  1.046997  1.024137  1.008071  0.992138  0.976205  0.949641  0.919127  0.887260  0.856955  0.833559  0.817275  0.801342  0.785408  0.769475  0.753542  0.737609  0.721675  0.705742  0.689809  0.673876  0.657942  0.642009  0.626076  0.610142  0.594209  0.578276  0.562342  0.546409  0.530476  0.514543  0.498609  0.482676  0.466743  0.450809  0.434876  0.418943  0.403010  0.399953  0.399581  0.399581  0.397676  0.386382  0.370740  0.354806  0.342510  0.336251  0.336251  0.336251  0.333103  0.322536  0.306603  0.290670  0.274737  0.258803  0.242870  0.226937  0.213046  0.209819  0.209592  0.209592  0.201121  0.179742  0.147875  0.116009  0.092556  0.082932  0.082932  0.082790  0.080974  0.067200  0.051267  0.035334  0.019401  0.003467 -0.012466 -0.028399 -0.044333 -0.060266 -0.076199 -0.092132 -0.108066 -0.123999 -0.139932 -0.156093 -0.175254 -0.205077 -0.236944 -0.268810 -0.300677 -0.332544 -0.364410 -0.396277 -0.428143 -0.460010 -0.491876 -0.523743 -0.549351 -0.568921 -0.584854 -0.601079 -0.621651 -0.651613 -0.683479 -0.714602 -0.740355 -0.740355 -0.740355 -0.740355 -0.746254 -0.760120 -0.776054 -0.791987 -0.800669 -0.803685 -0.803685 -0.804017 -0.810068 -0.824257 -0.840190 -0.856124 -0.872057 -0.887990 -0.903923 -0.919857 -0.929381 -0.930344 -0.930344 -0.930344 -0.922123 -0.908562 -0.892629 -0.877047 -0.868576 -0.867015 -0.867015 -0.868367 -0.873670 -0.889604 -0.905537 -0.921470 -0.937403 -0.953337 -0.969270 -0.985203 -0.991967 -0.993674 -0.993674 -0.993674 -0.993674 -0.993674 -0.993674 -0.991865 -0.985405 -0.969472 -0.953538 -0.939706 -0.939017 -0.954950 -0.970884 -0.986817 -0.992654 -0.993674 -0.993674 -0.993997 -1.004283 -1.019087 -1.035020 -1.050953 -1.066887 -1.082820 -1.098753 -1.114687 -1.130620 -1.146553 -1.162486 -1.178420 -1.172352 -1.157041 
Shapelet   7   0.994762  0.998240  1.009268  1.023199  1.020497  1.009410  0.996400  0.987583  0.987082  0.985129  0.979402  0.964470  0.948947  0.926783  0.896918  0.867052  0.837187  0.807322  0.777457  0.757563  0.740766  0.725833  0.710900  0.695968  0.678670  0.657712  0.627847  0.599575  0.576649  0.561717  0.546784  0.540947  0.540527  0.540527  0.530138  0.516777  0.503174  0.497201  0.495871  0.490789  0.477668  0.447802  0.420297  0.397316  0.382383  0.365878  0.333746  0.288948  0.244150  0.209923  0.179016  0.148471  0.108224  0.064817  0.020019 -0.024778 -0.069576 -0.111483 -0.149216 -0.179082 -0.210855 -0.248909 -0.293707 -0.338505 -0.372787 -0.402928 -0.432793 -0.485854 -0.543152 -0.602883 -0.662613 -0.722343 -0.778888 -0.831138 -0.875936 -0.915146 -0.943914 -0.958847 -0.973779 -0.988712 -1.003645 -1.018577 -1.021612 -1.022417 -1.025726 -1.046774 -1.074752 -1.104617 -1.134483 -1.164348 -1.194213 -1.224078 -1.253943 -1.281559 -1.302012 -1.316945 -1.331877 -1.358772 -1.388479 -1.418344 -1.448209 -1.478074 -1.517143 -1.574740 -1.648733 -1.723396 -1.798058 -1.872721 -1.947384 -2.022047 -2.096471 -2.168859 -2.221006 -2.265804 -2.310602 -2.315645 -2.317428 -2.314773 -2.304107 -2.289696 -2.266695 -2.233947 -2.189149 -2.140330 -2.086470 -2.026684 -1.964394 -1.894053 -1.819391 -1.744728 -1.656631 -1.567101 -1.473493 -1.359721 -1.241428 -1.114016 -0.975202 -0.825876 -0.681103 
Shapelet   8  -1.206120 -1.185998 -1.126529 -1.069048 -1.025191 -0.995457 -0.965723 -0.935989 -0.906255 -0.876521 -0.833398 
Shapelet   9   1.101490  1.211659  1.234947  1.234947  1.234947  1.234947  1.234947  1.234947  1.234947  1.234947  1.234947  1.234947  1.234947  1.242142  1.266838  1.322648  1.343761  1.348740  1.348740  1.348740  1.348740  1.348740  1.348740  1.349842  1.362164  1.387155  1.402420  1.403846  1.396960  1.369397  1.341492  1.313588  1.285683  1.257778  1.218736  1.168990  1.105403  1.025834  0.949368  0.888856  0.833046  0.777237  0.721427  0.665618  0.601111  0.526457  0.439979  0.331984  0.220954  0.109335 -0.002284 -0.113885 -0.223330 -0.313947 -0.385452 -0.437163 -0.465068 -0.537450 -0.613734 -0.682507 -0.738317 -0.794126 -0.851957 -0.923503 -1.007217 -1.090931 -1.174646 -1.241080 -1.295130 -1.339900 -1.367804 -1.395709 -1.423614 -1.451518 -1.479423 -1.507328 -1.535233 -1.550969 -1.552990 -1.552990 -1.552990 -1.552990 -1.552990 -1.552990 -1.552990 -1.552990 -1.552990 -1.552990 -1.552990 -1.561977 -1.584520 -1.612424 -1.639740 -1.664020 -1.666784 -1.666784 -1.666784 -1.663814 -1.611628 -1.563968 -1.526898 -1.489588 -1.420370 -1.344947 -1.301485 -1.273581 -1.245676 -1.217771 -1.189866 -1.161962 -1.134057 -1.106152 -1.078247 -1.050343 -1.022438 -0.994533 -0.966628 -0.938724 -0.893813 -0.842331 -0.798113 -0.770208 -0.759513 -0.753947 -0.743390 -0.715486 -0.687581 -0.659676 -0.631772 -0.603867 -0.575962 -0.548057 -0.520153 -0.492248 -0.464343 -0.436438 -0.408534 -0.380629 -0.346902 -0.291455 -0.245834 -0.212113 -0.192656 -0.186895 -0.181459 -0.157391 -0.129486 -0.101581 -0.073677 -0.045772 -0.017867  0.010038  0.041778  0.092152  0.147387  0.203196  0.253190  0.291259  0.319164  0.347069  0.374974  0.402878  0.430783  0.436785  0.442601  0.457601  0.485505  0.513410  0.541315  0.569220  0.597124  0.625029  0.652934  0.680839  0.708743  0.736648  0.764553  0.792458  0.819664  0.836670  0.838874  0.863517  0.913499  0.944029  0.952255  0.959141  0.986704  1.014608  1.041888  1.064257  1.064257  1.075394  1.097235  1.125140  1.153045  1.180950  1.208854  1.245925  1.293983  1.347980  1.377370  1.405275  1.433180  1.450030  1.380812  1.305827  1.241108  1.190661  1.153805  1.130249  1.144347  1.178357  1.222263  1.278072  1.289404  1.286853  1.271912  1.244007  1.216102  1.186176  1.142535  1.090085  1.048046  1.019682  0.991777  0.967328  0.950464  0.950464  0.933599  0.907453  0.868924  0.813574  0.771898  0.740635  0.700561  0.646773  0.590964  0.535154  0.492309  0.458193  0.424622  0.368813  0.313003  0.257194  0.208288  0.178209  0.150286  0.122381  0.076657  0.005689 -0.078025 -0.161740 -0.236394 -0.300901 -0.356710 -0.412520 -0.468329 -0.524139 -0.575246 -0.610399 -0.634865 -0.642643 -0.654771 -0.688306 -0.744115 -0.844662 -0.932757 -0.984024 -0.984365 -1.005384 -1.034715 -1.077885 -1.127867 -1.152510 -1.154713 -1.154713 -1.154713 -1.154713 -1.154713 -1.154713 -1.152224 -1.141667 -1.113762 -1.101414 -1.097817 -1.086326 -1.059040 -1.031135 -1.003231 -0.975326 -0.947421 -0.919517 -0.891612 -0.863707 -0.835802 -0.802076 -0.746628 -0.701007 -0.667287 -0.630935 -0.580311 
Shapelet  11   0.378329  0.378329  0.378329  0.378329  0.378329  0.378329  0.378329  0.378329  0.378329  0.378329  0.378329  0.378329  0.378329  0.366532  0.350802  0.331664  0.310953  0.290242  0.269531  0.248820  0.228109  0.225777  0.242818  0.261404  0.282115  0.302826  0.323537  0.343110  0.359888  0.363648  0.322226  0.278983  0.226026  0.166501  0.042235 -0.081445 -0.183427 -0.285408 -0.309327 -0.330038 -0.334564 -0.337186 -0.303298 -0.261876 -0.226256 -0.192437 -0.167759 -0.147048 -0.126337 -0.105626 -0.084915 -0.064204 -0.048867 -0.038905 -0.033268 -0.033268 -0.024189  0.000454  0.030175  0.071597  0.119601  0.188812  0.260355  0.343199  0.422787  0.474695  0.526190  0.567612  0.609034  0.633863  0.658245  0.679294  0.700005  0.736390  0.775715  0.816668  0.858090  0.870825  0.871874  0.870894  0.868797  0.843933  0.802511  0.761089  0.719667  0.678245  0.636823  0.597002  0.559774  0.527763  0.507052  0.486341  0.465630  0.444919  0.424208  0.404366  0.390996  0.378329  0.378329  0.378329  0.378329  0.378329  0.378329  0.378329  0.369360  0.358874  0.340315  0.319604  0.298893  0.278182  0.257472  0.236761  0.224122  0.217043  0.213690  0.213690  0.213690  0.213690  0.213690  0.213690  0.219209  0.235988  0.253801  0.274512  0.291601  0.293961  0.296010  0.296010  0.296010  0.296010  0.296010  0.297583  0.299156  0.337956  0.379378  0.422849  0.466630  0.525141  0.587274  0.652304  0.718370  0.795694  0.878538  0.958050  1.035388  1.104524  1.166657  1.225437  1.280491  1.329985  1.371407  1.409869  1.442640  1.472078  1.492789  1.515652  1.546588  1.579041  1.620463  1.661885  1.703307  1.744729  1.786151  1.827573  1.868994  1.910416  1.951838  1.993260  2.010301  2.021836  2.024720  2.024720  1.956916  1.857818  1.743156  1.618890  1.484627  1.342272  1.198641  1.053664  0.908687  0.763710  0.618361  0.472336  0.314623  0.128225 -0.058174 -0.244573 -0.430972 -0.617370 -0.803093 -0.982151 -1.160312 -1.305289 -1.450266 -1.590207 -1.729940 -1.855834 -1.980100 -2.087414 -2.191231 -2.263237 -2.325370 -2.393353 -2.463876 
Shapelet  12   1.181291  1.181291  1.181291  1.181291  1.181291  1.181291  1.181291  1.181291  1.181291  1.181291  1.181291  1.181291  1.181291  1.181291  1.181291  1.181291  1.181291  1.181291  1.181291  1.181291  1.181291  1.181291  1.181291  1.181291  1.181291  1.181291  1.181291  1.181291  1.181291  1.181291  1.181291  1.181291  1.181291  1.181291  1.181291  1.181291  1.181291  1.181291  1.181291  1.181291  1.181291  1.181291  1.181291  1.181291  1.181291  1.181291  1.181291  1.181291  1.181291  1.181291  1.181291  1.181291  1.181291  1.181291  1.181291  1.181291  1.181291  1.181291  1.181291  1.181291  1.181291  1.181291  1.181291  1.181291  1.181291  1.181291  1.181291  1.181291  1.181291  1.181291  1.181291  1.181291  1.181291  1.181291  1.181291  1.181291  1.181291  1.181291  1.181291  1.181291  1.181291  1.181291  1.181291  1.181291  1.181291  1.181291  1.181291  1.181291  1.181291  1.181291  1.181291  1.181291  1.176767  1.169162  1.158477  1.145803  1.133129  1.120455  1.104251  1.086000  1.063167  1.037819  1.012470  0.987122  0.961773  0.936425  0.911076  0.885728  0.860379  0.835031  0.809682  0.784334  0.758985  0.733637  0.708288  0.682940  0.657591  0.632242  0.606894  0.581545  0.556197  0.530848  0.505500  0.480151  0.446717  0.411229  0.373688  0.335665  0.297642  0.259620  0.228374  0.198462  0.172421  0.147072  0.121724  0.096375  0.076340  0.057075  0.043650  0.030976  0.018302  0.005628 -0.007047 -0.019721 -0.032395 -0.045069 -0.057744 -0.070418 -0.083092 -0.095766 -0.108441 -0.121115 -0.133789 -0.146463 -0.159138 -0.171812 -0.197160 -0.222509 -0.247857 -0.273206 -0.298554 -0.323903 -0.349251 -0.374600 -0.399948 -0.425297 -0.450645 -0.475339 -0.492069 -0.508440 -0.521114 -0.533788 -0.546463 -0.559137 -0.571811 -0.584485 -0.597160 -0.609834 -0.622508 -0.635182 -0.647857 -0.660531 -0.673205 -0.685879 -0.698554 -0.710747 -0.720886 -0.728972 -0.728972 -0.728972 -0.728972 -0.728972 -0.728972 -0.728972 -0.728972 -0.728972 -0.728972 -0.728972 -0.728972 -0.725866 -0.714713 -0.703116 -0.690442 -0.677768 -0.665094 -0.649532 -0.627732 -0.604764 -0.579416 -0.554067 -0.528719 -0.508401 -0.497248 -0.490189 -0.490189 -0.490189 -0.490189 -0.488200 -0.483130 -0.474980 -0.462306 -0.449631 -0.436957 -0.425592 -0.415960 -0.410595 -0.410595 -0.410595 -0.410595 -0.411070 -0.412084 -0.418706 -0.431380 -0.444055 -0.456729 -0.469403 -0.482077 -0.506855 -0.542850 -0.579923 -0.617945 -0.655968 -0.693991 -0.732014 -0.770037 -0.808059 -0.846082 -0.884105 -0.922127 -0.955626 -0.986044 -1.013382 -1.038731 -1.064079 -1.089428 -1.111247 -1.131018 -1.146208 -1.158883 -1.171557 -1.184231 -1.196905 -1.209579 -1.222254 -1.234928 -1.247602 -1.260276 -1.271872 -1.283026 -1.286132 -1.286132 -1.286132 -1.286132 -1.286132 -1.286132 -1.295373 -1.307540 -1.320099 -1.332773 -1.345447 -1.358121 -1.362710 -1.365245 -1.365726 -1.365726 -1.365726 -1.365726 -1.379279 -1.395503 -1.419465 -1.444813 -1.470162 -1.495510 -1.515545 -1.534810 -1.548235 -1.560910 -1.573584 -1.586258 -1.598932 -1.611607 -1.624281 -1.636955 -1.649629 -1.662304 -1.674978 -1.687652 -1.700326 -1.713001 -1.725675 -1.738349 -1.751023 
Shapelet  13   0.236125  0.236125  0.236125  0.236125  0.236125  0.236125  0.236125  0.236125  0.236125  0.236125  0.236125  0.236125  0.236125  0.236125  0.236125  0.236125  0.236125  0.236125  0.236125  0.236125  0.236125  0.236125  0.236125  0.236125  0.236125  0.236125  0.236125  0.238208  0.245041  0.253207  0.263456  0.273706  0.283955  0.310303  0.349251  0.389523  0.430520  0.467018  0.501865  0.516614  0.526864  0.537113  0.547362  0.562336  0.577768  0.598267  0.618766  0.639264  0.657930  0.670912  0.682994  0.693244  0.703493  0.713742  0.734241  0.764989  0.795737  0.826485  0.857233  0.887981  0.918729  0.949476  0.980224  1.010972  1.046786  1.083058  1.124056  1.165053  1.206050  1.244047  1.268646  1.292144  1.312642  1.332899  1.352715  1.368330  1.378580  1.388829  1.399079  1.415578  1.436076  1.470824  1.511821  1.552818  1.593815  1.629488  1.664336  1.695284  1.726032  1.756780  1.786444  1.808310  1.829891  1.850390  1.870888  1.891387  1.911886  1.932384  1.952883  1.973381  1.989380  2.001679  2.006179  2.006179  2.006179  2.006179  1.984181  1.956849  1.917352  1.876355  1.835358  1.790277  1.682318  1.573659  1.460917  1.344850  1.217758  1.072468  0.887981  0.703493  0.519006  0.334518  0.150031 -0.034456 -0.218944 -0.403431 -0.587919 -0.722084 -0.838926 -0.935370 -1.027613 -1.119857 -1.212101 -1.232600 -1.253098 -1.273597 -1.292229 -1.301795 -1.303661 -1.283163 -1.262664 -1.242166 -1.224000 -1.208968 -1.196385 -1.186136 -1.175887 -1.165637 -1.160988 -1.158938 -1.158463 -1.158463 -1.160796 -1.163529 -1.202193 -1.243190 -1.284188 -1.324435 -1.358599 -1.390097 -1.410596 -1.431094 -1.451593 -1.474341 -1.500989 -1.529487 -1.560235 -1.590983 -1.621731 -1.635905 -1.640005 -1.641205 -1.641205 -1.641205 -1.641205 -1.641205 -1.641205 -1.641205 -1.640805 -1.632605 -1.622756 -1.602257 -1.581759 -1.561260 -1.536595 -1.502431 -1.465600 -1.424603 -1.383606 -1.342609 -1.301611 -1.260614 -1.219617 -1.178620 -1.139123 -1.100175 -1.067927 -1.037179 -1.006432 -0.975684 -0.949661 -0.924096 -0.903597 -0.883098 -0.862600 -0.843934 -0.830952 -0.818869 -0.808620 -0.798371 -0.788122 -0.777872 -0.767623 -0.757374 -0.747124 -0.735042 -0.722059 -0.703394 -0.682895 -0.662397 -0.641898 -0.616333 -0.590310 -0.559562 -0.528814 -0.498066 -0.467318 -0.436571 -0.405823 -0.375075 -0.344569 -0.314504 -0.288639 -0.268140 -0.247642 -0.227143 -0.206645 -0.186146 -0.165647 -0.145149 -0.124650 -0.104152 -0.088978 -0.074629 -0.064179 -0.053930 -0.043681 -0.034515 
Shapelet  15   0.673872  0.673872  0.673872  0.673872  0.673872  0.616637  0.538999  0.449202  0.367014  0.343012  0.343012  0.343012  0.343012  0.343012  0.343012  0.343012  0.343012  0.343012  0.343012  0.324381  0.262931  0.172313  0.081695 -0.008922 -0.099540 -0.190158 -0.280776 -0.427211 -0.605314 -0.786549 -0.916611 -0.980429 -0.980429 -0.980429 -0.892031 -0.748616 -0.567381 -0.374508 -0.091111  0.271360  0.633831  0.966183  1.270263  1.542116  1.813970  2.042743  2.237555  2.418791  2.572873  2.659033  2.659033  2.659033  2.626807  2.566308  2.475690  2.385073  2.254918  2.079501  1.898266  1.717030  1.535794  1.354559  1.173323  1.023997  0.907792  0.817174  0.735956  0.749738  0.930974  1.112209  1.271625  1.405137  1.495754  1.586372  1.618654  1.565298  1.474680  1.374794  1.251297  1.070061  0.888826  0.707590  0.526355  0.345119  0.163883 -0.017352 -0.198588 -0.379823 -0.561059 -0.742294 -0.923530 -1.104766 -1.306366 -1.546609 -1.817063 -2.085336 -2.303870 -2.303870 -2.303870 -2.318137 -2.354448 -2.445066 -2.535683 -2.594298 -2.545828 -2.461924 -2.365600 -2.257508 -2.076272 -1.895037 -1.700672 -1.473074 -1.205920 -0.934067 -0.680639 -0.568947 -0.472548 -0.397522 -0.353266 -0.436723 -0.527340 -0.617958 -0.708576 -0.799194 -0.889811 -0.980429 -1.071047 -1.161665 -1.244823 -1.301723 -1.311290 -1.311290 -1.318451 -1.453324 -1.618969 -1.791532 -1.941156 -1.878177 -1.787560 -1.692242 -1.557369 -1.389263 -1.208027 -1.026792 -0.845556 -0.664321 -0.486442 -0.326281 -0.219662 -0.129044 -0.038426  0.052192  0.142810  0.233427  0.324045  0.341818  0.343012  0.340214  0.276993  0.136487 -0.044748 -0.225984 -0.349984 -0.453582 -0.544200 -0.634817 -0.725435 -0.816053 -0.906671 -0.958124 -0.980429 -0.980429 -0.980429 -0.864952 -0.702254 -0.521018 -0.358414 -0.238628 -0.148010 -0.057392 -0.009668  0.012151  0.012151  0.012151  0.012151  0.012151  0.012151  0.012151  0.012151  0.012151  0.012151 -0.032048 -0.103755 -0.194373 -0.273353 -0.261809 -0.171192 -0.080574 -0.020075  0.012151  0.012151  0.012151  0.012151  0.012151  0.012151  0.012151  0.012151  0.012151  0.012151  0.012151  0.012151  0.012151  0.012151  0.051688  0.136487  0.227105  0.298812  0.343012  0.343012  0.343012  0.311102  0.246072  0.155454  0.067969  0.012151  0.012151  0.012151  0.012151  0.012151  0.012151  0.012151  0.041319  0.113306  0.203924  0.285273  0.343012  0.343012  0.343012  0.343012  0.343012  0.343012  0.343012  0.367014  0.449202  0.538999  0.603657  0.627509  0.536892  0.446274  0.355656  0.265038  0.174420  0.084996  0.012151  0.012151  0.012151  0.012151  0.012151  0.012151  0.012151 
Shapelet  16  -0.952192 -0.917467 -0.890107 -0.862748 -0.862748 -0.862748 -0.873621 -0.884495 -0.902559 -0.920623 -0.955348 -0.990073 -1.016906 -1.043739 -1.061102 -1.078465 -1.095827 -1.113190 -1.120731 -1.128272 -1.110910 -1.093547 -1.051983 -1.010418 -0.960259 -0.910100 -0.875375 -0.840650 -0.796805 -0.752961 -0.700873 -0.648785 -0.613008 -0.577231 -0.530229 -0.483227 -0.413777 -0.344327 -0.288206 -0.232084 -0.179997 -0.127909 -0.075821 -0.023734  0.007659  0.039052  0.056415  0.073777  0.091140  0.108502  0.118499  0.128496  0.128496  0.128496  0.128496  0.128496  0.132880  0.137265  0.154627  0.171990  0.200927  0.229865  0.265993  0.302121  0.354209  0.406296  0.466978  0.527659  0.597109  0.666559  0.736009  0.805460  0.874910  0.944360  1.013810  1.083260  1.075894  1.068528  1.039065  1.009601  1.009601  1.009601  0.950674  0.891746  0.787571  0.683396  0.511173  0.338951  0.144806 -0.049339 -0.275052 -0.500765 -0.684387 -0.868009 -1.018485 -1.168960 -1.238410 -1.307860 
Shapelet  17  -1.028832 -1.028832 -1.028920 -1.035160 -1.068354 -1.120581 -1.116836 -1.082083 -1.038518 -1.089689 -1.130425 -1.159465 -1.159465 -1.159465 -1.162219 -1.174699 -1.219789 -1.266097 -1.286066 -1.290098 -1.290098 -1.290098 -1.290098 -1.290098 -1.290098 -1.243971 -1.198665 -1.161222 -1.159465 -1.179785 -1.222191 -1.258386 -1.245583 -1.191317 -1.168852 -1.158738 -1.151560 -1.095396 -1.039232 -0.983069 -0.926905 -0.870741 -0.818005 -0.778066 -0.767566 -0.767566 -0.767566 -0.767566 -0.767566 -0.767566 -0.767566 -0.767566 -0.767566 -0.718580 -0.672530 -0.638831 -0.636933 -0.636933 -0.636933 -0.636933 -0.636933 -0.635175 -0.597733 -0.540989 -0.454713 -0.230057 -0.059175  0.066987  0.123151  0.179315  0.235479  0.291642  0.347806  0.392896  0.405377  0.408131  0.408131  0.408131  0.408131  0.409021  0.411517  0.461382  0.517546  0.573710  0.629873  0.686037  0.742201  0.798365  0.854529  0.910693  0.966857  1.018099  1.061295  1.061295  1.061295  1.061295  1.061295  1.061295  1.061295  1.061295  1.061295  1.061295  1.061295  1.061295  1.061295  1.061295  1.061295  1.065631  1.078112  1.177783  1.290111  1.402438  1.514766  1.627094  1.739421  1.934627  2.202045  2.532700  2.645028  2.712413  2.736643  2.680478  2.624314  2.567165  2.503513  2.370952  2.202461  2.033969  1.865478  1.708998  1.591678  1.492394  1.409511  1.353347  1.331649  1.325936  1.335921  1.385797  1.455092  1.544954  1.654241  1.741085  1.797249  1.829272  1.845093  1.845093  1.845093  1.827420  1.789345  1.677017  1.564689  1.451448  1.331631  1.180279  1.017208 
Shapelet  19   1.780766  1.725668  1.677836  1.650135  1.650135  1.610562  1.560960  1.502419  1.495664  1.495664  1.495664  1.495664  1.474661  1.415628  1.369914  1.341192  1.341192  1.341192  1.344314  1.354153  1.408097  1.450840  1.442477  1.389895  1.360567  1.422061  1.466525  1.495664  1.495664  1.495664  1.492352  1.478578  1.427775  1.363330  1.298885  1.234439  1.169994  1.105549  1.021010  0.921069  0.792179  0.700705  0.625957  0.543802  0.431089  0.302199  0.173309  0.048477 -0.066762 -0.131207 -0.215936 -0.316671 -0.445562 -0.538965 -0.607904 -0.672349 -0.736795 -0.801240 -0.865685 -0.930130 -0.994575 -1.059020 -1.103598 -1.130353 -1.130353 -1.163304 -1.226774 -1.291219 -1.355665 -1.420110 -1.432910 -1.432437 -1.418170 -1.355173 -1.271882 -1.166605 -1.036040 -0.877000 -0.683664 -0.572919 -0.512466 -0.512466 -0.410009 -0.305792 -0.213306 -0.203523 -0.220741 -0.265509 -0.333520 -0.425884 -0.554774 -0.655037 -0.739746 -0.804191 -0.868636 -0.925844 -0.968152 -0.975881 -0.960896 -0.912193 -0.850926 
Shapelet  22   1.881404  1.881404  1.852412  1.798657  1.828252  1.880800  1.827044  1.746713  1.585446  1.502095  1.502095  1.618062  1.779329  1.889256  1.965963  1.912208  1.835500  1.727989  1.691749  1.691749  1.740069  1.808321  1.969587  2.090991  2.144746  1.970191  1.647658  1.143925  0.606369  0.068813 -0.418007 -0.794297 -1.022607 -1.130118 -1.026231 -0.866172 -0.758661 -0.720609 -0.881876 -1.122871 -1.445404 -2.003495 -2.648562 -2.670306 -2.670306 -2.670306 -2.552527 -2.283750 -1.978732 -1.656197 -1.382588 -1.153070 -1.153070 -1.194142 -1.301653 -1.442383 -1.603649 -1.673109 -1.693042 -1.370509 -1.153070 -1.153070 -1.092671 -0.985160 -0.963416 -0.963416 -0.963416 -0.977912 -1.031666 -1.031062 -0.977308 -0.923552 -0.869796 -0.763492 -0.678933 -0.678933 -0.654773 -0.601018 -0.547262 -0.493506 -0.489278 -0.480823 -0.427067 -0.373311 -0.319556 -0.265800 -0.212045 -0.111781  0.012038  0.280816  0.495234  0.602745  0.648649  0.648649  0.605161  0.548990  0.441479  0.333967  0.226456  0.174513  0.174513  0.255448  0.362959  0.523622  0.660729  0.714485 
Shapelet  23  -1.263732 -1.424390 -1.585048 -1.745706 -1.906364 -2.067022 -2.197626 -2.314986 -2.423659 -2.530764 -2.637870 -2.740270 -2.816611 -2.853219 -2.799667 -2.746114 -2.692562 -2.639009 -2.585456 -2.531903 -2.478351 -2.424798 -2.371246 -2.317693 -2.264141 -2.210588 -2.118429 -1.962329 -1.803816 -1.643158 -1.482500 -1.321843 -1.161185 -1.000527 -0.839869 -0.679211 -0.518554 -0.357896 -0.197238 -0.071218  0.011959  0.077362  0.130914  0.184467  0.238019  0.286411  0.331452  0.331452  0.331452  0.331452  0.331452  0.331452  0.331452  0.331452  0.331452  0.331452  0.331452  0.331452  0.331452  0.337497  0.384213  0.432860  0.486412  0.539965  0.593517  0.630984  0.657191  0.624282  0.570729  0.517177  0.463624  0.410071  0.356519  0.302966  0.249414  0.195861  0.142308  0.088756  0.034453 -0.020240 -0.117479 -0.224584 -0.331689 -0.438794 -0.545900 -0.647147 -0.732603 -0.804547 -0.858100 -0.911652 -0.965205 -1.018758 -1.072310 -1.051466 -1.019897 -0.966345 -0.912792 -0.859239 -0.802577 -0.739909 -0.655284 -0.548178 -0.441073 -0.333968 -0.226863 -0.119758 -0.040883  0.034064  0.087616  0.141169  0.194722  0.248274  0.301827  0.327068  0.330486  0.331452  0.331452  0.331452  0.331854  0.348945  0.372471  0.426023  0.479576  0.533128  0.586681  0.640234  0.669899  0.685850  0.689228  0.689228  0.689228  0.689657  0.694215  0.710877  0.764430  0.817983  0.871535  0.925088  0.978641  1.032193  1.085746  1.139299  1.192851  1.246404  1.299956  1.353509  1.392584  1.400560  1.404783  1.404783  1.404783  1.404783  1.414515  1.427048  1.477705  1.531258  1.584810  1.638363 
Shapelet  24   0.617780  0.632819  0.650993  0.669168  0.687342  0.705517  0.723691  0.745456  0.776291  0.812640  0.848989  0.878718  0.899877  0.918052  0.936226  0.944094  0.945207  0.945207  0.945207  0.945207  0.945207  0.945728  0.947866  0.965520  0.983694  1.003553  1.027741  1.064090  1.100439  1.133283  1.159880  1.178055  1.196229  1.214404  1.232578  1.250753  1.268927  1.296218  1.329652  1.366001  1.400055  1.412884  1.415179  1.415179  1.418850  1.432535  1.450673  1.468847  1.487022  1.505196  1.523371  1.541546  1.559720  1.577895  1.596070  1.614245  1.632419  1.650593  1.668037  1.683004  1.683734  1.683734  1.679646  1.666201  1.629852  1.593503  1.553139  1.506479  1.451956  1.397432  1.342909  1.288385  1.233861  1.179338  1.134744  1.095735  1.059386  1.023037  0.986688  0.950338  0.913989  0.877640  0.841291  0.804942  0.768593  0.739295  0.719843  0.701668  0.683866  0.676651  0.676651  0.676651  0.676651  0.676651  0.676651  0.675747  0.671471  0.654200  0.636026  0.615482  0.589841  0.553492  0.517143  0.485286  0.459840  0.441665  0.423491  0.390773  0.345233  0.290710  0.236186  0.181662  0.127139  0.072615  0.018092 -0.036432 -0.090956 -0.145479 -0.200003 -0.254526 -0.309050 -0.363574 -0.410883 -0.447604 -0.483953 -0.519025 -0.544250 -0.562424 -0.580516 -0.595269 -0.598987 -0.598987 -0.600030 -0.605376 -0.622507 -0.640682 -0.658856 -0.677031 -0.695206 -0.713380 -0.726621 -0.733265 -0.733265 -0.733265 -0.741129 -0.755288 -0.773463 -0.791638 -0.821264 -0.855569 -0.891918 -0.928267 -0.964616 -1.000965 -1.037314 -1.069956 -1.089413 -1.107661 -1.125408 -1.136098 -1.136098 -1.136098 -1.136098 -1.136098 -1.136098 -1.136135 -1.140625 -1.155128 -1.173303 -1.191477 -1.209652 -1.227826 -1.246001 -1.261260 -1.270376 -1.270376 -1.270376 -1.275716 -1.287909 -1.306084 -1.324258 -1.342433 -1.360607 -1.378782 -1.396956 -1.402969 -1.404654 -1.404654 -1.404654 -1.404654 -1.404654 -1.404654 -1.404654 -1.404654 -1.404654 -1.404654 -1.404654 -1.404654 -1.404654 -1.401669 -1.390114 -1.371940 -1.353765 -1.341105 -1.337515 -1.337515 -1.338732 -1.346216 -1.363173 -1.381348 -1.396386 -1.404654 -1.404654 -1.404654 -1.404654 -1.404654 -1.404654 -1.404654 -1.395708 -1.380492 -1.362318 
Shapelet  25   1.134549  1.095739  1.056929  1.014253  0.971577  0.919830  0.868084  0.829125  0.790167  0.764294  0.738420  0.712547  0.686674  0.660801  0.634927  0.620504  0.606080  0.593144  0.580207  0.567271  0.554334  0.537829  0.521323  0.495450  0.469577  0.437607  0.405637  0.366827  0.328017  0.289208  0.250398  0.211588  0.172778  0.133968  0.095158  0.057835  0.020513  0.007576 -0.005361 -0.018297 -0.031234 -0.044171 -0.057107 -0.064245 -0.071382 -0.071382 -0.071382 -0.071382 -0.071382 -0.071382 -0.071382 -0.071382 -0.071382 -0.071828 -0.072274 -0.085211 -0.098147 -0.111084 -0.124021 -0.136957 -0.149894 -0.162830 -0.175767 -0.188704 -0.201640 -0.222607 -0.243573 -0.269446 -0.295319 -0.310635 -0.325951 -0.338887 -0.351824 -0.364761 -0.377697 -0.390634 -0.403570 -0.416507 -0.429444 -0.447585 -0.465726 -0.491599 -0.517472 -0.543346 -0.569219 -0.595092 -0.620965 -0.636578 -0.652191 -0.665128 -0.678065 -0.691001 -0.703938 -0.716875 -0.729811 -0.742748 -0.755684 -0.763714 -0.771744 -0.771744 -0.771744 -0.779179 -0.786613 -0.799550 -0.812487 -0.825423 -0.838360 -0.851296 -0.864233 -0.877170 -0.890106 -0.905125 
Shapelet  26  -1.500504 -1.488939 -1.488939 -1.488939 -1.471266 -1.438721 -1.393640 -1.348559 -1.303477 -1.258396 -1.213314 -1.168233 -1.141940 -1.130570 -1.130570 -1.130570 -1.148362 
Shapelet  27   0.498327  0.498327  0.498327  0.498327  0.498327  0.498327  0.498327  0.498327  0.498327  0.498327  0.498327  0.498327  0.498327  0.498327  0.498327  0.498327  0.498327  0.498327  0.498327  0.498327  0.498327  0.498327  0.498327  0.498327  0.498327  0.498327  0.498327  0.498327  0.498327  0.498327  0.498327  0.498327  0.498327  0.498327  0.498327  0.498327  0.498327  0.498327  0.498327  0.498327  0.498327  0.498327  0.498327  0.498327  0.498327  0.498327  0.498327  0.498327  0.498327  0.498327  0.498327  0.498327  0.498327  0.498327  0.498327  0.498327  0.498327  0.498327  0.498327  0.498327  0.498327  0.498327  0.498327  0.498327  0.498327  0.498327  0.498327  0.498327  0.494964  0.490517  0.373803  0.235937  0.098072 -0.039794 -0.177660 -0.315526 -0.453391 -0.591257 -0.729123 -0.839546 -0.875124 -0.898120 -0.898120 -0.898120 -0.898120 -0.898120 -0.898120 -0.898120 -0.898120 -0.941399 -1.003661 -1.124931 -1.262796 -1.400661 -1.538527 -1.676392 -1.814258 -1.952123 -2.087277 -2.202906 -2.294563 -2.294563 -2.294563 -2.294563 -2.294563 -2.294563 -2.294563 -2.294563 -2.294563 -2.294563 -2.294563 -2.294563 -2.294563 -2.294563 -2.294563 -2.294563 -2.294563 -2.294563 -2.294563 -2.294563 
Shapelet  30  -0.531366 -0.531366 -0.531366 -0.531366 -0.531366 -0.531366 -0.531366 -0.531366 -0.531366 -0.531366 -0.531366 -0.531366 -0.531366 -0.531366 -0.531366 -0.531366 -0.531366 -0.531366 -0.531366 -0.531366 -0.531366 -0.531366 -0.531366 -0.531366 -0.531366 -0.531366 -0.531366 -0.531366 -0.531366 -0.531366 -0.531366 -0.531366 -0.531366 -0.531366 -0.531366 -0.531366 -0.531366 -0.531366 -0.531366 -0.531366 -0.531366 -0.531366 -0.531366 -0.531366 -0.531366 -0.531366 -0.531366 -0.531366 -0.531366 -0.519973 -0.460548 -0.370918 -0.258010 -0.145102 -0.032194  0.080714  0.193621  0.303650  0.366047  0.401609  0.401609  0.401609  0.401609  0.401609  0.401609  0.401609  0.401609  0.401609  0.401609  0.401609  0.401609  0.401609  0.401609  0.401609  0.401609  0.401609  0.401609  0.401609  0.401609  0.401609  0.401609  0.401609  0.401609  0.401609  0.401609  0.401609  0.401609  0.401609  0.401609  0.401609  0.401609  0.401609  0.401609  0.401609  0.401609  0.401609  0.401609  0.401609  0.405407  0.415311  0.560077  0.748256  0.936436  1.124616  1.312796  1.500975  1.689155  1.877335  1.997160  2.075403  2.150691  2.225963  2.301235  2.376506  2.451778  2.527050  2.569520  2.577444  2.578552  2.578552  2.578552  2.578552  2.578552  2.578552  2.546099  2.453990  2.346794  2.233886  2.120978  2.008070  1.895163  1.782255  1.669347  1.556439  1.443531  1.330623  1.217716  1.104808  0.991900  0.878992  0.764032  0.626363  0.482824  0.332280  0.181737  0.031193 -0.119351 -0.269895 -0.420439 -0.570982 -0.721526 -0.872070 -1.022614 -1.173158 -1.323701 -1.474245 -1.624789 -1.729409 -1.812969 -1.850605 -1.888240 -1.925876 -1.963512 -2.001148 -2.038784 -2.054908 -2.058593 -2.020957 -1.983321 -1.945685 -1.908049 -1.870413 -1.832777 -1.795141 -1.757505 -1.719869 -1.682233 -1.644597 -1.606961 -1.569325 -1.531689 -1.489999 -1.442459 -1.373222 -1.297950 -1.222679 -1.147407 -1.072135 -0.996863 -0.921591 -0.846319 -0.771047 -0.695775 -0.620503 -0.545231 -0.469959 -0.394687 -0.319415 -0.244144 -0.168872 -0.093600 -0.018328  0.056944  0.132216  0.207487  0.282754  0.357035  0.417456  0.455092  0.492728  0.530364  0.568000  0.605636  0.643272  0.680908  0.701178  0.667504  0.631387  0.593751  0.556115  0.518479  0.480843  0.443207  0.405571  0.367935  0.330299  0.292663  0.255027  0.217392  0.179756  0.142120  0.104484  0.037905 -0.032194 -0.107466 -0.182738 -0.258010 -0.333282 -0.408554 -0.483826 -0.536651 -0.582868 -0.620503 -0.658139 -0.695775 -0.733411 -0.771047 -0.808683 -0.812819 -0.800760 -0.763124 -0.725488 -0.687852 -0.650216 -0.612580 -0.574944 -0.549162 -0.532325 -0.531366 -0.531366 -0.531366 -0.531366 -0.531366 -0.531366 -0.523607 -0.505779 -0.471940 -0.434304 -0.396668 -0.359032 -0.321396 -0.283760 -0.246124 -0.208488 -0.170852 -0.133217 -0.095581 -0.057945 -0.020309  0.017327  0.054963  0.092599  0.130235  0.167871  0.205507  0.243142  0.280778  0.318414  0.355773  0.384495  0.401609  0.401609  0.401609  0.401609  0.401609  0.401609  0.401609  0.401609  0.401609  0.401609  0.401609  0.401609  0.401609  0.401609  0.401609  0.399346  0.391705  0.354069  0.316433  0.278798  0.241162  0.203526  0.165890  0.128254 
Shapelet  31  -0.129830 -0.129830 -0.129830 -0.129830 -0.129830 -0.129830 -0.129830 -0.129830 -0.129830 -0.129830 -0.130335 -0.133680 -0.138953 -0.153244 -0.165975 -0.172513 -0.177571 -0.177571 -0.177571 -0.177571 -0.177571 -0.177571 -0.177571 -0.177571 -0.177571 -0.177571 -0.177571 -0.177571 -0.177571 -0.177571 -0.177571 -0.177571 -0.177571 -0.177571 -0.177571 -0.177571 -0.177571 -0.177571 -0.182619 -0.192654 -0.204937 -0.219229 -0.233521 -0.247812 -0.259465 -0.269195 -0.273050 -0.273050 -0.261767 -0.243827 -0.218925 -0.190342 -0.161759 -0.133175 -0.102129 -0.070049 -0.030093  0.012781  0.049689  0.084658  0.114647  0.143230  0.171813  0.200397  0.226960  0.253111  0.269118  0.283409  0.297701  0.311993  0.326284  0.340576  0.354867  0.369159  0.384759  0.400419  0.428758  0.457305  0.480111  0.502649  0.516940  0.531808  0.556287  0.581100  0.609684  0.638267  0.666850  0.694811  0.718681  0.741045  0.755336  0.771292  0.794705  0.819192  0.847775  0.876359  0.904942  0.932584  0.957518  0.979441  0.993732  1.003057  1.001233  0.995253  0.980961  0.975608  0.986251  0.998293  1.012585  1.026876  1.041168  1.058495  1.079780  1.104416  1.132999  1.161582  1.190165  1.216425  1.240447  1.243987  1.229696  1.218723  1.210361  1.206890  1.206890  1.194275  1.173598  1.147899  1.119316  1.090733  1.062149  1.023560  0.980381  0.917105  0.845647  0.678646  0.477347  0.222594 -0.048946 -0.116095 
Shapelet  32  -0.100491 -0.022784  0.055044  0.116788  0.174442  0.228634  0.282827  0.332809  0.371454  0.402761  0.429857  0.484050  0.534032  0.576675  0.607982  0.635078  0.662174  0.689271  0.716367  0.743463  0.770559  0.797656  0.822790  0.846332  0.848294  0.844047  0.828944  0.806095  0.778999  0.751903  0.724807  0.697710  0.670614  0.645878  0.641436  0.642407  0.649515  0.673279  0.704068  0.749821  0.800321  0.854513  0.908706  0.962898  1.017091  1.071283  1.126022  1.206422  1.283056  1.353684  1.411985  1.463633  1.495615  1.522064  1.542497  1.545690  1.541896  1.523683  1.498854  1.469093  1.416427  1.370823  1.345059 
Shapelet  33  -0.855553 -0.855553 -0.855553 -0.855553 -0.855553 -0.855553 -0.855553 -0.855553 -0.855553 -0.855553 -0.855553 -0.855553 -0.855553 -0.855553 -0.855553 -0.855553 -0.855553 -0.855553 -0.855553 -0.855553 -0.855553 -0.855553 -0.855553 -0.855553 -0.855553 -0.855553 -0.855553 -0.855553 -0.855553 -0.855553 -0.855553 -0.855553 -0.855553 -0.855553 -0.855553 -0.855553 -0.855553 -0.855553 -0.855553 -0.855553 -0.855553 -0.855553 -0.855553 -0.855553 -0.855553 -0.855553 -0.855553 -0.855553 -0.855553 -0.855553 -0.855553 -0.855553 -0.855553 -0.855553 -0.905979 -0.974477 -1.060018 -1.144024 -1.207108 -1.249879 -1.292649 -1.324930 -1.346895 -1.346895 -1.346895 -1.341995 -1.306005 -1.265526 -1.224715 -1.192376 -1.183114 -1.183114 -1.183114 -1.140804 -1.076709 -0.991168 -0.909035 -0.855553 -0.855553 -0.855553 -0.855553 -0.855553 -0.855553 -0.855553 -0.855553 -0.820070 -0.780443 -0.737930 -0.706112 -0.691772 -0.691772 -0.691772 -0.691772 -0.691772 -0.691772 -0.693474 -0.703247 -0.746018 -0.788789 -0.836119 -0.898711 -0.978649 -1.064191 -1.149732 -1.235274 -1.320815 -1.406357 -1.472181 -1.510676 -1.510676 -1.510676 -1.485625 -1.428249 -1.343766 -1.256696 -1.167466 -1.039154 -0.910842 -0.785204 -0.697576 -0.636483 -0.593712 -0.550942 -0.532326 -0.527991 -0.527991 -0.527991 -0.527991 -0.527991 -0.527991 -0.520038 -0.490828 -0.450795 -0.410390 -0.374922 -0.405938 -0.448709 -0.491480 -0.534250 -0.577021 -0.619792 -0.662563 -0.705334 -0.748104 -0.790875 -0.827005 -0.855553 -0.855553 -0.855553 -0.852343 -0.822612 -0.784616 -0.741845 -0.699074 -0.656304 -0.613533 -0.570762 -0.512228 -0.442450 -0.356908 -0.271367 -0.197966 -0.151023 -0.107586 -0.069590 -0.039859 -0.036649 -0.036649 -0.036649 -0.008101  0.028029  0.070800  0.108898  0.127132  0.127132  0.127132  0.127132  0.127132  0.127132  0.127132  0.127132  0.127132  0.127132  0.127132  0.127132  0.127132  0.127132  0.127132  0.127132  0.127132  0.127132  0.127132  0.127132  0.127132  0.127132  0.136293  0.158721  0.200155  0.242926  0.285697  0.367550  0.451564  0.536576  0.608035  0.663331  0.706102  0.748873  0.772396  0.782255  0.782255  0.786080  0.798946  0.841717  0.884487  0.921655  0.941476  0.946036  0.946036  0.946036  0.946036  0.946036  0.946036  0.946036  0.946036  0.946036  0.946036  0.946036  0.946036  0.946036  0.946036  0.946036  0.946036  0.946036  0.947909  0.971381  1.006541  1.049311  1.092082  1.161594  1.245431  1.330973  1.405791  1.469717  1.512488  1.555258  1.598029  1.640800  1.683571  1.726342  1.769112  1.811883  1.854654  1.897425  1.940195  1.982966  2.025737  2.068508  2.070653  2.030953  1.988182  1.945411  1.902640  1.859870  1.817099  1.774328  1.731558  1.688787  1.646016  1.603245  1.560474  1.517704  1.474933  1.432162  1.389391  1.346621  1.303850  1.274792  1.273749  1.273597  1.267448  1.251279  1.211006  1.168235  1.125464  1.114665  1.109816  1.109816  1.109816  1.109816  1.109816  1.109816  1.124509  1.151544  1.194315  1.237086  1.265972  1.224244  1.181797  1.139026  1.096255  1.053484  1.010713 
Shapelet  34  -1.399447 -1.399447 -1.399447 -1.399447 -1.399447 -1.357555 -1.315663 -1.259466 -1.203269 -1.147073 -1.090876 -1.041832 -0.992787 -0.944619 -0.896450 -0.848282 -0.800113 -0.751945 -0.703776 -0.655607 -0.607439 -0.557811 -0.508182 -0.451986 -0.395789 -0.339592 -0.283396 -0.227199 -0.171002 -0.114806 -0.058609 -0.002412  0.053784  0.106186  0.158587  0.206756  0.254925  0.303093  0.351262  0.384542  0.417822  0.441906  0.465991  0.490075  0.514159  0.525982  0.537806  0.545834  0.553862  0.561890  0.569918  0.585244  0.600571 
Shapelet  35  -0.756775 -0.756775 -0.756775 -0.756775 -0.756775 -0.756775 -0.756775 -0.756775 -0.759681 -0.764366 -0.777522 
Shapelet  38  -0.610727 -0.610727 -0.610727 -0.610727 -0.610727 -0.610727 -0.613618 -0.662763 -0.712051 -0.783208 -0.854365 -0.882046 -0.907642 -0.906458 -0.902362 -0.881086 -0.856769 -0.851843 -0.851843 -0.861760 -0.875070 -0.896892 -0.922488 -0.980546 -1.056822 -1.126473 -1.191487 -1.249094 -1.300286 -1.328451 -1.332035 -1.338489 -1.348728 -1.364788 -1.390385 -1.401426 -1.382485 -1.364106 -1.347212 -1.334072 -1.334072 -1.330549 -1.309816 -1.289355 -1.270925 -1.253701 -1.253701 -1.254454 -1.312045 -1.369636 -1.434851 -1.500377 -1.529627 -1.555223 -1.535454 -1.508066 -1.461542 -1.410350 -1.359157 -1.307965 -1.268050 -1.232983 -1.204044 -1.178448 -1.152852 -1.127256 -1.101660 -1.076064 -1.050468 -1.024872 -0.999276 -0.973680 -0.938016 -0.886312 -0.826246 -0.749458 -0.672670 -0.595882 -0.519094 -0.442305 -0.365517 -0.288729 -0.214865 -0.161625 -0.109250 -0.068041 -0.027137 -0.001541  0.024055  0.049651  0.075247  0.100843  0.126439  0.152035  0.177631  0.203228  0.228824  0.254420  0.280016  0.305612  0.331208  0.356804  0.382400  0.404764  0.424985  0.434104  0.434104  0.451396  0.486206  0.526591  0.573944  0.612765  0.638361  0.669350  0.710816  0.755079  0.806271  0.857463  0.908655  0.959847  1.011040  1.062131  1.112556  1.161033  1.186629  1.212559  1.250953  1.289348  1.340205  1.391397  1.419709  1.446073  1.471769  1.497365  1.522961  1.548557  1.556341  1.558645  1.559308  1.559308  1.559308  1.559308  1.559308  1.559308  1.559308  1.559308  1.559308  1.559308  1.559308  1.559308  1.561961  1.568616  1.581832  1.607428  1.627528  1.634439  1.640917  1.646036  1.655037  1.680633  1.706229  1.731825  1.757117  1.779129  1.800423  1.800423  1.800423  1.800423  1.800423  1.800423  1.800423  1.800423  1.800423  1.777235  1.749080  1.703157  1.651965  1.600773  1.549581  1.490028  1.426293  1.354539  1.277751  1.214774  1.162558  1.122086  1.092907  1.077078  1.077078  1.086413  1.109449  1.133389  1.158985  1.184581  1.210177  1.219753  1.180847  1.137976  1.078849  1.017183  0.940395  0.854472  0.677859  0.500644  0.308673  0.116703 -0.037376 -0.190952 -0.327304 -0.462451 -0.582692 -0.700946 -0.784781 -0.861569 -0.885800 -0.895015 -0.876560 -0.847637 -0.803722 -0.752530 -0.710873 -0.675039 -0.645026 -0.619430 -0.593834 -0.568238 -0.555470 -0.557518 -0.569156 -0.594496 -0.610727 -0.610727 -0.614502 -0.626788 -0.642467 -0.668063 -0.683805 -0.660769 -0.638963 -0.624118 -0.610727 -0.610727 -0.609685 -0.586905 -0.564124 -0.547701 -0.531319 -0.530356 -0.530356 -0.530356 -0.530356 -0.523932 -0.516253 -0.494521 -0.468925 -0.443329 -0.417733 -0.392137 -0.366541 
Shapelet  39  -1.147238 -1.118918 -1.090597 -1.062276 -1.036818 -1.041055 -1.052570 -1.076877 -1.085691 -1.085691 -1.067386 -1.045775 -1.017454 -0.989133 -0.960813 -0.914924 -0.862567 -0.794330 -0.721314 -0.636352 -0.566888 -0.509578 -0.439976 -0.366183 -0.278099 -0.180324 -0.067042  0.033596  0.127701  0.219722  0.316067  0.429349  0.531526  0.621840  0.716211  0.812458  0.925740  1.055490  1.222292  1.374027  1.514962  1.630283  1.737894  1.822856  1.900383  1.967059  2.022796  2.073417  2.102717  2.120849  2.105016  2.082871  2.054550  2.026229  1.997909  1.969588  1.936783  1.894860  1.844850  1.789546  1.757964  1.729644  1.701323  1.675201  1.652009  1.645128  1.645128  1.624409  1.599166  1.561926  1.514452  1.457811  1.421205  1.389797  1.361476  1.333155  1.304835  1.276514  1.248194  1.219873  1.192297  1.168214  1.154981  1.154981  1.140263  1.119970  1.099678  1.084960  1.084960  1.098193  1.122276  1.140111  1.154981  1.154981  1.154981  1.154981  1.154981  1.154981  1.151893  1.143608  1.115287  1.086967  1.058646  1.024993  0.989071  0.932430  0.882670  0.849220  0.812458  0.773210  0.719245  0.665866  0.636207  0.607078  0.578757  0.550437  0.522116  0.493795  0.461407  0.414578  0.365984  0.315587  0.282171  0.253851  0.225530  0.197210  0.168889  0.140568  0.112248  0.061277  0.006547 -0.050094 -0.105431 -0.158951 -0.175418 -0.175418 -0.192454 -0.210071 -0.227687 -0.221578 -0.193258 -0.164937 -0.136617 -0.108296 -0.079975 -0.051655 -0.054348 -0.076425 -0.115572 -0.159252 -0.215224 
Shapelet  45   0.086295  0.086295  0.086295  0.086295  0.086295  0.086295  0.086295  0.086295  0.086295  0.086295  0.086295  0.086295  0.086295  0.086295  0.086295  0.086295  0.086295  0.086295  0.086295 
Shapelet  46  -0.960283 -0.960283 -0.960283 -0.960283 -0.960283 -0.960283 -0.960283 -0.960283 -0.960283 -0.960283 -0.960283 -0.960283 -0.960283 -0.960283 -0.960283 -0.960283 -0.960283 -0.960283 -0.960283 -0.960283 -0.960283 -0.960283 -0.960283 -0.960283 -0.960283 -0.960283 -0.960283 -0.960283 -0.939813 -0.841557 -0.743086 -0.637073 -0.531060 -0.425048 -0.319035 -0.242326 -0.180270 -0.148380 -0.148380 -0.148380 -0.148380 -0.148380 -0.148380 -0.148380 -0.148380 -0.148380 -0.148380 -0.148380 -0.148380 -0.148380 -0.148380 -0.148380 -0.148380 -0.148380 -0.148380 -0.148380 -0.148380 -0.148380 -0.148380 -0.148380 -0.148380 -0.148380 -0.148380 -0.148380 -0.148380 -0.148380 -0.148380 -0.148380 -0.148380 -0.148380 -0.148380 -0.148380 -0.148380 -0.148380 -0.135811 -0.105645 -0.074257 -0.038920 -0.003582  0.031755  0.067093  0.081314  0.092519  0.071402  0.036065  0.000727 -0.034610 -0.069948 -0.105286 -0.145100 -0.209742 
Shapelet  47  -0.461598 -0.461598 -0.461598 -0.461598 -0.461598 -0.461598 -0.461598 -0.461598 -0.461598 -0.461598 -0.461598 -0.461598 -0.461598 -0.461598 -0.461598 -0.461598 -0.461598 -0.461598 -0.461598 -0.461598 -0.461598 -0.461598 -0.461598 -0.461598 -0.461598 -0.461598 -0.461598 -0.461598 -0.461598 -0.461598 -0.461598 -0.461598 -0.461598 -0.461598 -0.461598 -0.461598 -0.461598 -0.461598 -0.461598 -0.461598 -0.461598 -0.461598 -0.461598 -0.461598 -0.461598 -0.461653 -0.463676 -0.560712 -0.724555 -0.888397 -1.015088 -1.096740 -1.096740 -1.096740 -1.096740 -1.096740 -1.096740 -1.096740 -1.096740 -1.096740 -1.096740 -1.104163 -1.144618 -1.276765 -1.440607 -1.604450 -1.611298 -1.531631 -1.367788 -1.203946 -1.116745 -1.096740 -1.096740 -1.078035 -1.019876 -0.856033 -0.692191 -0.528348 -0.364506 -0.200663 -0.036821  0.124646  0.159033  0.173545  0.173545  0.173545  0.173545  0.173545  0.173545  0.173545  0.173545  0.173545  0.173545  0.173545  0.173545  0.173545  0.173545  0.173545  0.173545  0.173545  0.157511  0.102897 -0.044912 -0.208754 -0.372597 -0.536439 -0.700282 -0.864124 -1.027967 -1.191809 -1.355652 -1.519494 -1.650602 -1.731883 -1.731883 -1.731883 -1.731883 -1.731883 -1.731883 -1.731883 -1.731883 -1.731883 -1.731883 -1.724367 -1.694026 -1.555904 -1.392061 -1.228219 -1.064376 -0.900534 -0.736691 -0.572849 -0.409006 -0.245164 -0.081321  0.082521  0.246364  0.410207  0.574049  0.710130  0.805200  0.808688  0.808688  0.818542  0.937884  1.085805  1.247197  1.398903  1.310329  1.146487  0.982645  0.818802  0.654959  0.491117  0.327274  0.223427  0.173545  0.173545  0.173545  0.135911 -0.021864 -0.184481 -0.332402 -0.451744 -0.461598 -0.461598 -0.461598 -0.461598 -0.461598 -0.461598 -0.461598 -0.461598 -0.461598 -0.461598 -0.461598 -0.461598 -0.461598 -0.461598 -0.418990 -0.330119 -0.166277 -0.002434  0.161408  0.325251  0.489094  0.652937  0.816779  0.980622  1.144464  1.308307  1.472149  1.635991  1.799834  1.963676  2.046237  2.078972  2.078972  2.078972  2.078972  2.078972  2.078972  2.051526  1.989972  1.826129  1.662287  1.498445  1.334602  1.170760  1.006917  0.843075  0.547290  0.222091 -0.105594 -0.345355 -0.461598 -0.461598 -0.461598 -0.401027 -0.291687 -0.127844  0.035998  0.155136  0.171318  0.173545  0.188057  0.222443  0.383911  0.547754  0.703023  0.781910  0.808688  0.808688  0.808688  0.808688  0.808688  0.808688  0.768679  0.594277  0.266592 -0.061093 -0.304603 -0.461598 -0.461598 -0.461598 -0.493293 -0.616681 -0.773101 -0.929335 -1.072950 -0.928852 -0.765010 -0.601167 -0.437325 -0.273482 -0.109640  0.054203 
Shapelet  49   1.205148  1.205148  1.205148  1.205148  1.205148  1.205148  1.205148  1.208753  1.215564  1.226358  1.239006  1.251655  1.264303  1.265413  1.266249  1.266249  1.266249  1.266249  1.266249  1.266249  1.266249  1.266249  1.266249  1.266249  1.266249  1.266192  1.265219  1.261773  1.249125  1.236477  1.223828  1.214202  1.207391  1.205148  1.205148  1.205148  1.205148  1.205148  1.205148  1.205148  1.204324  1.201405  1.194251  1.181602  1.168954  1.156306  1.143657  1.131009  1.118361  1.105713  1.093064  1.080416  1.067768  1.055119  1.042471  1.032284  1.024500  1.021845  1.021845  1.021845  1.021845  1.012458  1.002385  0.989737  0.977615  0.966913  0.960743  0.960743  0.960743  0.960743  0.965711  0.972522  0.984483  0.997132  1.009780  1.020231  1.021203  1.021845  1.021845  1.021845  1.021845  1.021845  1.021845  1.021845  1.021845  1.005156  0.986818  0.961522  0.935973  0.909704  0.878627  0.840682  0.802737  0.764792  0.726847  0.688902  0.650957  0.613012  0.575067 
Shapelet  51   0.706131  0.625952  0.540253  0.454553  0.368854  0.283154  0.197455  0.085855 -0.027972 -0.156521 -0.285071 -0.413620 -0.541147 -0.664107 -0.771322 -0.835597 -0.899871 -0.964146 -1.028420 -1.092695 -1.133523 -1.153085 -1.147655 -1.126230 -1.104805 -1.083380 -1.061955 -1.040530 -1.036850 -1.035918 -1.035873 -1.035873 -1.035873 -1.035873 -1.035873 -1.035873 -1.035873 -1.035873 -1.035873 -1.035873 -1.035873 -1.035873 -1.035873 -1.035873 -1.035873 -1.035873 -1.035873 -1.035873 -1.035873 -1.035873 -1.035873 -1.035873 -1.035873 -1.035873 -1.035873 -1.035873 -1.035873 -1.035873 -1.035873 -1.035873 -1.036759 -1.039553 -1.049845 -1.071270 -1.092695 -1.114120 -1.135545 -1.156970 -1.178395 -1.199820 -1.221244 -1.242669 -1.264094 -1.285519 -1.306944 -1.328369 -1.328369 -1.328369 -1.328369 -1.328369 -1.328369 -1.328369 -1.328369 -1.328369 -1.328369 -1.328369 -1.328369 -1.328369 -1.328369 -1.328369 -1.328369 -1.328369 -1.328369 -1.328369 -1.328369 -1.317236 -1.304195 -1.263163 -1.220313 -1.177463 -1.134613 -1.091764 -1.052004 -1.024990 -0.999544 -0.978119 -0.956694 -0.935269 -0.912163 -0.887012 -0.852364 -0.809514 -0.766665 -0.723815 -0.680965 -0.638115 -0.605603 -0.575795 -0.553347 -0.531922 -0.510498 -0.489027 -0.466671 -0.441565 -0.398716 -0.355866 -0.313016 -0.270166 -0.227317 -0.188466 -0.155863 -0.128576 -0.107151 -0.085726 -0.064301 -0.042876 -0.021452 -0.000027  0.021398  0.042823  0.064248  0.085673  0.107098  0.121161  0.134112  0.134112  0.134112  0.134112  0.134112  0.134112  0.128591  0.111823  0.093125  0.071700  0.050275  0.028850  0.007425 -0.013999 -0.035424 -0.056849 -0.078274 -0.099699 -0.121124 -0.142549 -0.163974 -0.185398 -0.206823 -0.228248 -0.249673 -0.270757 -0.290319 -0.304632 -0.304632 -0.304632 -0.304632 -0.304632 -0.304632 -0.304632 -0.304632 -0.304632 -0.304632 -0.304632 
Shapelet  53   1.442153  1.432567  1.422827  1.411767  1.400881  1.394245  1.387609  1.387434  1.387434  1.387434  1.387434  1.379363  1.369777  1.359047  1.347987  1.334307  1.319560  1.300060  1.277940  1.255819  1.233699  1.216119  1.202847  1.190565  1.179504  1.168444 
Shapelet  54   1.491501  1.491501  1.491501  1.491501  1.491501  1.491501  1.491501  1.491501  1.491501  1.491501  1.491501  1.491501  1.491501  1.491501  1.491501  1.491501  1.491501  1.491501  1.491501  1.491501  1.491501  1.491501  1.491501  1.491501  1.491501  1.491501  1.491501  1.491501  1.491501  1.491501  1.491501  1.491501  1.491501  1.491501  1.491501  1.491501  1.491501  1.502592  1.580228  1.657864  1.735500  1.774570  1.756926  1.727938  1.689120  1.650302  1.611484  1.572666  1.533848  1.478646  1.420923  1.343287  1.269684  1.213221  1.174907  1.174907  1.179696  1.190283  1.262626  1.379080  1.495534  1.611988  1.668787  1.714663  1.753649  1.792467  1.831285  1.870103  1.908921  1.924297  1.899595  1.848425  1.770789  1.675340  1.569473  1.425964  1.270692  1.115420  0.960148  0.804876  0.649603  0.494331  0.339059  0.183787  0.028515 -0.126757 -0.229852 -0.289843 -0.335467 -0.374285 -0.393106 -0.407222 -0.408062 -0.406802 -0.389157 -0.367227 -0.328409 -0.296649 -0.279005 -0.287575 -0.326393 -0.369412 -0.415288 -0.512417 -0.628871 -0.745325 -0.861779 -0.908495 -0.953531 -0.992349 -1.024109 -1.034696 -1.041250 -1.041250 -1.062928 -1.105274 -1.170307 -1.247943 -1.303733 -1.353138 -1.357843 -1.357843 -1.357843 -1.357843 -1.357843 -1.357843 
Shapelet  55   1.105391  1.105391  1.105391  1.105391  1.105391  1.105391  1.105391  1.105391  1.105391  1.105391  1.105391  1.105391  1.105391  1.105391  1.105391  1.105391  1.105391  1.105391  1.105391  1.105391  1.105391  1.105391  1.105391  1.105391  1.105391  1.105391  1.105391  1.105391  1.105391  1.105391  1.105391  1.105391  1.105391  1.105391  1.105391  1.105391  1.105391  1.105391  1.105391  1.105391  1.105391  1.105391  1.084341  1.035430  0.967091  0.874329  0.781566  0.688804  0.596042  0.503280  0.410517  0.317755  0.224993  0.132230  0.039468 -0.053294 -0.146056 -0.238819 -0.331581 -0.424343 -0.471205 -0.479638 -0.483374 -0.483374 -0.481452 -0.478079 -0.422657 -0.329894 -0.237132 -0.144370 -0.060830  0.016753  0.046215  0.046215  0.046215  0.046215  0.046215  0.046215  0.046215  0.046215  0.046215  0.046215  0.046215  0.046215  0.046215  0.046215  0.046215  0.046215  0.046215  0.046215  0.046215  0.046215  0.046215  0.046215  0.046215  0.046215  0.046215  0.046215  0.046215  0.046215 -0.012965 -0.087175 -0.176415 -0.269177 -0.361940 -0.454702 -0.475603 -0.482349 -0.483374 -0.483374 -0.483374 -0.483374 -0.483374 -0.483374 -0.483374 -0.483374 -0.498532 -0.515398 -0.601435 -0.694197 -0.786959 -0.879721 -0.972484 -1.065246 -1.158008 -1.250771 -1.343533 -1.436296 -1.489605 -1.541889 -1.542551 


; cmd = ShapeletResearch/Execs/FastShapelet UCRArchive_2018//UWaveGestureLibraryX/UWaveGestureLibraryX_TRAIN.tsv 8 896 316 10 1 10 10 0 1 10 UCRArchive_2018//UWaveGestureLibraryX/tree.txt UCRArchive_2018//UWaveGestureLibraryX/time.txt
; time =>  1480.151  50.467 313.381  30.536 1058.660 
