;Shapelet Tree 

;random seed:1551089583, rand()=1248139244, rand()=1792540772
;command = ShapeletResearch/Execs/FastShapelet UCRArchive_2018//UWaveGestureLibraryY/UWaveGestureLibraryY_TRAIN.tsv 8 896 316 10 1 10 10 0 1 10 UCRArchive_2018//UWaveGestureLibraryY/tree.txt UCRArchive_2018//UWaveGestureLibraryY/time.txt 

;Local Class:   0  1  2  3  4  5  6  7 
;Real  Class:   6  5  3  4  8  7  1  2 

;Node ID class   obj  pos  len  dist_th 
TreeSize: 128 
NonL  1    --    730    0  271  18.8261 ==>  25 126  59 102  37   4   0   0  /  86   1  47   8  63 108 122 108 
NonL  2    --    292    0  307  14.3168 ==>   9 123  18  65   0   0   0   0  /  16   3  41  37  37   4   0   0 
NonL  3    --    168    0  314  21.7095 ==>  84   1  38   5   2  15 112   2  /   2   0   9   3  61  93  10 106 
NonL  4    --     15   31  222   2.3152 ==>   0  47   0   0   0   0   0   0  /   9  76  18  65   0   0   0   0 
NonL  5    --     48    0  314  24.7643 ==>  10   0   2  14  36   2   0   0  /   6   3  39  23   1   2   0   0 
NonL  6    --     48    0  314  11.1154 ==>  76   1   6   0   0   0  56   0  /   8   0  32   5   2  15  56   2 
NonL  7    --    216   14  290  13.4949 ==>   0   0   2   0   0  22   1  91  /   2   0   7   3  61  71   9  15 
Leaf  8     5    
NonL  9    --     17   26  262   4.3081 ==>   1   2  13   3   0   0   0   0  /   8  74   5  62   0   0   0   0 
NonL 10    --      9   79  225  11.4006 ==>   0   0   0   1  32   2   0   0  /  10   0   2  13   4   0   0   0 
NonL 11    --      1   35   97   3.6272 ==>   2   3   8  17   1   2   0   0  /   4   0  31   6   0   0   0   0 
NonL 12    --      5   38  163   2.8705 ==>  63   0   5   0   0   0   7   0  /  13   1   1   0   0   0  49   0 
NonL 13    --     63   32  228   6.8447 ==>   6   0  21   0   2   1   1   2  /   2   0  11   5   0  14  55   0 
NonL 14    --      0  129  157   3.9346 ==>   0   0   2   0   0  12   0   0  /   0   0   0   0   0  10   1  91 
NonL 15    --     76   64  168   9.0346 ==>   2   0   5   0  60  55   1   0  /   0   0   2   3   1  16   8  15 
NonL 18    --      0   35   19   0.3694 ==>   0   1   0   3   0   0   0   0  /   1   1  13   0   0   0   0   0 
NonL 19    --     22   79  211   4.5683 ==>   0  50   0  13   0   0   0   0  /   8  24   5  49   0   0   0   0 
Leaf 20     8    
NonL 21    --      0   96   85   2.4863 ==>  10   0   0   5   0   0   0   0  /   0   0   2   8   4   0   0   0 
NonL 22    --      1   48  186   5.8467 ==>   0   3   1  15   1   0   0   0  /   2   0   7   2   0   2   0   0 
NonL 23    --      1  149  112   1.6698 ==>   4   0   1   2   0   0   0   0  /   0   0  30   4   0   0   0   0 
NonL 24    --      1   47  108   2.2354 ==>  60   0   4   0   0   0   0   0  /   3   0   1   0   0   0   7   0 
NonL 25    --     42   10  303  11.2782 ==>   4   0   0   0   0   0  46   0  /   9   1   1   0   0   0   3   0 
NonL 26    --      7    0  314  20.3562 ==>   1   0  21   0   0   1   1   2  /   5   0   0   0   2   0   0   0 
NonL 27    --     23   46   73   3.3946 ==>   2   0   4   0   0   6  49   0  /   0   0   7   5   0   8   6   0 
NonL 28    --      0   97   11   0.4235 ==>   0   0   0   0   0  12   0   0  /   0   0   2   0   0   0   0   0 
NonL 29    --     33    0  312  15.0835 ==>   0   0   0   0   0   0   0  67  /   0   0   0   0   0  10   1  24 
NonL 30    --     37    0  314  19.0427 ==>   2   0   5   0  18  48   0   0  /   0   0   0   0  42   7   1   0 
NonL 31    --     20   93  149   6.9000 ==>   0   0   0   0   1  16   8   0  /   0   0   2   3   0   0   0  15 
NonL 36    --      0    0  312   3.1199 ==>   0   1   0   0   0   0   0   0  /   0   0   0   3   0   0   0   0 
NonL 37    --      3   90   72   1.4238 ==>   1   1   0   0   0   0   0   0  /   0   0  13   0   0   0   0   0 
NonL 38    --      0  148   54   1.0365 ==>   0  50   0   5   0   0   0   0  /   0   0   0   8   0   0   0   0 
NonL 39    --     34   35  230   8.5140 ==>   8  22   0  31   0   0   0   0  /   0   2   5  18   0   0   0   0 
NonL 42    --      0  260   28   0.7557 ==>   9   0   0   0   0   0   0   0  /   1   0   0   5   0   0   0   0 
NonL 43    --      0   71   23   0.4218 ==>   0   0   0   0   4   0   0   0  /   0   0   2   8   0   0   0   0 
NonL 44    --     17   41   68   2.2969 ==>   0   0   0  15   1   0   0   0  /   0   3   1   0   0   0   0   0 
NonL 45    --      1  135  144   6.4219 ==>   0   0   7   2   0   0   0   0  /   2   0   0   0   0   2   0   0 
NonL 46    --      3   27  163   3.7385 ==>   0   0   1   2   0   0   0   0  /   4   0   0   0   0   0   0   0 
NonL 47    --      1   94   60   1.5485 ==>   0   0  25   0   0   0   0   0  /   0   0   5   4   0   0   0   0 
Leaf 48     6    
NonL 49    --      1   72  220   4.5248 ==>   0   0   0   0   0   0   7   0  /   3   0   1   0   0   0   0   0 
Leaf 50     1    
NonL 51    --      1   52   54   1.4193 ==>   9   0   1   0   0   0   0   0  /   0   1   0   0   0   0   3   0 
NonL 52    --     11   19  258   8.1762 ==>   1   0   0   0   0   1   1   2  /   0   0  21   0   0   0   0   0 
NonL 53    --      5   25  236   6.7239 ==>   0   0   0   0   2   0   0   0  /   5   0   0   0   0   0   0   0 
NonL 54    --     56   19  282   6.4506 ==>   0   0   4   0   0   0   0   0  /   2   0   0   0   0   6  49   0 
NonL 55    --      3  185   86   3.9197 ==>   0   0   6   5   0   8   0   0  /   0   0   1   0   0   0   6   0 
Leaf 56     7    
Leaf 57     3    
Leaf 58     2    
NonL 59    --      7  138  115   5.2998 ==>   0   0   0   0   0  10   0   7  /   0   0   0   0   0   0   1  17 
NonL 60    --      0   63   32   0.7333 ==>   2   0   4   0   0   1   0   0  /   0   0   1   0  18  47   0   0 
NonL 61    --     15    0  313  29.8427 ==>   0   0   0   0  41   2   0   0  /   0   0   0   0   1   5   1   0 
NonL 62    --      3   88   64   1.4466 ==>   0   0   0   0   0   1   8   0  /   0   0   0   0   1  15   0   0 
NonL 63    --      2    0  313  23.9289 ==>   0   0   0   0   0   0   0  14  /   0   0   2   3   0   0   0   1 
Leaf 72     5    
Leaf 73     4    
Leaf 74     6    
Leaf 75     3    
Leaf 76     5    
Leaf 77     4    
Leaf 78     4    
Leaf 79     4    
Leaf 84     6    
Leaf 85     4    
Leaf 86     8    
Leaf 87     4    
Leaf 88     4    
Leaf 89     5    
Leaf 90     3    
Leaf 91     6    
Leaf 92     4    
Leaf 93     6    
Leaf 94     3    
Leaf 95     3    
Leaf 98     1    
Leaf 99     6    
Leaf 102     6    
Leaf 103     1    
Leaf 104     2    
Leaf 105     3    
Leaf 106     8    
Leaf 107     6    
Leaf 108     3    
Leaf 109     1    
Leaf 110     7    
Leaf 111     1    
Leaf 118     7    
Leaf 119     2    
Leaf 120     3    
Leaf 121     7    
Leaf 122     8    
Leaf 123     7    
Leaf 124     1    
Leaf 125     7    
Leaf 126     2    
Leaf 127     4    

;Shapelet id   <data>
Shapelet   1   0.743611  0.743611  0.743611  0.743611  0.743611  0.743611  0.743611  0.743611  0.743247  0.736069  0.727203  0.693363  0.659522  0.625682  0.594294  0.588141  0.582612  0.582612  0.582612  0.582612  0.582612  0.582612  0.582612  0.582612  0.582612  0.582612  0.582612  0.582612  0.582612  0.582612  0.582612  0.582612  0.582612  0.582612  0.582612  0.582612  0.582612  0.582612  0.582612  0.582612  0.582612  0.582612  0.582612  0.582612  0.582612  0.582612  0.582612  0.582612  0.582612  0.582612  0.582612  0.582612  0.582612  0.582612  0.582612  0.582612  0.582612  0.582612  0.582612  0.582612  0.582612  0.582612  0.582612  0.582612  0.582612  0.582612  0.582612  0.582612  0.582612  0.582612  0.583975  0.587051  0.604147  0.637987  0.671828  0.705668  0.739509  0.773350  0.807190  0.841031  0.869680  0.893266  0.904611  0.904611  0.904611  0.904611  0.921356  0.952120  0.984598  1.018438  1.052279  1.086119  1.119960  1.153801  1.185201  1.214940  1.226609  1.226609  1.226609  1.226609  1.226609  1.226609  1.226609  1.226609  1.226609  1.226609  1.226609  1.226609  1.226609  1.226609  1.226609  1.226609  1.226609  1.226609  1.226609  1.226609  1.226609  1.226609  1.222780  1.217653  1.190718  1.156877  1.123036  1.089196  1.055355  1.021515  0.987674  0.953833  0.919993  0.886152  0.852311  0.818471  0.784630  0.750789  0.744779  0.743754  0.743611  0.743611  0.743611  0.743611  0.743611  0.743611  0.738081  0.731928  0.700541  0.666700  0.632860  0.599019  0.590153  0.582975  0.582612  0.582612  0.582612  0.582612  0.582612  0.582612  0.582612  0.582612  0.548771  0.514930  0.481090  0.447249  0.413408  0.379568  0.345727  0.312250  0.285588  0.260613  0.260613  0.260613  0.260613  0.260613  0.260613  0.260613  0.260613  0.260613  0.260613  0.260613  0.260613  0.260470  0.259445  0.253434  0.219594  0.185753  0.151913  0.121888  0.109583  0.099614  0.099614  0.096290  0.079883  0.052442 -0.015240 -0.082921 -0.150602 -0.204472 -0.214727 -0.222386 -0.222386 -0.222386 -0.222386 -0.222386 -0.222386 -0.222386 -0.222386 -0.222386 -0.222386 -0.222386 -0.222386 -0.222386 -0.222386 -0.222386 -0.222386 -0.219114 -0.209885 -0.191621 -0.157781 -0.123940 -0.090099 -0.067928 -0.063827 -0.061386 -0.061386 -0.068240 -0.084648 -0.108558 -0.142399 -0.177602 -0.214519 -0.265455 -0.333137 -0.400818 -0.468499 -0.536181 -0.603862 -0.671543 -0.739224 -0.806906 -0.874587 -0.942268 -1.009950 -1.077631 -1.145312 -1.196249 -1.233165 -1.268369 -1.302210 -1.336050 -1.369891 -1.403732 -1.437572 -1.468972 -1.498711 -1.510381 -1.510381 -1.510381 -1.510381 -1.510381 -1.510381 -1.510381 -1.510381 -1.510381 -1.510381 -1.510381 -1.510381 -1.510381 -1.510381 -1.554645 -1.618224 -1.684711 -1.752393 
Shapelet   2   0.743611  0.743611  0.743611  0.743611  0.743611  0.743611  0.743611  0.743611  0.743247  0.736069  0.727203  0.693363  0.659522  0.625682  0.594294  0.588141  0.582612  0.582612  0.582612  0.582612  0.582612  0.582612  0.582612  0.582612  0.582612  0.582612  0.582612  0.582612  0.582612  0.582612  0.582612  0.582612  0.582612  0.582612  0.582612  0.582612  0.582612  0.582612  0.582612  0.582612  0.582612  0.582612  0.582612  0.582612  0.582612  0.582612  0.582612  0.582612  0.582612  0.582612  0.582612  0.582612  0.582612  0.582612  0.582612  0.582612  0.582612  0.582612  0.582612  0.582612  0.582612  0.582612  0.582612  0.582612  0.582612  0.582612  0.582612  0.582612  0.582612  0.582612  0.583975  0.587051  0.604147  0.637987  0.671828  0.705668  0.739509  0.773350  0.807190  0.841031  0.869680  0.893266  0.904611  0.904611  0.904611  0.904611  0.921356  0.952120  0.984598  1.018438  1.052279  1.086119  1.119960  1.153801  1.185201  1.214940  1.226609  1.226609  1.226609  1.226609  1.226609  1.226609  1.226609  1.226609  1.226609  1.226609  1.226609  1.226609  1.226609  1.226609  1.226609  1.226609  1.226609  1.226609  1.226609  1.226609  1.226609  1.226609  1.222780  1.217653  1.190718  1.156877  1.123036  1.089196  1.055355  1.021515  0.987674  0.953833  0.919993  0.886152  0.852311  0.818471  0.784630  0.750789  0.744779  0.743754  0.743611  0.743611  0.743611  0.743611  0.743611  0.743611  0.738081  0.731928  0.700541  0.666700  0.632860  0.599019  0.590153  0.582975  0.582612  0.582612  0.582612  0.582612  0.582612  0.582612  0.582612  0.582612  0.548771  0.514930  0.481090  0.447249  0.413408  0.379568  0.345727  0.312250  0.285588  0.260613  0.260613  0.260613  0.260613  0.260613  0.260613  0.260613  0.260613  0.260613  0.260613  0.260613  0.260613  0.260470  0.259445  0.253434  0.219594  0.185753  0.151913  0.121888  0.109583  0.099614  0.099614  0.096290  0.079883  0.052442 -0.015240 -0.082921 -0.150602 -0.204472 -0.214727 -0.222386 -0.222386 -0.222386 -0.222386 -0.222386 -0.222386 -0.222386 -0.222386 -0.222386 -0.222386 -0.222386 -0.222386 -0.222386 -0.222386 -0.222386 -0.222386 -0.219114 -0.209885 -0.191621 -0.157781 -0.123940 -0.090099 -0.067928 -0.063827 -0.061386 -0.061386 -0.068240 -0.084648 -0.108558 -0.142399 -0.177602 -0.214519 -0.265455 -0.333137 -0.400818 -0.468499 -0.536181 -0.603862 -0.671543 -0.739224 -0.806906 -0.874587 -0.942268 -1.009950 -1.077631 -1.145312 -1.196249 -1.233165 -1.268369 -1.302210 -1.336050 -1.369891 -1.403732 -1.437572 -1.468972 -1.498711 -1.510381 -1.510381 -1.510381 -1.510381 -1.510381 -1.510381 -1.510381 -1.510381 -1.510381 -1.510381 -1.510381 -1.510381 -1.510381 -1.510381 -1.554645 -1.618224 -1.684711 -1.752393 -1.793438 -1.824202 -1.832380 -1.832380 -1.836209 -1.841336 -1.868271 -1.902112 -1.935953 -1.969793 -1.963394 -1.945961 -1.915443 -1.881603 -1.857731 -1.836196 -1.832380 -1.832380 -1.832380 -1.832380 -1.832380 -1.832380 -1.832380 -1.832380 -1.815362 -1.795878 -1.763673 -1.729832 -1.695992 -1.662151 -1.628310 -1.594470 -1.560629 -1.526788 -1.517923 -1.510744 
Shapelet   3  -1.889061 -1.889061 -1.889061 -1.889061 -1.889061 -1.889061 -1.889061 -1.889061 -1.889061 -1.889061 -1.889061 -1.889061 -1.889061 -1.889061 -1.889061 -1.889061 -1.889061 -1.889061 -1.889061 -1.889061 -1.889061 -1.889061 -1.889061 -1.889061 -1.889061 -1.889061 -1.889061 -1.889061 -1.889061 -1.889061 -1.889061 -1.889061 -1.889061 -1.889061 -1.889061 -1.889061 -1.889061 -1.889061 -1.889061 -1.889061 -1.889061 -1.889061 -1.888583 -1.872502 -1.840816 -1.791900 -1.742985 -1.694070 -1.645154 -1.596239 -1.547324 -1.498408 -1.449493 -1.400578 -1.351662 -1.302747 -1.253832 -1.204917 -1.156001 -1.107086 -1.070020 -1.047449 -1.047449 -1.047449 -1.041001 -1.016878 -0.975082 -0.926166 -0.877251 -0.839060 -0.808233 -0.783776 -0.759318 -0.734860 -0.710403 -0.685945 -0.661487 -0.637030 -0.612572 -0.588114 -0.563657 -0.537451 -0.502607 -0.459125 -0.410210 -0.361295 -0.320500 -0.287666 -0.262794 -0.238336 -0.213879 -0.189421 -0.164963 -0.140506 -0.116048 -0.091590 -0.067133 -0.042675 -0.018217  0.006240  0.030698  0.055156  0.079613  0.104071  0.128529  0.152986  0.177444  0.201902  0.211432  0.214968  0.214968  0.214968  0.214968  0.214968  0.214968  0.214968  0.221795  0.236075  0.260533  0.284991  0.309448  0.333906  0.358364  0.382821  0.407279  0.443596  0.487018  0.535933  0.584848  0.633764  0.659034  0.683684  0.708142  0.737270  0.773139  0.822054  0.870969  0.917586  0.955445  0.984547  1.009004  1.033462  1.048798  1.056503  1.056580  1.056580  1.056580  1.056580  1.056580  1.056580  1.056580  1.056580  1.056580  1.056580  1.055558  1.046177  1.028436  1.003979  0.979521  0.961781  0.952400  0.951378  0.951378  0.951378  0.951378  0.951378  0.951378  0.951378  0.951378  0.951378  0.951378  0.951378  0.951378  0.951378  0.951378  0.951378  0.956022  0.969424  0.991582  1.016040  1.040498  1.051909  1.056580  1.056580  1.056580  1.056580  1.056580  1.056580  1.056580  1.056580  1.056580  1.056580  1.056580  1.053677  1.041951  1.021401  0.996943  0.972485  0.958205  0.951378  0.951378  0.951378  0.951378  0.951378  0.951378  0.951378  0.951378  0.951378  0.951378  0.951378  0.951378  0.951378  0.951378  0.951378  0.951378  0.951378  0.951378  0.951378  0.951378  0.951378  0.933757  0.911509  0.887051  0.862593  0.838136  0.813678  0.789221  0.764348  0.731515  0.690720  0.641805  0.592889  0.549407  0.514564  0.488358  0.463900  0.439443  0.414985  0.390527  0.366069  0.340995  0.314139  0.265223  0.216308  0.167393  0.131216  0.109767  0.109767  0.109767  0.109767  0.109767  0.109767  0.109767  0.109767  0.121052  0.139585  0.164043  0.188500  0.212958  0.214570  0.214968  0.214968  0.214968  0.214968  0.214968  0.214968  0.214968  0.214968  0.214968  0.214968  0.214968  0.206353  0.189937  0.165718  0.141260  0.116802  0.111392  0.109767  0.109767  0.109767  0.109767  0.109767  0.109767  0.111379  0.129471  0.164043  0.212958  0.261873  0.304512  0.338686  0.364394  0.388852  0.413310  0.437767  0.462225  0.486683  0.510046  0.530572  0.530572  0.530572  0.530572  0.523275  0.508460  0.484002  0.459545  0.435087  0.410629  0.386172  0.361714  0.337256  0.325245  0.320169  0.320169  0.320169 
Shapelet   4   1.268968  1.268968  1.268968  1.268968  1.268968  1.268968  1.268968  1.268968  1.268968  1.268968  1.268968  1.268968  1.268968  1.268968  1.268968  1.268968  1.268968  1.268968  1.268968  1.268968  1.268968  1.268968  1.268968  1.268968  1.268968  1.268968  1.268968  1.268968  1.268968  1.268968  1.268968  1.268968  1.268968  1.268968  1.268968  1.268968  1.268968  1.268968  1.262586  1.251707  1.235278  1.217732  1.200185  1.182525  1.164627  1.141931  1.115611  1.089291  1.062971  1.036651  1.012811  0.994563  0.981555  0.972782  0.964009  0.955235  0.946462  0.939932  0.938879  0.938391  0.938391  0.938391  0.938317  0.935685  0.931372  0.922599  0.913825  0.905052  0.896279  0.887576  0.885120  0.883294  0.883294  0.883294  0.883294  0.881455  0.878999  0.861537  0.843990  0.826443  0.808897  0.791350  0.766613  0.739240  0.704319  0.669226  0.634133  0.599040  0.563947  0.541150  0.523253  0.505692  0.488146  0.470599  0.453053  0.435506  0.417959  0.400413  0.382866  0.365320  0.347773  0.327092  0.302351  0.276534  0.250214  0.223894  0.197939  0.173725  0.152304  0.134758  0.117211  0.099665  0.082118  0.065477  0.053721  0.043165  0.034391  0.025618  0.016845  0.008072 -0.000702 -0.009475 -0.018248 -0.027022 -0.035795 -0.044568 -0.057189 -0.070888 -0.088434 -0.105981 -0.123528 -0.141074 -0.158621 -0.169223 -0.178624 -0.187397 -0.196170 -0.204944 -0.213717 -0.222490 -0.231264 -0.240037 -0.248810 -0.257583 -0.266357 -0.279004 -0.294445 -0.311627 -0.329173 -0.346720 -0.364267 -0.381813 -0.399360 -0.416906 -0.434453 -0.451999 -0.469546 -0.485505 -0.497787 -0.508148 -0.516922 -0.525695 -0.534475 -0.543424 -0.554822 -0.572369 -0.589915 -0.607462 -0.625009 -0.642555 -0.660102 -0.677648 -0.695195 -0.712741 -0.730288 -0.747835 -0.765381 -0.782928 -0.800474 -0.818021 -0.835567 -0.853114 -0.868835 -0.883925 -0.892769 -0.901542 -0.910316 -0.919089 -0.927862 -0.936636 -0.945409 -0.954182 -0.962955 -0.971729 -0.980502 -0.989275 -0.998049 -1.006822 -1.015595 -1.024369 -1.033142 -1.041915 -1.050688 -1.059462 -1.068235 -1.077008 -1.085781 -1.094555 -1.099705 -1.100056 -1.100170 -1.100170 -1.100170 -1.100728 -1.104062 -1.109645 -1.118418 -1.127191 -1.135965 -1.144738 -1.153511 -1.162284 
Shapelet   5  -0.039489 -0.039489 -0.039489 -0.039489 -0.039489 -0.039489 -0.039489 -0.039489 -0.039489 -0.039489 -0.039489 -0.039489 -0.039489 -0.039489 -0.039489 -0.039489 -0.039489 -0.039489 -0.039489 -0.039489 -0.025785  0.002965  0.057065  0.106463  0.123821  0.130836  0.130836  0.130836  0.130836  0.130836  0.130836  0.130836  0.130836  0.130836  0.130836  0.157986  0.195928  0.254511  0.339221  0.442826  0.559360  0.638988  0.641158  0.641810  0.641810  0.641810  0.641810  0.641810  0.641810  0.641810  0.641810  0.641810  0.641810  0.687594  0.738605  0.794476  0.812135  0.812135  0.812135  0.812135  0.812135  0.834352  0.867463  0.926046  0.962583  0.981026  0.982459  0.982459  0.982459  0.986810  0.995478  1.054061  1.104774  1.144372  1.152784  1.152784  1.152784  1.152784  1.152784  1.152784  1.152784  1.152784  1.152784  1.152517  1.142210  1.112643  1.054061  1.013066  0.982459  0.982459  0.964191  0.928932  0.872887  0.826918  0.816069  0.812135  0.812135  0.812135  0.812135  0.812135  0.812135  0.812135  0.812135  0.812135  0.812135  0.777936  0.734024  0.675441  0.648898  0.641846  0.641810  0.641810  0.641810  0.641810  0.641810  0.641810  0.641810  0.641810  0.641810  0.651801  0.694654  0.747042  0.805625  0.755845  0.701478  0.642895  0.584312  0.525729  0.467146  0.408563  0.349979  0.291396  0.232813  0.174231  0.115648  0.057065 -0.000996 -0.039489 -0.039489 -0.039489 -0.039489 -0.039489 -0.027864 -0.002370  0.050555  0.109138  0.167721  0.226304  0.284887  0.247805  0.200267  0.141684  0.083101  0.024519 -0.034064 -0.092647 -0.151231 -0.209814 -0.268397 -0.326980 -0.408935 -0.509286 -0.625319 -0.709321 -0.718000 -0.726310 -0.737061 -0.795644 -0.854227 -0.912810 -0.971393 -1.024318 -1.049813 -1.061437 -1.061437 -1.061437 -1.061437 -1.061437 -1.099930 -1.157558 -1.204207 -1.231761 -1.231761 -1.231761 -1.231761 -1.231761 -1.251256 -1.288141 -1.344588 -1.403171 -1.461754 -1.518229 -1.572411 -1.572411 -1.578605 -1.594336 -1.642927 -1.697564 -1.727941 -1.742735 -1.742735 -1.706690 -1.661370 -1.602787 -1.577807 -1.572374 -1.565323 -1.538780 -1.480197 -1.421614 -1.363031 -1.304448 -1.261784 -1.235204 -1.231761 -1.242593 -1.287073 -1.340249 -1.398832 -1.344684 -1.303914 -1.288726 -1.414020 -1.584693 -1.713793 -1.808913 -1.867496 -1.895472 -1.913060 -1.913060 -1.855028 -1.758475 -1.643956 -1.548544 -1.489961 -1.420830 -1.343503 -1.226337 -1.134466 -1.071544 -1.061437 -1.061437 -1.061437 -1.061437 -1.061437 -1.061437 -1.063416 -1.069382 -1.112426 -1.168142 -1.189839 -1.175348 -1.116765 -1.058182 -0.999599 -0.941016 -0.832968 -0.687595 -0.513577 -0.355487 -0.235609 -0.124328 -0.019961  0.038622  0.087525  0.123868  0.130836  0.130836  0.130836  0.130836  0.130836  0.130836  0.130836  0.130836  0.130836  0.130836  0.130836  0.130836  0.130836  0.130836  0.130836  0.130836  0.172342  0.249368  0.362998  0.480164  0.597330  0.714496  0.831662  0.948828  1.058979  1.158787  1.226555  1.285138  1.343721  1.402304  1.460887  1.481544  1.493433  1.493433  1.528632  1.583612  1.650874  1.737529  1.854695  1.955748  2.046717  2.105300  2.129729  2.121050  2.068414  2.021537  2.009061  2.004407 
Shapelet   6  -1.407312 -1.407312 -1.407312 -1.407312 -1.407312 -1.407312 -1.407312 -1.407312 -1.407312 -1.407312 -1.407312 -1.407312 -1.407312 -1.407312 -1.407312 -1.407312 -1.407312 -1.407312 -1.407312 -1.407312 -1.407312 -1.407312 -1.407312 -1.407312 -1.407312 -1.407312 -1.407312 -1.407312 -1.407312 -1.407312 -1.407312 -1.407312 -1.407312 -1.407312 -1.407312 -1.407312 -1.407312 -1.407312 -1.407312 -1.407312 -1.407312 -1.407312 -1.407312 -1.407312 -1.402799 -1.394346 -1.377608 -1.360869 -1.345316 -1.336357 -1.333286 -1.333286 -1.333286 -1.327628 -1.317726 -1.300987 -1.284249 -1.267510 -1.250772 -1.234033 -1.217295 -1.200556 -1.183818 -1.167079 -1.150341 -1.133602 -1.119087 -1.112957 -1.111206 -1.111206 -1.111206 -1.103015 -1.090459 -1.073721 -1.056982 -1.040244 -1.023505 -1.006767 -0.990028 -0.973290 -0.966129 -0.963152 -0.963152 -0.963152 -0.959569 -0.946131 -0.930147 -0.913408 -0.896670 -0.879931 -0.863193 -0.846454 -0.829716 -0.817362 -0.815476 -0.815099 -0.815099 -0.815099 -0.815099 -0.815099 -0.815099 -0.815099 -0.809831 -0.793564 -0.776907 -0.760168 -0.743430 -0.726691 -0.709953 -0.693214 -0.677275 -0.667045 -0.667045 -0.667045 -0.666448 -0.664798 -0.650071 -0.633333 -0.616594 -0.599856 -0.583117 -0.566379 -0.549640 -0.532901 -0.516163 -0.499424 -0.482686 -0.465947 -0.449209 -0.432470 -0.415732 -0.398993 -0.382255 -0.365516 -0.348778 -0.332039 -0.315301 -0.293721 -0.266735 -0.233258 -0.199781 -0.166304 -0.132827 -0.099350 -0.065873 -0.032396 -0.005269  0.016877  0.033615  0.050354  0.070572  0.094619  0.127917  0.161394  0.194871  0.228348  0.261825  0.295302  0.328779  0.357853  0.382531  0.399269  0.416008  0.432746  0.449485  0.466223  0.482962  0.499700  0.511032  0.517382  0.517382  0.517382  0.517382  0.517382  0.517382  0.517382  0.517382  0.517382  0.517382  0.517382  0.517382  0.517382  0.517382  0.517382  0.517382  0.517382  0.525038  0.538364  0.555103  0.571841  0.588580  0.605318  0.622057  0.638795  0.655534  0.672272  0.689011  0.705749  0.722488  0.739226  0.755965  0.772703  0.789442  0.806180  0.822919  0.839657  0.856396  0.873135  0.887201  0.887437  0.887516  0.887516  0.887516  0.887516  0.887516  0.887516  0.888324  0.892466  0.909205  0.925943  0.942305  0.957157  0.961542  0.961542  0.961542  0.961542  0.961542  0.961542  0.961542  0.961542  0.961542  0.961542  0.961542  0.961542  0.961542  0.961542  0.961542  0.961542  0.961542  0.961542  0.961542  0.961542  0.961542  0.961542  0.961542  0.961542  0.961542  0.961542  0.961542  0.961542  0.961542  0.961542  0.961542  0.961542  0.961542  0.961542  0.963913  0.971457  0.986532  1.003271  1.020009  1.036748  1.053486  1.070225  1.086963  1.100630  1.108410  1.109596  1.109596  1.109596  1.117881  1.130106  1.146845  1.163583  1.176469  1.182834  1.183622  1.183622  1.183622  1.193436  1.206726  1.223465  1.240203  1.252227  1.257177  1.257649  1.257649  1.257649  1.257649  1.257649  1.257649  1.257649  1.257649  1.257649  1.257649  1.257649  1.257649  1.257649  1.257649  1.257649  1.257649  1.257649  1.257649  1.257649  1.257649  1.257649  1.257649  1.257649  1.257649  1.257649  1.257649  1.257649  1.257649  1.257649 
Shapelet   7   0.093181  0.093181  0.206293  0.317666  0.345643  0.345643  0.345643  0.345643  0.357253  0.397101  0.487151  0.577202  0.667252  0.756675  0.843509  0.850569  0.904791  0.991272  1.075355  1.098672  1.103031  1.103031  1.103031  1.103031  1.103031  1.103031  1.103031  1.103031  1.103031  1.103031  1.103031  1.103031  1.099698  1.031356  0.992201  0.976800  0.967622  0.925813  0.869597  0.834488  0.778677  0.665572  0.491904  0.388257  0.347369  0.323222  0.244906  0.224805  0.174701  0.100417  0.010367 -0.079684 -0.169734 -0.259784 -0.349835 -0.439885 -0.529936 -0.619986 -0.710036 -0.819697 -0.990149 -1.031475 -1.042901 -1.042901 -1.049124 -1.094149 -1.209157 -1.334917 -1.427308 -1.448127 -1.538178 -1.627620 -1.674057 -1.674057 -1.674057 -1.741870 -1.826018 -1.895320 -1.931070 -1.977703 -2.059987 -2.134271 -2.178982 -2.178982 -2.178982 -2.178982 -2.178982 -2.178982 -2.178982 -2.112719 -2.068832 -2.033723 -1.974761 -1.884711 -1.794661 -1.704610 -1.614560 -1.524509 -1.434459 -1.347122 -1.295363 -1.284970 -1.199744 -1.110439 -1.020388 -0.930338 -0.840288 -0.750237 -0.690524 -0.664207 -0.659847 -0.636530 -0.565626 -0.534407 -0.498579 -0.415588 -0.412372 -0.411744 -0.411744 -0.411744 -0.411744 -0.411744 -0.411744 -0.426021 -0.464378 -0.529504 -0.565953 -0.677326 -0.790438 -0.794033 -0.882476 -0.911316 -0.916670 -0.916670 -0.916670 -0.916670 -0.916670 -0.916670 -0.919474 -0.946007 -1.010544 -1.042901 -1.042901 -1.042901 -1.042901 -0.984142 -0.898981 -0.808931 -0.718880 -0.628830 -0.567097 -0.550605 -0.591041 -0.681091 -0.771142 -0.855838 -0.916670 -0.916670 -0.916670 -0.860114 -0.804427 -0.790438 -0.790438 -0.742393 -0.666619 -0.588178 -0.537976 -0.537976 -0.537976 -0.532289 -0.505638 -0.418804 -0.411744 -0.411744 -0.411744 -0.405776 -0.339043 -0.253352 -0.163302 -0.083710 -0.033861 -0.033050 -0.048974 -0.094699 -0.159282 -0.159282 -0.159282 -0.159282 -0.134181 -0.053033  0.105359  0.234564  0.340015  0.411711  0.418143  0.302494  0.157503  0.033213 -0.031586 -0.018722  0.134186  0.265124  0.356900  0.446950  0.537001  0.492917  0.383910  0.262829  0.172779  0.082729  0.008785 -0.027148 -0.005498  0.076512  0.093181  0.093181  0.073571 -0.006831 -0.027337 -0.033050 -0.010714  0.054379  0.189454  0.332152  0.460540  0.591589  0.750870  0.840921  0.930971  1.021021  1.094403  1.102443  1.170844  1.254991  1.324294  1.360043  1.406677  1.457931  1.465959  1.426012  1.356063  1.355494  1.355494  1.355494  1.355494  1.355494  1.421757  1.465645  1.500754  1.556970  1.598779  1.607957  1.607957  1.607957  1.607957  1.607957  1.607957  1.607957  1.607957  1.607957  1.543373  1.497649  1.481725  1.481725  1.481725  1.451388  1.402559  1.355494  1.355494  1.355494  1.351925  1.316097  1.240166  1.323784  1.349807  1.318953  1.244539  1.154489  1.014236  0.905334  0.836293  0.797935  0.732809  0.710349  0.654662  0.598106  0.598106  0.598106  0.598106  0.598106 
Shapelet   9   0.053434  0.053434  0.053434  0.062113  0.073389  0.091884  0.109176  0.122804  0.129847  0.129847  0.129847  0.129847  0.129847  0.129847  0.129847  0.129847  0.129847  0.129847  0.129847  0.129847  0.129847  0.129847  0.129847  0.129847  0.139888  0.156436  0.174625  0.193924  0.222639  0.253958  0.290948  0.325794  0.358891  0.380503  0.398998  0.417492  0.440138  0.474694  0.510454  0.547444  0.591543  0.638267  0.693457  0.747564  0.796234  0.831682  0.850177  0.868672  0.887167  0.919837  0.954333  0.991323  1.024780  1.052522  1.074550  1.093045  1.111540  1.130035  1.148530  1.167025  1.185520  1.204015  1.222510  1.241005  1.259500  1.277994  1.296490  1.314985  1.332249  1.348311  1.352462  1.352462  1.352462  1.352462  1.352462  1.352462  1.352462  1.352462  1.352462  1.352462  1.352768  1.354715  1.363169  1.381664  1.400159  1.418653  1.437148  1.455643  1.474139  1.490009  1.500716  1.505288  1.505288  1.505288  1.505288  1.505288  1.505288  1.505288  1.498245  1.484617  1.467324  1.448829  1.430334  1.411839  1.393345  1.374402  1.354934  1.323259  1.286269  1.249280  1.214504  1.190656  1.168972  1.150477  1.131982  1.113487  1.094992  1.076661  1.059626  1.061409  1.098399  1.135389  1.172379  1.198990  1.222997  1.241492  1.261835  1.286657  1.317904  1.354894  1.391884  1.428874  1.373390  1.317905  1.262420  1.206936  1.151451  1.095966  1.040481  0.968458  0.888627  0.777657  0.666688  0.555718  0.456484  0.363523  0.270993  0.181406  0.112293  0.048080 -0.007405 -0.056513 -0.101290 -0.124215 -0.142710 -0.161205 -0.174384 -0.175357 -0.175806 -0.175806 -0.184485 -0.195761 -0.214256 -0.235157 -0.263386 -0.304784 -0.360269 -0.415754 -0.471238 -0.526723 -0.582208 -0.637693 -0.688606 -0.733383 -0.772998 -0.809988 -0.843041 -0.873747 -0.892242 -0.910737 -0.929232 -0.947727 -0.966222 -0.984717 -1.002408 -1.010682 -1.016353 -1.016353 -1.014209 -1.010315 -0.994938 -0.976443 -0.957948 -0.947754 -0.961382 -0.977416 -0.995911 -1.007297 -1.016058 -1.016353 -1.017042 -1.020449 -1.030467 -1.048962 -1.067457 -1.085952 -1.104447 -1.122942 -1.141437 -1.159932 -1.178427 -1.196922 -1.215417 -1.231418 -1.245593 -1.245593 -1.245593 -1.245593 -1.245593 -1.245593 -1.245593 -1.245593 -1.245593 -1.245593 -1.245593 -1.245593 -1.245593 -1.245593 -1.245593 -1.245593 -1.245593 -1.245593 -1.245593 -1.245593 -1.251264 -1.259538 -1.277229 -1.295418 -1.311966 -1.322006 -1.322006 -1.322006 -1.322006 -1.322006 -1.322006 -1.322006 -1.322006 -1.322006 -1.322006 -1.322006 -1.320825 -1.318599 -1.300104 -1.281609 -1.263114 -1.244619 -1.226125 -1.207630 -1.189135 -1.170640 -1.152145 -1.133650 
Shapelet  10   0.126808  0.169937  0.213066  0.256194  0.299323  0.342451  0.405486  0.491743  0.578000  0.645181  0.688310  0.731439  0.774567  0.817696  0.860824  0.903953  0.947082  0.990210  1.033339  1.076468  1.119596  1.162725  1.205854  1.248982  1.277182  1.277182  1.277182  1.291282  1.334410  1.377539  1.407397  1.407397  1.407397  1.407397  1.407397  1.407397  1.407397  1.407397  1.407397  1.407397  1.407397  1.407397  1.397444  1.354316  1.311187  1.277182  1.277182  1.277182  1.277182  1.277182  1.277182  1.277182  1.277182  1.277182  1.270547  1.227418  1.184289  1.146966  1.146966  1.146966  1.141990  1.098861  1.055733  1.012604  0.969476  0.926347  0.886536  0.886536  0.886536  0.884048  0.840919  0.797790  0.754662  0.711533  0.668404  0.625276  0.582147  0.539019  0.495890  0.452761  0.409633  0.366504  0.281076  0.194819  0.108561  0.063774  0.020645 -0.022483 -0.065612 -0.108740 -0.151869 -0.155187 -0.155187 -0.155187 -0.194168 -0.237297 -0.280426 -0.323554 -0.366683 -0.409812 -0.415617 -0.415617 -0.415617 -0.415617 -0.415617 -0.415617 -0.451281 -0.494410 -0.537539 -0.580668 -0.623796 -0.666925 -0.676048 -0.676048 -0.676048 -0.676048 -0.676048 -0.676048 -0.676048 -0.676048 -0.676048 -0.707565 -0.750694 -0.793822 -0.806263 -0.806263 -0.806263 -0.806263 -0.806263 -0.806263 -0.806263 -0.806263 -0.806263 -0.806263 -0.806263 -0.806263 -0.833633 -0.876762 -0.919891 -0.963020 -1.006148 -1.049277 -1.092405 -1.135534 -1.178663 -1.196909 -1.196909 -1.196909 -1.172857 -1.129728 -1.086600 -1.043471 -1.000342 -0.957214 -0.936479 -0.936479 -0.936479 -0.958043 -1.001172 -1.044300 -1.066694 -1.066694 -1.066694 -1.066694 -1.066694 -1.066694 -1.066694 -1.066694 -1.066694 -1.066694 -1.066694 -1.066694 -1.049277 -1.006148 -0.963020 -0.919891 -0.876762 -0.833633 -0.806263 -0.806263 -0.806263 -0.791334 -0.748206 -0.705077 -0.661948 -0.618820 -0.575691 -0.532563 -0.489434 -0.446305 -0.365854 -0.193339 -0.020824  0.151690  0.324205  0.496719  0.658452  0.787838  0.917224  1.026704  1.069833  1.112961  1.156090  1.199218  1.242347  1.293770  1.380027  1.466285  1.552542  1.638799  1.725056  1.804678  1.847807  1.890936  1.928258  1.928258  1.928258  1.928258  1.928258  1.928258  1.919964  1.833707  1.747450  1.661193  1.574935 
Shapelet  11  -0.374378 -0.374378 -0.374378 -0.374378 -0.374378 -0.374378 -0.374378 -0.374378 -0.374378 -0.374378 -0.374378 -0.374378 -0.374378 -0.374378 -0.374378 -0.374378 -0.374378 -0.374378 -0.374378 -0.374378 -0.374378 -0.374378 -0.374378 -0.374378 -0.374378 -0.374378 -0.374378 -0.374378 -0.374378 -0.374378 -0.374378 -0.374378 -0.374378 -0.374378 -0.374378 -0.385362 -0.399450 -0.414416 -0.426205 -0.433396 -0.435407 -0.435407 -0.435407 -0.435407 -0.435407 -0.435407 -0.435407 -0.445375 -0.456981 -0.471946 -0.484498 -0.495382 -0.496435 -0.496435 -0.496435 -0.496435 -0.496435 -0.496435 -0.497430 -0.504038 -0.514511 -0.529476 -0.544141 -0.557464 -0.557464 -0.557464 -0.557464 -0.557464 -0.557464 -0.557464 -0.557464 -0.557464 -0.557464 -0.557464 -0.557464 -0.557464 -0.557464 -0.557464 -0.557464 -0.557464 -0.557464 -0.557464 -0.557464 -0.557464 -0.557464 -0.557464 -0.557464 -0.553865 -0.545896 -0.532586 -0.517620 -0.502655 -0.487689 -0.472724 -0.457758 -0.442792 -0.427827 
Shapelet  12  -1.306439 -1.306439 -1.306439 -1.306439 -1.306439 -1.306439 -1.306439 -1.306439 -1.306439 -1.306439 -1.306439 -1.306439 -1.306439 -1.306439 -1.306439 -1.306439 -1.306439 -1.306439 -1.306439 -1.306439 -1.306439 -1.306439 -1.306439 -1.306439 -1.306439 -1.306439 -1.306439 -1.306439 -1.306439 -1.306439 -1.305568 -1.293715 -1.281009 -1.268079 -1.255148 -1.242218 -1.239491 -1.238770 -1.238770 -1.238770 -1.238770 -1.222858 -1.199979 -1.174119 -1.148258 -1.122397 -1.108499 -1.103433 -1.103433 -1.103433 -1.103433 -1.094874 -1.076710 -1.050850 -1.024989 -0.999129 -0.976118 -0.957752 -0.944821 -0.931891 -0.918961 -0.906031 -0.893100 -0.880170 -0.867240 -0.854309 -0.840570 -0.823329 -0.798278 -0.772418 -0.746557 -0.720894 -0.698266 -0.683199 -0.670268 -0.657338 -0.644408 -0.629463 -0.607341 -0.581480 -0.555620 -0.529759 -0.504769 -0.486227 -0.473297 -0.460367 -0.447436 -0.434506 -0.421576 -0.408646 -0.395715 -0.382785 -0.369855 -0.350442 -0.313806 -0.275032 -0.236242 -0.197451 -0.160243 -0.132228 -0.106077 -0.080216 -0.054356 -0.028495 -0.002634  0.023226  0.049087  0.074947  0.100808  0.118963  0.133565  0.146495  0.159425  0.172355  0.191074  0.214163  0.240024  0.265885  0.291745  0.321749  0.356397  0.395187  0.433978  0.472769  0.508789  0.540438  0.566298  0.592159  0.618019  0.642209  0.662844  0.675775  0.688705  0.701635  0.714566  0.727496  0.740426  0.753356  0.766287  0.779507  0.794593  0.818870  0.844730  0.870591  0.896452  0.922312  0.948173  0.974033  0.999894  1.025754  1.051615  1.077476  1.103336  1.129197  1.155057  1.180918  1.201166  1.214968  1.227898  1.240828  1.253758  1.266689  1.279619 
Shapelet  13  -1.041601 -1.041601 -1.041601 -1.041601 -1.041601 -1.041601 -1.041601 -1.041601 -1.041601 -1.041601 -1.041601 -1.041601 -1.041601 -1.041601 -1.041601 -1.041601 -1.041601 -1.041601 -1.041601 -1.041601 -1.041601 -1.041601 -1.041601 -1.041601 -1.041601 -1.041601 -1.041601 -1.041601 -1.041601 -1.041601 -1.041601 -1.041601 -1.041601 -1.041601 -1.041601 -1.041601 -1.043662 -1.071705 -1.101767 -1.132360 -1.162953 -1.193545 -1.248279 -1.307759 -1.368944 -1.430130 -1.491315 -1.533677 -1.567797 -1.598390 -1.628983 -1.659576 -1.661865 -1.643260 -1.612667 -1.582074 -1.551481 -1.510764 -1.458683 -1.397498 -1.336312 -1.275126 -1.213941 -1.152755 -1.091569 -1.030384 -0.969198 -0.912019 -0.864163 -0.833570 -0.802977 -0.772384 -0.739877 -0.699086 -0.639815 -0.578630 -0.517444 -0.456727 -0.403189 -0.367539 -0.336947 -0.306354 -0.275761 -0.249934 -0.241089 -0.241089 -0.241089 -0.241089 -0.239029 -0.221714 -0.191121 -0.160528 -0.129935 -0.099343 -0.068750 -0.038157 -0.007564  0.023029  0.053622  0.091883  0.150520  0.211685  0.272870  0.334056  0.398988  0.485667  0.576759  0.668537  0.760316  0.851626  0.920460  0.983643  1.044829  1.106014  1.167200  1.210155  1.244702  1.275295  1.305887  1.336480  1.367073  1.397666  1.428259  1.458851  1.489444  1.510235  1.520037  1.520037  1.520037  1.520037  1.520037  1.520037  1.520037  1.520037  1.520037  1.520037  1.520037  1.520037  1.520037  1.520037  1.518039  1.510391  1.480266  1.449674  1.419081  1.389175  1.363681  1.359935  1.359935  1.359935  1.359956  1.362505  1.385429  1.416021  1.446614  1.477207  1.507800  1.538393  1.568985  1.599578  1.630171  1.660764  1.691356  1.721949  1.752542  1.783135  1.813728  1.835476  1.840242  1.840242  1.840242  1.840242  1.825070  1.756236  1.665863  1.574084  1.482306  1.390527  1.298749  1.206971  1.115192  1.023414  0.931635  0.857120  0.791928  0.730743  0.669557  0.608371  0.560047  0.522711  0.492119  0.461526  0.430933  0.400340  0.369747  0.339155  0.308562  0.277969  0.247376  0.216783  0.186190  0.155598  0.125005  0.101467  0.094412  0.125005  0.155598  0.186190  0.216783  0.247376  0.277969  0.308562  0.339155  0.369217  0.397260  0.399321  0.399321  0.399321  0.399321  0.399321  0.399321  0.399321  0.399321  0.399321  0.399321  0.380434  0.351392  0.320799 
Shapelet  14  -1.063007 -1.016818 -0.974479 -0.951385 -0.928291 -0.905197 -0.882103 -0.896216 -0.919310 -0.942404 -0.965498 -0.988592 -1.011686 -1.034781 -1.057875 -1.079044 -1.079044 -1.079044 -1.079044 -1.079044 -1.079044 -1.079044 -1.079044 -1.079044 -1.087384 -1.110478 -1.133572 -1.156666 -1.179760 -1.179760 -1.179760 -1.179760 -1.179760 -1.165006 -1.141912 -1.118818 -1.095724 -1.079044 -1.079044 -1.079044 -1.079044 -1.079044 -1.079044 -1.079044 -1.079044 -1.079044 -1.091875 -1.114969 -1.138063 -1.161157 -1.179760 -1.179760 -1.179760 -1.179760 -1.179760 -1.179760 -1.179760 -1.179760 -1.179760 -1.157949 -1.111761 -1.065573 -1.019384 -0.975762 -0.952668 -0.929574 -0.906480 -0.883386 -0.825650 -0.756368 -0.687085 -0.617803 -0.539540 -0.447163 -0.354786 -0.262410 -0.171316 -0.125128 -0.078940 -0.032751  0.013437  0.044229  0.067323  0.090417  0.113512  0.129549  0.129549  0.129549  0.129549  0.129549  0.129549  0.129549  0.129549  0.129549  0.156492  0.202681  0.248869  0.295057  0.351510  0.443886  0.536263  0.628639  0.721016  0.773619  0.819807  0.865996  0.912184  0.969919  1.039202  1.108484  1.177767  1.243842  1.290030  1.336218  1.382406  1.428595  1.474783  1.520971  1.567160  1.613348  1.659536  1.705725  1.751913  1.798101  1.844289  1.890478  1.936666  1.982854  2.029042  2.075231  2.121419  2.167607  2.213796  2.252286  2.275380  2.298475  2.321569  2.344664  2.277947  2.208664  2.139381  2.070099  1.930251  1.745498  1.560744  1.375991  1.202785  1.064220  0.925656  0.787091  0.648526  0.551017  0.458641  0.366264  0.273887  0.218077  0.194983 
Shapelet  15   2.157873  2.175682  2.164770  2.108570  2.053591  2.024681  1.995771  1.966861  1.937952  1.918486  1.915942  1.913799  1.938083  1.962367  2.004670  2.055782  2.089276  2.086732  2.084189  2.055672  2.026762  1.997853  1.968943  1.940033  1.911123  1.882213  1.853304  1.824394  1.795484  1.766574  1.735614  1.699072  1.662530  1.611435  1.559166  1.516455  1.480608  1.432940  1.347598  1.262256  1.201561  1.143741  1.085922  1.028102  0.970283  0.912463  0.854644  0.838468  0.828754  0.812637  0.790665  0.760326  0.691637  0.622947  0.524295  0.419757  0.325243  0.241058  0.160808  0.102988  0.045168 -0.003331 -0.049587 -0.083429 -0.102857 -0.119965 -0.119965 -0.119965 -0.119965 -0.119965 -0.121366 -0.124604 -0.130244 -0.160311 -0.190377 -0.241155 -0.298974 -0.356794 -0.414613 -0.472433 -0.530253 -0.588072 -0.628826 -0.662824 -0.694923 -0.723833 -0.752156 -0.761407 -0.770658 -0.773557 -0.773557 -0.773557 -0.773557 -0.773557 -0.773557 -0.773557 -0.781000 -0.792332 -0.806275 -0.825934 -0.845592 -0.846179 -0.846179 -0.846179 -0.846179 -0.846179 -0.846179 -0.846179 -0.846179 -0.846179 -0.846179 -0.846179 -0.853221 -0.880974 -0.908728 -0.914161 -0.917399 -0.905421 -0.881830 -0.857049 -0.828139 -0.799229 -0.770320 -0.741410 -0.712500 -0.683590 -0.654680 -0.625771 -0.596861 -0.579166 -0.563439 -0.555693 -0.555693 -0.558655 -0.576695 -0.594734 -0.639734 -0.690615 -0.731002 -0.759912 -0.788449 -0.814584 -0.840718 -0.845081 -0.843694 -0.817038 -0.759218 -0.695648 -0.582784 -0.469920 -0.374309 -0.284110 -0.234410 -0.241117 -0.247893 -0.255525 -0.263157 -0.307324 -0.364913 -0.433810 -0.520539 -0.607268 -0.693998 -0.780727 -0.840200 -0.888075 -0.903225 -0.859745 
Shapelet  18  -0.189730 -0.189730 -0.189730 -0.189730 -0.189870 -0.194340 -0.212549 -0.230758 -0.247944 -0.262106 -0.262106 -0.262106 -0.262106 -0.262106 -0.262106 -0.262106 -0.262106 -0.262106 -0.262106 
Shapelet  19   0.354040  0.354040  0.354040  0.354040  0.354040  0.354040  0.354040  0.354040  0.354040  0.354040  0.354040  0.354040  0.354040  0.354040  0.354040  0.354040  0.354040  0.354040  0.354040  0.354040  0.354040  0.354040  0.354040  0.354040  0.354040  0.354040  0.354040  0.354040  0.354040  0.354040  0.354040  0.354040  0.354040  0.354040  0.354040  0.354040  0.354040  0.354040  0.354040  0.354040  0.354040  0.354040  0.354040  0.354040  0.397918  0.447281  0.505120  0.566449  0.627778  0.689107  0.747320  0.799674  0.848414  0.879078  0.909743  0.940407  0.971072  1.001737  1.032401  1.048107  1.054839  1.058578  1.058578  1.058578  1.058578  1.059949  1.076404  1.092858  1.149824  1.211153  1.272482  1.333812  1.395141  1.456470  1.501054  1.516013  1.528270  1.528270  1.528270  1.528270  1.528270  1.528270  1.528270  1.528270  1.528270  1.528270  1.528270  1.528270  1.528270  1.528270  1.528270  1.528270  1.528270  1.528270  1.528270  1.528270  1.520791  1.507329  1.475916  1.414587  1.353258  1.291928  1.230599  1.169270  1.107941  1.046612  0.985282  0.923953  0.862624  0.801295  0.739965  0.680381  0.625036  0.572432  0.541767  0.511103  0.480438  0.449774  0.419109  0.388445  0.345855  0.294249  0.238861  0.177532  0.116203  0.054874 -0.006310 -0.062404 -0.118498 -0.153047 -0.183712 -0.214376 -0.245041 -0.275706 -0.306370 -0.337035 -0.367699 -0.398364 -0.429029 -0.459693 -0.490358 -0.521022 -0.548259 -0.574436 -0.585343 -0.585343 -0.585343 -0.585343 -0.585343 -0.585343 -0.585343 -0.585343 -0.585343 -0.585343 -0.585343 -0.585343 -0.585343 -0.585343 -0.585343 -0.585343 -0.585343 -0.585343 -0.585343 -0.585343 -0.585343 -0.585343 -0.628972 -0.685065 -0.762600 -0.854593 -0.946587 -1.038581 -1.128456 -1.211474 -1.289881 -1.289881 -1.289881 -1.289881 -1.289881 -1.289881 -1.289881 -1.299105 -1.317055 -1.339244 -1.369908 -1.400573 -1.431237 -1.461902 -1.492566 -1.523231 -1.553896 -1.584560 -1.615225 -1.645889 -1.676554 -1.707219 -1.737883 -1.768548 -1.799213 -1.829877 -1.860542 -1.891206 -1.921871 -1.951476 -1.980644 -1.994419 -1.994419 -1.994419 -1.994419 -1.994419 -1.994419 
Shapelet  21   1.519862  1.614590  1.713029  1.832316  1.941598  2.022227  2.081936  2.111757  2.134095  2.150662  2.148206  2.138266  2.126295  2.113844  2.093963  2.075035  2.060553  2.057391  2.077272  2.097331  2.117581  2.143912  2.173733  2.203555  2.233377  2.271978  2.311184  2.350947  2.382462  2.388844  2.392673  2.392673  2.368243  2.324063  2.268967  2.209323  2.116795  2.018610  1.899323  1.780036  1.660748  1.541461  1.422173  1.307044  1.196593  1.093028  0.993622  0.907557  0.825332  0.773333  0.724236  0.681896  0.644841  0.624960  0.606794  0.591331  0.589615  0.599556  0.608815  0.617774  0.610724  0.600783  0.590843  0.578011  0.549171  0.520031  0.490210  0.452617  0.405859  0.357300  0.307597  0.257893  0.208190  0.158487  0.109702  0.073008  0.037850  0.008028 -0.017635 -0.036412 -0.050511 -0.060452 -0.070392 -0.080333 -0.090274 
Shapelet  22  -0.374378 -0.374378 -0.374378 -0.374378 -0.374378 -0.374378 -0.374378 -0.374378 -0.374378 -0.374378 -0.374378 -0.374378 -0.374378 -0.374378 -0.374378 -0.374378 -0.374378 -0.374378 -0.374378 -0.374378 -0.374378 -0.374378 -0.385362 -0.399450 -0.414416 -0.426205 -0.433396 -0.435407 -0.435407 -0.435407 -0.435407 -0.435407 -0.435407 -0.435407 -0.445375 -0.456981 -0.471946 -0.484498 -0.495382 -0.496435 -0.496435 -0.496435 -0.496435 -0.496435 -0.496435 -0.497430 -0.504038 -0.514511 -0.529476 -0.544141 -0.557464 -0.557464 -0.557464 -0.557464 -0.557464 -0.557464 -0.557464 -0.557464 -0.557464 -0.557464 -0.557464 -0.557464 -0.557464 -0.557464 -0.557464 -0.557464 -0.557464 -0.557464 -0.557464 -0.557464 -0.557464 -0.557464 -0.557464 -0.557464 -0.553865 -0.545896 -0.532586 -0.517620 -0.502655 -0.487689 -0.472724 -0.457758 -0.442792 -0.427827 -0.412861 -0.397895 -0.382930 -0.367964 -0.352999 -0.338033 -0.323067 -0.315523 -0.313579 -0.313349 -0.313349 -0.313349 -0.313349 -0.313349 -0.311443 -0.301688 -0.241825 -0.181963 -0.122101 -0.062238 -0.002376  0.057487  0.118520  0.181492  0.252623  0.327451  0.402279  0.480804  0.567488  0.656112  0.745905  0.825153  0.899060  0.958922  1.018785  1.078647  1.151036  1.225388  1.300216  1.371007  1.437672  1.498851  1.558484  1.616402  1.668721  1.713618  1.758514  1.802837  1.837044  1.869688  1.899619  1.926522  1.951983  1.967061  1.982027  1.996992  2.020058  2.048240  2.078040  2.104660  2.120598  2.127795  2.127795  2.128464  2.131682  2.146648  2.161614  2.176580  2.176390  2.171138  2.156172  2.139820  2.121551  2.094754  2.064823  2.034892  2.004961  1.975029  1.945098  1.915167  1.879530  1.841117  1.796220  1.751323  1.706427  1.661530  1.616633  1.571736  1.517852  1.456240  1.383402  1.308574  1.233745  1.158917  1.084089  1.009262  0.934434  0.859606  0.784777  0.709949  0.638482  0.568650 
Shapelet  23   1.599238  1.615009  1.630779  1.642951  1.646400  1.648028  1.648028  1.648028  1.648028  1.616488  1.584947  1.553406  1.525121  1.500480  1.493282  1.493282  1.493282  1.494522  1.501421  1.512009  1.527779  1.543549  1.559319  1.565903  1.570654  1.570654  1.570654  1.570654  1.570654  1.570654  1.570654  1.570554  1.569076  1.563262  1.547492  1.531721  1.515951  1.492539  1.466669  1.419358  1.372046  1.324735  1.277424  1.230113  1.182802  1.135491  1.088180  1.038610  0.979471  0.918648  0.855566  0.792484  0.729402  0.680054  0.632316  0.585005  0.539887  0.498490  0.472642  0.456871  0.441101  0.425330  0.409560  0.393789  0.378019  0.362249  0.346479  0.330709  0.314938  0.299167  0.283397  0.267626  0.251856  0.236086  0.220316  0.204545  0.188775  0.173005  0.157234  0.141464  0.125693  0.109923  0.094152  0.078382  0.062612  0.046842  0.031071  0.015301 -0.000470 -0.016240 -0.032011 -0.047781 -0.063552 -0.079322 -0.095092 -0.110862 -0.126632 -0.130608 -0.131560 -0.131560 -0.132225 -0.134689 -0.143881 -0.159652 -0.175422 -0.191193 -0.206963 -0.222734 -0.238504 -0.254275 -0.270045 -0.285816 
Shapelet  24  -1.389343 -1.389343 -1.389343 -1.389343 -1.389343 -1.389343 -1.389343 -1.389343 -1.389343 -1.389343 -1.389343 -1.389343 -1.389343 -1.389343 -1.389343 -1.389343 -1.389343 -1.389343 -1.389343 -1.389343 -1.389343 -1.389343 -1.389343 -1.389343 -1.389343 -1.389343 -1.389343 -1.389343 -1.389343 -1.389343 -1.389343 -1.389343 -1.389343 -1.389343 -1.389343 -1.389343 -1.378419 -1.360298 -1.331960 -1.286658 -1.241356 -1.196054 -1.150752 -1.116588 -1.083366 -1.073235 -1.073235 -1.073235 -1.073235 -1.071778 -1.065738 -1.059141 -1.013838 -0.968536 -0.923234 -0.877931 -0.832629 -0.787327 -0.742025 -0.696722 -0.651420 -0.606118 -0.560816 -0.515514 -0.470212 -0.424909 -0.379607 -0.334305 -0.289003 -0.243701 -0.198399 -0.153096 -0.075515  0.003009  0.090529  0.181133  0.271738  0.362342  0.437139  0.473381  0.507309  0.507309  0.507309  0.507309  0.507309  0.520204  0.541345  0.571739  0.617041  0.662344  0.707646  0.752948  0.784221  0.814422  0.823418  0.823418  0.823418  0.823418  0.823418  0.823418  0.823418  0.823418  0.823418  0.823418  0.823418  0.823418  0.823418  0.823418 
Shapelet  25  -1.334628 -1.334628 -1.344113 -1.373987 -1.421438 -1.468889 -1.516341 -1.558344 -1.564598 -1.565631 -1.565631 -1.565631 -1.565631 -1.565631 -1.572982 -1.596897 -1.643491 -1.673654 -1.681132 -1.681132 -1.681132 -1.681132 -1.681132 -1.681132 -1.671891 -1.636946 -1.589908 -1.569790 -1.565631 -1.558682 -1.465251 -1.378678 -1.334628 -1.334628 -1.334628 -1.334628 -1.334628 -1.334628 -1.334628 -1.289393 -1.209563 -1.126043 -1.061692 -1.014241 -0.994509 -0.988125 -0.988125 -0.988125 -0.988125 -0.988125 -0.988125 -0.988125 -0.988125 -0.988125 -0.988125 -0.988125 -0.988125 -0.988125 -0.988125 -0.988125 -0.988125 -0.988125 -0.988125 -0.976533 -0.941777 -0.894326 -0.817052 -0.726223 -0.645001 -0.642058 -0.641621 -0.641621 -0.633705 -0.602806 -0.465058 -0.333405 -0.218606 -0.125163 -0.052331  0.000994  0.035275  0.051387  0.051387  0.051387  0.051387  0.051387  0.051387  0.051387  0.020100 -0.024655 -0.064114 -0.064114 -0.064114 -0.064114 -0.064114 -0.064114 -0.064114 -0.064114 -0.064114 -0.064342 -0.091930 -0.133635 -0.167255 -0.179615 -0.179615 -0.147413 -0.103841 -0.066485 -0.064278 -0.064114 -0.064114 -0.064114 -0.064114 -0.064114 -0.064114 -0.064114 -0.064114 -0.064114 -0.064114 -0.064114 -0.064114 -0.064114 -0.064114 -0.064114 -0.064114 -0.064114 -0.064114 -0.098235 -0.142771 -0.179615 -0.179615 -0.179615 -0.179615 -0.183728 -0.198810 -0.245458 -0.307118 -0.385605 -0.473850 -0.488195 -0.454023 -0.438498 -0.462115 -0.509566 -0.522544 -0.526119 -0.539361 -0.583870 -0.628378 -0.641621 -0.638046 -0.625068 -0.577617 -0.542082 -0.526119 -0.521693 -0.501094 -0.455862 -0.424827 -0.410618 -0.409815 -0.377446 -0.334107 -0.303097 -0.295117 -0.295117 -0.258272 -0.212353 -0.164902 -0.117451 -0.069999 -0.022548  0.019924  0.051387  0.051387  0.051387  0.051387  0.051387  0.051387  0.051387  0.051387  0.051387  0.051387  0.088022  0.132312  0.179763  0.227050  0.272294  0.282390  0.286269  0.301518  0.348969  0.396420  0.443871  0.491322  0.538773  0.586225  0.633676  0.681127  0.725441  0.741258  0.744395  0.763310  0.802882  0.850333  0.937243  1.029449  1.108188  1.155766  1.210942  1.294682  1.378111  1.437403  1.437403  1.437403  1.437403  1.437403  1.437403  1.437403  1.437403  1.437403  1.440474  1.514777  1.604402  1.699304  1.793769  1.885728  1.899409  1.899409  1.899409  1.899409  1.874019  1.802299  1.714352  1.640450  1.592999  1.583997  1.607713  1.649801  1.666354  1.668406  1.689686  1.729467  1.776918  1.824369  1.870307  1.879545  1.832094  1.784643  1.737191  1.696124  1.668406  1.668406  1.634607  1.562468  1.475102  1.405034  1.357582  1.310131  1.262680  1.211015  1.127148  1.034252  0.961375  0.909923  0.862472  0.815020  0.767569  0.720118  0.673080  0.638136  0.628894  0.628894  0.628894  0.628894  0.608429  0.571511  0.531538  0.514250  0.513393  0.536928  0.577029  0.614776  0.494493  0.357429  0.215076  0.076856 -0.040484 -0.014824  0.046472  0.137462  0.279815  0.404591  0.508979  0.594791  0.663839  0.711290  0.758741  0.806192  0.846861  0.858632  0.859897  0.859897 
Shapelet  26   0.010478  0.010478  0.010478  0.010478  0.010478  0.010478  0.010478  0.010478  0.010478  0.010478  0.010478  0.010478  0.010478  0.010478  0.010478  0.010478  0.010478  0.010478  0.010478  0.010478  0.010478  0.010478  0.010478  0.010478  0.010478  0.010478  0.010478  0.010478  0.010478  0.010478  0.010478  0.010478  0.010478  0.010478  0.010478  0.010478  0.010478  0.010478  0.010478  0.010478  0.010478  0.010478  0.010013  0.007985 -0.056428 -0.137527 -0.218626 -0.277627 -0.307834 -0.307834 -0.307834 -0.307834 -0.307834 -0.307834 -0.307834 -0.326174 -0.395108 -0.474086 -0.555184 -0.636283 -0.717382 -0.798480 -0.877496 -0.926155 -0.944458 -0.944458 -0.944458 -0.985137 -1.047858 -1.128957 -1.210055 -1.258640 -1.262695 -1.262769 -1.262769 -1.262769 -1.262769 -1.262769 -1.271698 -1.312247 -1.384417 -1.465516 -1.546614 -1.514695 -1.453351 -1.372327 -1.295283 -1.262769 -1.262769 -1.262769 -1.262769 -1.262769 -1.262769 -1.262769 -1.244466 -1.195807 -1.116792 -1.035694 -0.958501 -0.948364 -0.944458 -0.944458 -0.944458 -0.944458 -0.944458 -0.944458 -0.944458 -0.944458 -0.944458 -0.944458 -0.944458 -0.944458 -0.944458 -0.944458 -0.944458 -0.944458 -0.944458 -0.944458 -0.944458 -0.944458 -0.944458 -0.944458 -0.944458 -0.944458 -0.944458 -0.944458 -0.944458 -0.944458 -0.944458 -0.944458 -0.944458 -0.944458 -0.944458 -0.944458 -0.944458 -0.944458 -0.944458 -0.944458 -0.944458 -0.944458 -0.944458 -0.944458 -0.944458 -0.944458 -0.944458 -0.917115 -0.818755 -0.656558 -0.494361 -0.379037 -0.307834 -0.307834 -0.307834 -0.288954 -0.230158 -0.151719 -0.070621  0.010478  0.010478  0.010478  0.010478  0.010478  0.010478  0.010478  0.010478  0.010478  0.010478  0.010478  0.010478  0.010478  0.010478  0.010478  0.010478  0.010478  0.010478  0.010478  0.010478  0.010478  0.010478  0.010478  0.010478  0.010478  0.010478  0.010478  0.010478  0.057965  0.134153  0.215252  0.308552  0.426108  0.588305  0.750502  0.896089  1.019764  1.101253  1.182352  1.263450  1.344549  1.425648  1.506746  1.587845  1.668943  1.750042  1.831140  1.890141  1.920349  1.920349  1.920349  1.920349  1.920349  1.920349  1.920349  1.920349  1.920349  1.920349  1.920349  1.920349  1.920349  1.920349  1.922432  1.954871  2.017667  2.098765  2.179864  2.220283  2.238660  2.238660  2.238660  2.238660  2.238660  2.238660  2.238660  2.238660  2.238660  2.238660  2.229732  2.189183  2.117012  2.035914  1.954816  1.873717  1.792619  1.711520  1.630422  1.549323  1.468224  1.387126  1.306027  1.224929  1.143830  1.062731  0.981633  0.900534  0.819436  0.738337  0.653333  0.501273  0.342982  0.182905  0.032873 -0.066566 -0.147664 -0.228763 -0.280454 -0.307834 -0.307834 -0.307834 -0.338041 -0.397042 -0.478141 -0.559239 -0.606968 -0.529925 -0.449756 -0.375354 -0.314530 -0.307834 -0.307834 -0.307834 -0.307834 -0.307834 -0.307834 -0.307834 -0.307834 -0.307834 -0.307834 -0.307834 -0.307834 -0.307834 -0.307834 -0.294032 -0.263230 -0.182131 -0.101033 -0.036675 -0.056949 -0.121307 -0.202406 -0.283504 -0.241393 -0.169966 -0.088868 -0.035112 -0.052374 -0.133472 -0.214571 -0.272232 -0.307834 -0.307834 -0.307834 -0.307834 -0.307834 -0.307834 -0.307834 
Shapelet  27  -1.340372 -1.283027 -1.219864 -1.154873 -1.089883 -1.024892 -0.966324 -0.916575 -0.884080 -0.851585 -0.819089 -0.786594 -0.754099 -0.778407 -0.836293 -0.901283 -0.927593 -0.938238 -0.938238 -0.938238 -0.938238 -0.935673 -0.927390 -0.896823 -0.864328 -0.831833 -0.799337 -0.766842 -0.724637 -0.665381 -0.600543 -0.547089 -0.504332 -0.471837 -0.429079 -0.375625 -0.310787 -0.251531 -0.209326 -0.176831 -0.144336 -0.165441 -0.196583 -0.231006 -0.287714 -0.350139 -0.409953 -0.457740 -0.491589 -0.508115 -0.501146 -0.436156 -0.368797 -0.290246 -0.192760 -0.095274  0.002211  0.099697  0.197183  0.294668  0.392154  0.488862  0.542383  0.562276  0.558622  0.543330  0.485817  0.420826  0.355836  0.290845  0.225855  0.160864  0.095874 
Shapelet  28  -1.228515 -1.274703 -1.320891 -1.367080 -1.397230 -1.420324 -1.443419 -1.466513 -1.489607 -1.512701 -1.535795 
Shapelet  29   0.192893  0.192893  0.192893  0.192893  0.192893  0.192893  0.192893  0.192893  0.192893  0.192893  0.192893  0.192893  0.192893  0.192893  0.192893  0.192893  0.192893  0.208848  0.242532  0.278150  0.328993  0.379836  0.392451  0.392451  0.392451  0.392451  0.392327  0.388196  0.384065  0.356543  0.317458  0.278373  0.239287  0.200202  0.161116  0.122031  0.102700  0.097298  0.086233  0.055727  0.025222  0.034557  0.050127  0.101875  0.189261  0.277919  0.374202  0.470486  0.566521  0.662486  0.755107  0.843129  0.927519  0.955165  0.982810  0.979571  0.963047  0.922224  0.833885  0.745546  0.592602  0.438167  0.306654  0.189398  0.072141 -0.045115 -0.162371 -0.310618 -0.462511 -0.599984 -0.724867 -0.843540 -0.932515 -1.021490 -1.081306 -1.134374 -1.171242 -1.188401 -1.205704 -1.224452 -1.243200 -1.265425 -1.288940 -1.303791 -1.303791 -1.303861 -1.313076 -1.322291 -1.354725 -1.399848 -1.455230 -1.536261 -1.617292 -1.731824 -1.849080 -2.010059 -2.204851 -2.378096 -2.466753 -2.555410 -2.580648 -2.593994 -2.600918 -2.600918 -2.597783 -2.571726 -2.545669 -2.509719 -2.470633 -2.439399 -2.420015 -2.401360 -2.401360 -2.401360 -2.374266 -2.334227 -2.260171 -2.112409 -1.964647 -1.734048 -1.499536 -1.267289 -1.036590 -0.814408 -0.620252 -0.426096 -0.299011 -0.181755 -0.083182 -0.002469  0.077861  0.156032  0.234203  0.312374  0.390545  0.457139  0.508300  0.555418  0.546838  0.538259  0.464324  0.363274  0.249145  0.110281 -0.028584 -0.117996 -0.206653 -0.257433 -0.285397 -0.303911 -0.295967 -0.288023 -0.256282 -0.221963 -0.205363 -0.203774 -0.195419 -0.156333 -0.117248 -0.139623 -0.175531 -0.228636 -0.302040 -0.381998 -0.522451 -0.662905 -0.753251 -0.825702 -0.857656 -0.822383 -0.786141 -0.686362 -0.586583 -0.463316 -0.327629 -0.194831 -0.068995  0.056841  0.160753  0.263074  0.396264  0.552606  0.707743  0.858365  1.008987  1.124781  1.234411  1.290462  1.290462  1.265889  1.073639  0.881390  0.686704  0.491277  0.334942  0.235799  0.140211  0.119873  0.099536  0.128336  0.179814  0.239923  0.318094  0.396264  0.455780  0.514567  0.551755  0.574635  0.588874  0.575846  0.562817  0.509535  0.450748  0.354704  0.224101  0.084919 -0.100021 -0.284962 -0.384301 -0.461837 -0.505560 -0.505560 -0.502836 -0.466610 -0.430385 -0.368511 -0.296378 -0.211556 -0.103515  0.004526  0.095221  0.185785  0.268522  0.346693  0.419359  0.477192  0.535026  0.575803  0.614888  0.653974  0.693059  0.734175  0.784065  0.833954  0.919849  1.013273  1.133953  1.285846  1.434093  1.551349  1.668605  1.785861  1.903117  2.006117  2.086194  2.164695  2.174863  2.185032  2.147683  2.086037  2.011106  1.905289  1.799473  1.590919  1.375791  1.163790  0.954063  0.759926  0.621698  0.483469  0.388819  0.301433  0.243851  0.216523  0.194054  0.202634  0.211214  0.243418  0.282504  0.320669  0.357530  0.392451  0.392451  0.392451  0.418828  0.456960  0.483844  0.487975  0.492106  0.492230  0.492230  0.474813  0.446213  0.427628  0.439385  0.451142  0.467411  0.484252  0.502265  0.521331  0.541080  0.564277  0.587474  0.592009  0.592009  0.587780  0.578247  0.566795  0.534065  0.501335  0.489936  0.486759 
Shapelet  30   1.502791  1.502791  1.502791  1.502791  1.502791  1.502791  1.502791  1.502791  1.502791  1.502791  1.502791  1.502791  1.502791  1.502791  1.502791  1.502791  1.502791  1.502791  1.517453  1.548428  1.600017  1.636126  1.658551  1.658551  1.658551  1.658551  1.658551  1.658551  1.658551  1.658551  1.658551  1.658551  1.658551  1.658551  1.658551  1.658551  1.658551  1.658551  1.658551  1.647909  1.615666  1.568270  1.516681  1.465091  1.413502  1.361913  1.310323  1.258734  1.207145  1.155556  1.103967  1.052377  1.000788  0.949199  0.897609  0.884507  0.879752  0.879752  0.879752  0.879752  0.879752  0.879752  0.879624  0.878632  0.818241  0.714960  0.608805  0.478943  0.324175  0.174541  0.043411 -0.059768 -0.162946 -0.266125 -0.369303 -0.464631 -0.548874 -0.600463 -0.643539 -0.677847 -0.677847 -0.677847 -0.677847 -0.677847 -0.669402 -0.651544 -0.602447 -0.566287 -0.555374 -0.596495 -0.648084 -0.699673 -0.751262 -0.802851 -0.854441 -0.906030 -0.954882 -0.978693 -0.989367 -0.989367 -0.989367 -0.989367 -0.989367 -0.989367 -0.989367 -0.989367 -0.989367 -0.989367 -0.989367 -1.043966 -1.124292 -1.227471 -1.305314 -1.367357 -1.418946 -1.447629 -1.456558 -1.456646 -1.456646 -1.456646 -1.456646 -1.439990 -1.392370 -1.341562 -1.289973 -1.238384 -1.187498 -1.145126 -1.145126 -1.145126 -1.145126 -1.145126 -1.142018 -1.136065 -1.085600 -1.037625 -0.994469 -0.989367 -0.989367 -0.989367 -0.989367 -0.986134 -0.972740 -0.932817 -0.881227 -0.829638 -0.778049 -0.727454 -0.694219 -0.677847 -0.677847 -0.657834 -0.624273 -0.572684 -0.561522 -0.574668 -0.626258 -0.657897 -0.677847 -0.677847 -0.677847 -0.677847 -0.677847 -0.695876 -0.727452 -0.779041 -0.830630 -0.882220 -0.933809 -0.971147 -0.987021 -0.989367 -1.001032 -1.039228 -1.087584 -1.130558 -1.141471 -1.145126 -1.140024 -1.096868 -1.048893 -0.998427 -0.992475 -0.989367 -0.989367 -0.989367 -0.989367 -0.989367 -0.946995 -0.896542 -0.846440 -0.833607 -0.833607 -0.833607 -0.833607 -0.832939 -0.826491 -0.794915 -0.743501 -0.709770 -0.715547 -0.767136 -0.797818 -0.796899 -0.745310 -0.705147 -0.677847 -0.677847 -0.677847 -0.677847 -0.677847 -0.677847 -0.677847 -0.677847 -0.654730 -0.612070 -0.509190 -0.416685 -0.337317 -0.282991 -0.222077 -0.144197 -0.045879  0.049788  0.124196  0.182305  0.239128  0.321969  0.417433  0.520611  0.623789  0.726968  0.830146  0.897827  0.958128  1.009717  1.061306  1.112895  1.164485  1.216074  1.267663  1.319252  1.370842  1.422431  1.474020  1.497657  1.502791  1.502791  1.502791  1.502791  1.502791  1.502791  1.502791  1.499331  1.463107  1.359929  1.256750  1.153571  1.050393  0.951970  0.861894  0.810305  0.758715  0.707126  0.655537  0.603947  0.552358  0.500769  0.449180  0.397591  0.346001  0.294412  0.242823  0.191234  0.135451  0.064516 -0.028021 -0.128511 -0.209864 -0.274062 -0.324933 -0.352215 -0.366327 -0.366327 -0.366327 -0.366327 -0.366327 -0.366327 -0.366327 -0.366327 -0.366327 -0.366327 -0.366327 -0.366327 -0.366327 -0.366327 -0.345713 -0.308785 -0.257196 -0.223946 -0.211545 -0.210567 -0.210567 -0.210567 -0.210567 -0.198171 -0.154022 -0.104412 -0.061552 -0.056591 -0.054807 -0.054807 -0.054807 -0.054807 
Shapelet  31  -0.420406 -0.459443 -0.512963 -0.566482 -0.632879 -0.700313 -0.767748 -0.835183 -0.902617 -0.970052 -1.037487 -1.084792 -1.129748 -1.149878 -1.149878 -1.149878 -1.149878 -1.149878 -1.149878 -1.149878 -1.148480 -1.145804 -1.137568 -1.103851 -1.070134 -1.036416 -1.002699 -1.000614 -1.031120 -1.062106 -1.095823 -1.129540 -1.163258 -1.196975 -1.230692 -1.264410 -1.295315 -1.305484 -1.315653 -1.317929 -1.317929 -1.326269 -1.345536 -1.366097 -1.399814 -1.433531 -1.456066 -1.474797 -1.485981 -1.485981 -1.485981 -1.485981 -1.485981 -1.485981 -1.485981 -1.483584 -1.477162 -1.469925 -1.436207 -1.402490 -1.367303 -1.331445 -1.284747 -1.217312 -1.149878 -1.082443 -1.015008 -0.968311 -0.932453 -0.897265 -0.863548 -0.829831 -0.769633 -0.708621 -0.643583 -0.576148 -0.502187 -0.411739 -0.321291 -0.220778 -0.119626 -0.018474  0.082678  0.183830  0.284982  0.386134  0.487286  0.588438  0.689590  0.790742  0.894171  1.005491  1.116812  1.248870  1.383739  1.515445  1.644427  1.768009  1.869161  1.970313  2.071465  2.172617  2.273769  2.374921  2.476073  2.577225  2.678377  2.703084  2.711112  2.715305  2.715305  2.711711  2.684951  2.658191  2.625928  2.592211  2.548428  2.492233  2.434863  2.367428  2.299994  2.218708  2.133076  2.040959  1.939807  1.838655  1.737503  1.636351  1.535199  1.434047  1.332895  1.231743  1.130591  1.029439  0.928287  0.827135  0.725983  0.624831  0.523679  0.422543  0.322462  0.222380  0.144226  0.076791  0.009356 -0.058078 -0.125513 -0.192948 -0.260382 
Shapelet  36  -0.189730 -0.189730 -0.189730 -0.189730 -0.189730 -0.189730 -0.189730 -0.189730 -0.189730 -0.189730 -0.189730 -0.189730 -0.189730 -0.189730 -0.189730 -0.189730 -0.189730 -0.189730 -0.189730 -0.189730 -0.189730 -0.189730 -0.189730 -0.189730 -0.189730 -0.189730 -0.189730 -0.189730 -0.189730 -0.189730 -0.189730 -0.189730 -0.189730 -0.189730 -0.189730 -0.189730 -0.189730 -0.189730 -0.189730 -0.189870 -0.194340 -0.212549 -0.230758 -0.247944 -0.262106 -0.262106 -0.262106 -0.262106 -0.262106 -0.262106 -0.262106 -0.262106 -0.262106 -0.262106 -0.262106 -0.262106 -0.262106 -0.262106 -0.262106 -0.261734 -0.252284 -0.236982 -0.218773 -0.200563 -0.171899 -0.138560 -0.102142 -0.065724 -0.029306  0.007113  0.043531  0.079949  0.105900  0.126279  0.144488  0.162697  0.190752  0.226083  0.262502  0.298531  0.326118  0.344327  0.362536  0.380746  0.398955  0.417164  0.435373  0.451028  0.461649  0.461649  0.461649  0.461649  0.461649  0.461649  0.461649  0.461649  0.461649  0.461649  0.461649  0.461649  0.461649  0.461649  0.461649  0.465374  0.488423  0.522039  0.558457  0.594876  0.631294  0.667712  0.704130  0.740549  0.791183  0.844502  0.899129  0.953757  0.994381  1.031434  1.067907  1.105016  1.154518  1.209146  1.263773  1.313507  1.344446  1.362655  1.380865  1.399074  1.417283  1.435492  1.453702  1.467318  1.474908  1.474908  1.474908  1.479945  1.490581  1.508790  1.526999  1.540144  1.547282  1.547282  1.547282  1.551953  1.563878  1.582087  1.600297  1.614646  1.619256  1.619658  1.619658  1.619658  1.619658  1.619658  1.619658  1.618677  1.601390  1.583470  1.565261  1.547052  1.528843  1.510634  1.492425  1.474216  1.456007  1.437797  1.419185  1.396366  1.363808  1.327390  1.290971  1.260838  1.237958  1.219748  1.201539  1.183330  1.165121  1.146912  1.128703  1.102921  1.071540  1.035122  0.998704  0.969874  0.947073  0.928863  0.910654  0.892445  0.874236  0.856027  0.837818  0.813243  0.779272  0.742854  0.706435  0.675142  0.656242  0.637978  0.619769  0.601560  0.583351  0.565142  0.544316  0.518121  0.463493  0.408866  0.355803  0.306016  0.268955  0.232537  0.193317  0.143530  0.074417  0.001581 -0.070436 -0.134745 -0.192035 -0.246663 -0.301290 -0.355917 -0.410545 -0.465172 -0.519799 -0.563811 -0.603239 -0.639657 -0.676075 -0.701872 -0.722635 -0.740845 -0.759054 -0.777263 -0.795472 -0.813681 -0.831890 -0.850099 -0.868308 -0.886517 -0.904727 -0.922936 -0.941145 -0.959354 -0.977563 -0.995772 -1.013981 -1.032191 -1.047565 -1.058237 -1.058237 -1.058237 -1.061316 -1.069070 -1.087279 -1.105488 -1.123697 -1.141906 -1.160116 -1.178325 -1.198849 -1.227661 -1.262916 -1.299335 -1.334448 -1.358420 -1.378164 -1.396373 -1.414582 -1.432791 -1.451000 -1.469210 -1.487419 -1.491466 -1.492490 -1.492490 -1.492490 -1.506229 -1.524298 -1.542472 -1.559068 -1.564865 -1.564865 -1.564865 -1.558584 -1.535823 -1.499405 -1.462986 -1.434995 -1.420114 -1.420114 -1.420114 -1.424982 -1.435557 -1.453766 -1.471976 -1.485082 -1.492490 -1.492490 -1.492490 -1.492490 -1.492490 -1.492490 -1.492490 -1.492490 -1.492490 -1.492490 -1.492490 -1.492490 -1.492490 -1.492490 -1.492490 -1.492490 -1.492490 
Shapelet  37   0.638620  0.662912  0.677888  0.691725  0.705563  0.719401  0.733238  0.747076  0.755844  0.756459  0.756609  0.756609  0.756609  0.756609  0.756609  0.756609  0.756609  0.756609  0.756609  0.756609  0.756609  0.758532  0.763759  0.775366  0.789204  0.803041  0.816879  0.830717  0.845612  0.863620  0.891295  0.918970  0.946645  0.974321  1.001996  1.029671  1.081437  1.143140  1.212328  1.281516  1.350704  1.419893  1.482924  1.523822  1.548736  1.562574  1.576412  1.590249  1.604087  1.615742  1.625612  1.625612  1.625612  1.625612  1.625612  1.625612  1.625612  1.618184  1.605269  1.591479  1.577642  1.563804  1.549966  1.535528  1.512773  1.487851  1.460176  1.432500  1.404825  1.377150  1.343968  1.306453 
Shapelet  38   0.472528  0.461993  0.442213  0.407624  0.369917  0.332211  0.302419  0.283875  0.278433  0.278433  0.278433  0.272991  0.254446  0.224655  0.186948  0.149242  0.111535  0.073829  0.036122 -0.001584 -0.039291 -0.076997 -0.114704 -0.152410 -0.190117 -0.227823 -0.265530 -0.303236 -0.340943 -0.378649 -0.416356 -0.454062 -0.478667 -0.497950 -0.497950 -0.497950 -0.497950 -0.508700 -0.524154 -0.561618 -0.599325 -0.637031 -0.666191 -0.689062 -0.692046 -0.692046 -0.692046 -0.692046 -0.692046 -0.692046 -0.692046 -0.692046 -0.692046 -0.692046 
Shapelet  39   0.974285  0.974285  0.974285  0.974285  0.974285  0.974285  0.974285  0.974285  0.974285  0.974285  0.974285  0.974285  0.974285  0.974285  0.976000  0.984189  1.007712  1.031234  1.052760  1.071469  1.071469  1.071469  1.072609  1.079418  1.098705  1.122227  1.145749  1.161148  1.168652  1.168652  1.168652  1.161493  1.147606  1.124084  1.100562  1.077040  1.053518  1.029996  1.006474  0.984772  0.976725  0.974285  0.974285  0.974285  1.004460  1.044852  1.091896  1.138940  1.174243  1.200840  1.224362  1.247885  1.271407  1.294929  1.318451  1.341973  1.365495  1.389017  1.412539  1.436061  1.459583  1.483105  1.506627  1.530149  1.548899  1.557386  1.557386  1.557386  1.547400  1.523959  1.476915  1.429871  1.386902  1.349401  1.325879  1.302357  1.276814  1.241840  1.197745  1.150701  1.103657  1.069060  1.040519  1.016997  0.993474  0.959667  0.918575  0.871531  0.824487  0.784428  0.755335  0.731637  0.708114  0.684592  0.661070  0.637548  0.614026  0.590504  0.547723  0.501368  0.454344  0.408229  0.375710  0.352188  0.328666  0.305144  0.281622  0.258100  0.234578  0.208437  0.178248  0.131204  0.084160  0.038864 -0.000753 -0.027260 -0.050783 -0.074305 -0.107161 -0.147966 -0.195010 -0.242054 -0.289098 -0.336143 -0.383187 -0.430231 -0.483514 -0.544747 -0.615313 -0.685879 -0.756445 -0.827012 -0.897578 -0.968144 -1.038710 -1.109277 -1.179843 -1.250409 -1.320975 -1.364552 -1.392780 -1.416302 -1.439824 -1.463346 -1.486868 -1.510390 -1.533223 -1.552482 -1.552482 -1.552482 -1.552482 -1.552482 -1.552482 -1.552482 -1.552306 -1.546735 -1.530198 -1.506676 -1.483154 -1.453680 -1.416921 -1.369877 -1.322833 -1.275788 -1.228744 -1.181700 -1.134656 -1.087611 -1.040567 -0.993523 -0.946479 -0.899435 -0.852391 -0.805346 -0.758302 -0.711258 -0.687817 -0.677832 -0.677832 -0.677832 -0.677832 -0.677832 -0.677832 -0.677832 -0.681867 -0.702603 -0.725495 -0.749017 -0.772539 -0.753364 -0.730447 -0.707065 -0.685090 -0.677832 -0.677832 -0.677832 -0.674756 -0.662976 -0.639454 -0.615932 -0.592410 -0.568888 -0.545365 -0.521843 -0.500761 -0.485286 -0.483465 -0.483465 -0.483881 -0.494095 -0.512558 -0.536080 -0.559603 -0.583125 -0.606647 -0.630169 -0.653691 -0.669709 -0.677832 -0.677832 -0.677832 -0.682067 -0.698780 -0.721162 -0.744684 -0.768206 -0.791728 -0.815250 -0.838773 -0.862295 
Shapelet  42  -0.461607 -0.458936 -0.458936 -0.458936 -0.458936 -0.458936 -0.458979 -0.460820 -0.464090 -0.474031 -0.483971 -0.493912 -0.503852 -0.513793 -0.523734 -0.533674 -0.535876 -0.535999 -0.536006 -0.536838 -0.545674 -0.554783 -0.564723 -0.571522 -0.573609 -0.574541 -0.574541 -0.569690 
Shapelet  43   1.522185  1.572413  1.603960  1.627400  1.636036  1.636036  1.636036  1.636036  1.610922  1.560693  1.510465  1.460236  1.410008  1.359779  1.309551  1.259322  1.209094  1.158865  1.108637  1.058409  1.008180  0.957952  0.907723 
Shapelet  44   0.202471  0.214829  0.242810  0.303661  0.364511  0.409133  0.415970  0.417158  0.406565  0.376481  0.319386  0.258535  0.197685  0.136834  0.075983  0.015132 -0.003453 -0.012216 -0.012846 -0.031990 -0.074435 -0.135285 -0.196136 -0.222769 -0.226903 -0.226903 -0.226903 -0.226903 -0.226903 -0.232758 -0.253568 -0.314419 -0.375269 -0.422985 -0.438710 -0.441590 -0.441590 -0.441590 -0.441590 -0.441590 -0.441590 -0.495067 -0.554403 -0.615254 -0.642882 -0.656277 -0.656036 -0.645780 -0.607733 -0.546882 -0.486031 -0.453531 -0.441590 -0.441590 -0.441590 -0.441590 -0.441590 -0.441590 -0.441590 -0.441590 -0.441590 -0.441590 -0.441590 -0.441590 -0.445692 -0.457999 -0.512013 -0.572863 
Shapelet  45   0.941038  0.987228  1.033418  1.079607  1.132872  1.210828  1.303207  1.395587  1.487966  1.580346  1.672725  1.755519  1.792261  1.792398  1.792398  1.775492  1.739910  1.693720  1.647531  1.601341  1.555151  1.508962  1.449192  1.370392  1.278013  1.188213  1.138874  1.133145  1.133145  1.133145  1.133145  1.133145  1.133214  1.151585  1.192982  1.239172  1.285362  1.331551  1.377741  1.423931  1.441273  1.409234  1.363044  1.316855  1.270665  1.224475  1.178285  1.142857  1.133145  1.133145  1.133145  1.133145  1.133145  1.133145  1.133145  1.133145  1.133145  1.135402  1.147842  1.194032  1.240222  1.277416  1.263316  1.217127  1.169883  1.116349  1.023970  0.931590  0.841108  0.775175  0.728985  0.683000  0.638706  0.638706  0.638706  0.638706  0.638706  0.638706  0.638706  0.638706  0.638706  0.638706  0.638706  0.620234  0.576769  0.530580  0.484390  0.326878  0.146365 -0.038393 -0.178478 -0.240998 -0.287188 -0.333377 -0.347437 -0.350174 -0.350174 -0.350174 -0.350174 -0.350174 -0.350174 -0.350174 -0.350174 -0.350174 -0.341380 -0.307133 -0.260944 -0.214754 -0.191801 -0.185361 -0.185361 -0.185361 -0.185361 -0.185361 -0.185361 -0.185361 -0.185361 -0.185361 -0.185361 -0.185361 -0.185361 -0.185361 -0.201119 -0.235749 -0.281939 -0.325829 -0.348399 -0.350174 -0.350174 -0.362724 -0.394264 -0.440454 -0.486643 -0.532833 -0.579023 -0.625213 -0.671402 -0.717592 -0.763782 -0.809971 -0.839099 -0.844614 -0.844614 -0.851809 
Shapelet  46  -1.292641 -1.281926 -1.274083 -1.274083 -1.274083 -1.274083 -1.274083 -1.274083 -1.274083 -1.274083 -1.274083 -1.274083 -1.274083 -1.274083 -1.274083 -1.274083 -1.274083 -1.274083 -1.274083 -1.274083 -1.274083 -1.274083 -1.274083 -1.274083 -1.274083 -1.274083 -1.274083 -1.274083 -1.274083 -1.274083 -1.274083 -1.274083 -1.274083 -1.247230 -1.191710 -1.135770 -1.079276 -1.022782 -0.966288 -0.909793 -0.853299 -0.796805 -0.740311 -0.680859 -0.611053 -0.540309 -0.464983 -0.389657 -0.314332 -0.239006 -0.163681 -0.088355 -0.013030  0.062296  0.137621  0.212947  0.288272  0.363598  0.438924  0.514249  0.589575  0.664900  0.740226  0.815551  0.886790  0.956271  1.005164  1.042827  1.080489  1.118152  1.155815  1.193478  1.231140  1.268803  1.306466  1.344129  1.375406  1.396510  1.416857  1.435688  1.454520  1.473351  1.492182  1.511014  1.529845  1.548677  1.567508  1.586340  1.605171  1.624002  1.642834  1.661665  1.680496  1.664152  1.646619  1.627898  1.609067  1.590236  1.571404  1.552573  1.533741  1.514910  1.496079  1.477247  1.458416  1.439584  1.420753  1.402507  1.384650  1.376597  1.376597  1.376597  1.376597  1.376597  1.376597  1.376597  1.376597  1.376597  1.376597  1.376597  1.376597  1.376597  1.376597  1.376121  1.373524  1.368804  1.349973  1.331142  1.312310  1.293479  1.274647  1.255816  1.236985  1.218153  1.199322  1.180491  1.175771  1.173174  1.172698  1.172698  1.169471  1.165250  1.150620  1.131789  1.112957  1.094126  1.068584  1.038714  1.004514  0.966852  0.929189  0.891526  0.853863  0.816201  0.778538  0.740875  0.705237  0.673418  0.645419  0.626588  0.607757  0.588925  0.567694 
Shapelet  47  -0.628969 -0.644197 -0.663116 -0.684269 -0.712793 -0.741316 -0.769839 -0.798362 -0.826885 -0.855409 -0.883932 -0.912455 -0.940978 -0.969501 -0.998025 -1.017392 -1.022048 -1.024801 -1.024801 -1.024801 -1.024801 -1.009301 -0.975538 -0.930500 -0.873454 -0.816407 -0.759361 -0.694379 -0.622489 -0.534959 -0.435128 -0.335297 -0.235465 -0.134746 -0.033460  0.075961  0.190054  0.304147  0.418240  0.532332  0.646425  0.734455  0.811875  0.884798  0.956106  1.027414  1.098722  1.142572  1.178953  1.197389  1.211650  1.225912  1.240173  1.258949  1.278450  1.305951  1.334475  1.362998  1.391521  1.421681 
Shapelet  49  -1.145775 -1.162264 -1.195146 -1.220753 -1.167610 -1.042576 -0.929948 -0.833777 -0.748064 -0.662350 -0.576637 -0.505548 -0.452524 -0.409667 -0.366810 -0.323953 -0.281096 -0.238240 -0.200756 -0.176869 -0.176944 -0.186544 -0.222125 -0.260798 -0.284525 -0.284525 -0.284525 -0.284525 -0.282302 -0.262239 -0.219651 -0.178165 -0.176869 -0.176869 -0.198613 -0.240982 -0.281332 -0.284075 -0.284525 -0.307716 -0.347610 -0.384842 -0.391699 -0.392181 -0.392181 -0.392181 -0.392181 -0.392181 -0.392181 -0.392181 -0.392181 -0.392181 -0.392181 -0.392181 -0.415083 -0.452181 -0.484688 -0.499838 -0.499838 -0.499838 -0.499838 -0.489456 -0.462809 -0.421318 -0.395947 -0.392181 -0.392181 -0.392181 -0.389883 -0.376512 -0.335267 -0.300543 -0.284525 -0.284525 -0.284525 -0.284525 -0.290375 -0.318468 -0.359476 -0.392181 -0.392181 -0.392181 -0.392181 -0.391715 -0.381210 -0.338353 -0.295496 -0.252640 -0.209783 -0.166926 -0.124069 -0.081212 -0.071061 -0.069212 -0.054448 -0.017441  0.025415  0.068272  0.111129  0.153986  0.196842  0.238087  0.251458  0.253756  0.253756  0.253756  0.257522  0.282894  0.324384  0.351031  0.361413  0.361413  0.361413  0.361413  0.346263  0.313756  0.282417  0.279470  0.322327  0.351866  0.361413  0.367011  0.386098  0.428955  0.482526  0.560268  0.636650  0.684381  0.684381  0.684381  0.684381  0.684381  0.684381  0.684381  0.684381  0.684381  0.684869  0.705981  0.748838  0.791695  0.834552  0.877408  0.920265  0.963122  0.996636  0.964750  0.923008  0.903878  0.899694  0.899694  0.899694  0.899694  0.899694  0.899694  0.908801  0.939122  0.981979  1.048112  1.128035  1.203581  1.261062  1.303919  1.324881  1.330319  1.330319  1.330319  1.330319  1.330319  1.330319  1.330319  1.330319  1.332392  1.347135  1.387576  1.430432  1.473289  1.516146  1.559003  1.601859  1.638020  1.653287  1.653287  1.653287  1.653287  1.653287  1.653287  1.653287  1.653287  1.653287  1.653287  1.653287  1.653287  1.653287  1.653287  1.653287  1.620615  1.579231  1.522199  1.441404  1.355690  1.302489  1.257291  1.214434  1.171577  1.129444  1.117444  1.115006  1.115006  1.115006  1.102471  0.995500  0.831123  0.758052  0.782438  0.858605  0.899062  0.899694  0.884105  0.851694  0.803196 
Shapelet  51  -1.396132 -1.396132 -1.396132 -1.396132 -1.396132 -1.396132 -1.396132 -1.396132 -1.396132 -1.396132 -1.396132 -1.396132 -1.396132 -1.396132 -1.396132 -1.396132 -1.396132 -1.396132 -1.396132 -1.396132 -1.396132 -1.395941 -1.389142 -1.382343 -1.351941 -1.316249 -1.280556 -1.244863 -1.209171 -1.173478 -1.135141 -1.085001 -1.034861 -0.981418 -0.927879 -0.874340 -0.820801 -0.771464 -0.725573 -0.683130 -0.647437 -0.611745 -0.576052 -0.540359 -0.503889 -0.467346 -0.418835 -0.365296 -0.311757 -0.258218 -0.204679 -0.151140 -0.099277 -0.069533 
Shapelet  52  -0.394036 -0.394036 -0.394036 -0.394036 -0.394036 -0.394036 -0.394036 -0.394036 -0.394036 -0.394036 -0.394036 -0.394036 -0.394036 -0.394036 -0.394036 -0.394036 -0.394036 -0.394036 -0.394036 -0.394036 -0.394036 -0.394036 -0.394036 -0.394036 -0.394036 -0.394036 -0.394036 -0.394036 -0.394036 -0.394036 -0.394036 -0.394036 -0.394036 -0.394036 -0.394036 -0.394036 -0.394036 -0.394036 -0.394036 -0.394036 -0.394036 -0.394036 -0.394036 -0.394036 -0.394036 -0.394036 -0.394036 -0.394036 -0.394036 -0.394036 -0.394036 -0.394036 -0.394036 -0.394036 -0.394036 -0.394036 -0.394036 -0.406306 -0.449557 -0.492895 -0.537691 -0.582487 -0.667017 -0.759697 -0.877520 -1.011907 -1.139326 -1.255177 -1.347102 -1.302306 -1.257511 -1.212715 -1.167920 -1.164995 -1.180441 -1.209626 -1.254421 -1.299217 -1.344013 -1.388808 -1.433604 -1.478399 -1.523195 -1.567991 -1.592448 -1.600944 -1.606608 -1.606608 -1.606608 -1.606608 -1.606608 -1.606608 -1.606608 -1.606608 -1.606608 -1.606608 -1.606608 -1.606608 -1.606608 -1.606608 -1.606608 -1.606608 -1.606608 -1.606608 -1.604608 -1.600747 -1.584982 -1.540186 -1.495391 -1.450595 -1.405800 -1.385566 -1.370119 -1.364093 -1.364093 -1.364093 -1.364093 -1.364093 -1.364093 -1.364093 -1.364093 -1.364093 -1.339149 -1.303621 -1.263689 -1.218894 -1.174098 -1.129303 -1.084507 -1.039711 -0.994916 -0.950120 -0.905324 -0.836865 -0.750363 -0.662810 -0.573218 -0.486169 -0.418975 -0.351782 -0.304445 -0.259649 -0.216891 -0.175185 -0.151521 -0.151521 -0.151521 -0.151521 -0.151521 -0.151521 -0.151521 -0.151521 -0.151521 -0.146657 -0.137389 -0.117539 -0.072743 -0.027947  0.016848  0.061644  0.106440  0.151235  0.196031  0.240827  0.285622  0.330418  0.375214  0.420009  0.464805  0.509601  0.554396  0.599192  0.643988  0.688783  0.733579  0.783896  0.850317  0.917396  1.006987  1.096578  1.184312  1.271587  1.334458  1.379254  1.424050  1.468846  1.510289  1.527280  1.544272  1.546080  1.546080  1.546080  1.546080  1.546080  1.546080  1.546080  1.546080  1.546080  1.512579  1.478596  1.436407  1.391612  1.346816  1.302020  1.257224  1.212429  1.167633  1.122838  1.078042  1.033246  0.988451  0.943655  0.898860  0.854064  0.809268  0.764473  0.719677  0.674881  0.631542  0.588291  0.576022  0.576022  0.576022  0.576022  0.590209  0.644272  0.699596  0.789187  0.878779  0.968370  1.057961  1.147552  1.237144  1.326735  1.416327  1.501678  1.558059  1.614440  1.660386  1.705181  1.740610  1.771504  1.788594  1.788594  1.788594  1.788594  1.788594  1.671264  1.553096  1.422505  1.288118  1.164555  1.050249  0.943655  0.854064  0.764538  0.675719  0.586900 
Shapelet  53  -0.894080 -0.856663 -0.850021 -0.847583 -0.847583 -0.847583 -0.847583 -0.847583 -0.847583 -0.847583 -0.847583 -0.847583 -0.847583 -0.864240 -0.895556 -0.935411 -0.955494 -0.963457 -0.963457 -0.963457 -0.963457 -0.963457 -0.963457 -0.963457 -0.964209 -0.991516 -1.026191 -1.062146 -1.075431 -1.079331 -1.093076 -1.144740 -1.219560 -1.279931 -1.309453 -1.311078 -1.323368 -1.348719 -1.388573 -1.398960 -1.385621 -1.345767 -1.322914 -1.311078 -1.311078 -1.311078 -1.311078 -1.311078 -1.290067 -1.258677 -1.220908 -1.201718 -1.195205 -1.190817 -1.170889 -1.135423 -1.102082 -1.081416 -1.079331 -1.062403 -1.024715 -0.945006 -0.875534 -0.816585 -0.776731 -0.725040 -0.662333 -0.582624 -0.502914 -0.423205 -0.343496 -0.292794 -0.268215 -0.267402 -0.252641 -0.222456 -0.182601 -0.142746 -0.102892 -0.059137 -0.005997  0.069812  0.149521  0.229230  0.308940  0.388649  0.468358  0.548068  0.627777  0.707486  0.787196  0.858942  0.918568  0.958423  0.981201  0.974660  0.934968  0.912826  0.925949  0.965804  1.005658  1.045513  1.087196  1.134431  1.207884  1.285155  1.358222  1.400515  1.440369  1.480224  1.520079  1.556805  1.585765  1.585765  1.585765  1.585765  1.585765  1.585765  1.585765  1.585765  1.585765  1.585765  1.585765  1.585765  1.585765  1.585467  1.583991  1.553291  1.513673  1.474557  1.469891  1.469891  1.469891  1.430037  1.390182  1.354993  1.354254  1.354017  1.344863  1.306484  1.266928  1.227073  1.187218  1.147364  1.089904  1.013039  0.933329  0.875186  0.832217  0.792362  0.752507  0.712653  0.672798  0.603983  0.527402  0.447693  0.400377  0.357651  0.317796  0.277942  0.238087  0.198232  0.158378  0.118523  0.078668  0.038814 -0.001041 -0.027529 -0.036386 -0.036467 -0.053124 -0.084440 -0.124295 -0.144378 -0.152341 -0.152341 -0.175051 -0.207695 -0.247549 -0.261931 -0.268215 -0.268966 -0.296274 -0.330949 -0.370804 -0.410658 -0.450513 -0.490367 -0.530222 -0.570077 -0.609931 -0.649786 -0.689641 -0.717206 -0.731710 -0.731710 -0.716976 -0.690379 -0.650524 -0.627672 -0.615836 -0.615836 -0.615836 -0.615836 -0.615836 -0.615836 -0.615836 -0.615836 -0.615836 -0.615836 -0.615836 -0.615836 -0.615836 -0.615836 -0.615836 -0.615836 -0.615836 -0.615836 -0.615836 -0.615836 -0.615836 -0.615836 -0.615836 -0.615836 -0.615836 -0.615836 -0.615836 -0.615836 -0.601332 -0.573767 -0.533912 -0.494058 -0.454203 -0.414348 -0.374494 -0.334639 
Shapelet  54  -0.168464 -0.256617 -0.256617 -0.256617 -0.256617 -0.256617 -0.256617 -0.256617 -0.256617 -0.256617 -0.256617 -0.256617 -0.256617 -0.256617 -0.256617 -0.256617 -0.256617 -0.256617 -0.256617 -0.256617 -0.256617 -0.256617 -0.256617 -0.256617 -0.256617 -0.256617 -0.256617 -0.256617 -0.256617 -0.256617 -0.256617 -0.256617 -0.256617 -0.256617 -0.256617 -0.256617 -0.256617 -0.256617 -0.256617 -0.256617 -0.265433 -0.335955 -0.406478 -0.477000 -0.511380 -0.533418 -0.533418 -0.533418 -0.533418 -0.533418 -0.533418 -0.533418 -0.571618 -0.628624 -0.699147 -0.758210 -0.800523 -0.810220 -0.810220 -0.810220 -0.845481 -0.916004 -0.986526 -1.057049 -1.127571 -1.198094 -1.268616 -1.325622 -1.363822 -1.363822 -1.363822 -1.360883 -1.304465 -1.242171 -1.171648 -1.101125 -1.030603 -0.960080 -0.889558 -0.819035 -0.810220 -0.810220 -0.810220 -0.784656 -0.742342 -0.672701 -0.611581 -0.569267 -0.605704 -0.676227 -0.746750 -0.793177 -0.807282 -0.810220 -0.810220 -0.810220 -0.810220 -0.810220 -0.810220 -0.827851 -0.898373 -0.968896 -1.039418 -1.068509 -1.087021 -1.087021 -1.087021 -1.087021 -1.087021 -1.087021 -1.087021 -1.087021 -1.087021 -1.087021 -1.087021 -1.087021 -1.087021 -1.087021 -1.087021 -1.042944 -0.972422 -0.901899 -0.846363 -0.818154 -0.810220 -0.810220 -0.810220 -0.810220 -0.810220 -0.810220 -0.800229 -0.743811 -0.679753 -0.609230 -0.564272 -0.533418 -0.533418 -0.533418 -0.533418 -0.462896 -0.392373 -0.321851 -0.282182 -0.256617 -0.256617 -0.256617 -0.256617 -0.256617 -0.256617 -0.256617 -0.225470 -0.169052 -0.099704 -0.029182  0.041341  0.111863  0.182386  0.252908  0.349877  0.490922  0.631967  0.768605  0.867337  0.952845  1.023368  1.093891  1.164413  1.234936  1.305458  1.375981  1.446503  1.517026  1.587549  1.658071  1.728594  1.799116  1.869639  1.940162  2.010684  2.081207  2.151729  2.201977  2.230186  2.234593  2.237532  2.251636  2.298064  2.368586  2.439109  2.492589  2.506693  2.511395  2.511395  2.511395  2.511395  2.511395  2.511395  2.511395  2.511395  2.511395  2.511395  2.475252  2.426767  2.356245  2.277495  2.192868  2.054761  1.913716  1.772671  1.669825  1.585786  1.515263  1.433280  1.334549  1.203200  1.062155  0.921110  0.815326  0.744804  0.674281  0.594061  0.481225  0.351640  0.210595  0.096584  0.020184  0.020184  0.020184  0.017246 -0.039172 -0.101468 -0.171990 -0.220475 -0.256617 -0.256617 -0.256617 -0.256617 -0.256617 -0.256617 -0.256617 -0.256617 -0.256617 -0.256617 -0.256617 -0.256617 -0.256617 -0.256617 -0.256617 -0.256617 -0.256617 -0.256617 -0.261025 -0.289234 -0.339481 -0.410004 -0.480526 -0.533418 -0.533418 -0.533418 -0.533418 -0.533418 -0.533418 -0.533418 -0.533418 -0.533418 -0.533418 -0.533418 -0.533418 -0.533418 -0.533418 -0.533418 -0.533418 -0.533418 -0.533418 -0.533418 -0.533418 -0.489342 -0.418819 -0.348297 -0.292760 -0.264551 -0.256617 
Shapelet  55   1.608786  1.714421  1.799294  1.876365  1.948507  1.953937  1.950925  1.938195  1.911501  1.873308  1.835115  1.796922  1.758729  1.736962  1.732719  1.731852  1.731852  1.731852  1.746089  1.780038  1.845016  1.920216  1.969018  2.014056  2.052250  2.090443  2.128635  2.156447  2.176022  2.176022  2.176022  2.176022  2.176022  2.154462  2.058980  1.955512  1.845177  1.763681  1.689690  1.628157  1.577666  1.539473  1.501280  1.463087  1.424894  1.371963  1.297699  1.221906  1.145520  1.069134  0.992748  0.916362  0.839975  0.763589  0.687202  0.611409  0.537145  0.484214  0.446021  0.419327  0.399340  0.399340  0.387043  0.363702  0.327905  0.294823  0.290579  0.288297  0.288297  0.288297  0.286837  0.269862  0.244446  0.206253  0.148484  0.082479  0.006093 -0.057562 -0.095755 -0.127103 -0.154687 -0.155874 -0.150170 -0.128951 -0.097877 -0.059684 
Shapelet  59  -0.955286 -0.899816 -0.888952 -0.885047 -0.885047 -0.885047 -0.885047 -0.889450 -0.904148 -1.007105 -1.125328 -1.243552 -1.361775 -1.479999 -1.594924 -1.662024 -1.687688 -1.688560 -1.693672 -1.737853 -1.782034 -1.787147 -1.824329 -1.848305 -1.840317 -1.784504 -1.725392 -1.666161 -1.604174 -1.508756 -1.390532 -1.272309 -1.183181 -1.103013 -1.012588 -0.899745 -0.785427 -0.678067 -0.614731 -0.555619 -0.496507 -0.437396 -0.378284 -0.319172 -0.260060 -0.213719 -0.182736 -0.182736 -0.182736 -0.163388 -0.105874 -0.046939  0.012173  0.071285  0.130396  0.162173  0.159162  0.047329 -0.030004 -0.077653 -0.081487  0.020364  0.201481  0.483300  0.785604  1.056095  1.278164  1.452697  1.597006  1.698609  1.604669  1.495398  1.359152  1.143154  0.884986  0.629512  0.417349  0.289257  0.244786  0.303897  0.314780  0.339298  0.380902  0.440014  0.511371  0.595302  0.703620  0.776791  0.820189  0.820508  0.820566  0.791941  0.715256  0.652184  0.619905  0.619905  0.619905  0.619905  0.627724  0.684280  0.678550  0.647576  0.624570  0.619905  0.614422  0.598765  0.543859  0.484747  0.426136  0.421343  0.394455  0.344729  0.251747  0.141899  0.023676 
Shapelet  60   0.739940  0.739940  0.739940  0.739940  0.739940  0.739940  0.739940  0.739940  0.739940  0.739940  0.737290  0.722462  0.665367  0.608272  0.551177  0.494082  0.436988  0.395116  0.374724  0.374067  0.374067  0.374067  0.374067  0.374067  0.374067  0.374067  0.374067  0.374067  0.374067  0.374067  0.391639  0.436499 
Shapelet  61  -0.557501 -0.557501 -0.557501 -0.557501 -0.557501 -0.557501 -0.557501 -0.557501 -0.557501 -0.557501 -0.557501 -0.557501 -0.557501 -0.557501 -0.557501 -0.557501 -0.557501 -0.557501 -0.557501 -0.557501 -0.557501 -0.557501 -0.557501 -0.557501 -0.557501 -0.557501 -0.557501 -0.557501 -0.557501 -0.557501 -0.557501 -0.557501 -0.557501 -0.557501 -0.557501 -0.557501 -0.574306 -0.601424 -0.630587 -0.662711 -0.688501 -0.688501 -0.688501 -0.688501 -0.688501 -0.688501 -0.688501 -0.688501 -0.688501 -0.688501 -0.688501 -0.691439 -0.712299 -0.733159 -0.765266 -0.798224 -0.811404 -0.816828 -0.818867 -0.817615 -0.806986 -0.774027 -0.741068 -0.708110 -0.675151 -0.642192 -0.609234 -0.576275 -0.543316 -0.510357 -0.477399 -0.444440 -0.411481 -0.378523 -0.345564 -0.312605 -0.302481 -0.297475 -0.293479 -0.290141 -0.262124 -0.196207 -0.130290 -0.064372  0.001545  0.067463  0.133380  0.187874  0.238773  0.279817  0.312775  0.360401  0.436748  0.515951  0.614827  0.713703  0.812579  0.911455  1.011800  1.112762  1.228943  1.360778  1.487677  1.601989  1.712894  1.778811  1.844728  1.897383  1.947864  1.986993  2.019951  2.033602  2.022337  2.006184  1.973225  1.939861  1.878116  1.816371  1.755295  1.694384  1.669505  1.669505  1.666014  1.656836  1.643639  1.610680  1.577721  1.559946  1.542841  1.538504  1.538504  1.526447  1.503918  1.478011  1.445052  1.418674  1.444123  1.469572  1.491261  1.512538  1.450893  1.352017  1.257736  1.168455  1.085427  1.019510  0.955426  0.922050  0.888674  0.883503  0.883503  0.868960  0.846014  0.818837  0.785878  0.740404  0.648203  0.556002  0.463801  0.371600  0.326126  0.293167  0.242862  0.179865  0.091660 -0.040175 -0.166839 -0.265297 -0.363756 -0.431507 -0.497424 -0.546231 -0.588785 -0.626339 -0.659297 -0.682948 -0.685869 -0.688501 -0.688501 -0.688501 -0.688501 -0.688501 -0.688501 -0.688501 -0.688501 -0.688501 -0.697174 -0.731385 -0.766935 -0.832852 -0.898769 -0.964687 -1.030604 -1.096521 -1.162439 -1.253235 -1.380064 -1.506234 -1.629725 -1.753215 -1.819943 -1.885861 -1.934973 -1.979196 -1.998504 -1.998504 -1.992335 -1.974812 -1.955116 -1.922157 -1.889199 -1.811253 -1.729899 -1.635959 -1.537083 -1.469515 -1.432384 -1.396487 -1.363528 -1.330570 -1.297611 -1.264652 -1.231694 -1.198735 -1.165776 -1.132818 -1.099859 -1.066900 -1.033942 -1.000983 -0.967331 -0.909757 -0.852184 -0.787794 -0.721877 -0.655960 -0.590042 -0.524125 -0.458208 -0.392290 -0.326373 -0.260456 -0.194538 -0.128621 -0.062704  0.003214  0.079214  0.163489  0.252699  0.351575  0.450451  0.549327  0.648203  0.747079  0.845955  0.922502  0.989671  1.056223  1.122140  1.188058  1.253975  1.319040  1.372859  1.426678  1.462574  1.495533  1.492001  1.468638  1.426695  1.360778  1.294860  1.228943  1.163026  1.097108  1.031191  0.939484  0.841442  0.746362  0.653327  0.570604  0.504687  0.436654  0.358220  0.279787  0.181775  0.082899 -0.001651 -0.081336 -0.153653 -0.219570 -0.268729 -0.282914 -0.295500 -0.295500 -0.295500 -0.236834 -0.171751 -0.110411 -0.050752 -0.003878  0.029080  0.062039  0.094998  0.127956  0.160915  0.193874  0.226832  0.259791  0.292750  0.325708  0.347561  0.354237  0.359501 
Shapelet  62  -0.604000 -0.604000 -0.604000 -0.604000 -0.592714 -0.574269 -0.552357 -0.521002 -0.489646 -0.458291 -0.426936 -0.395581 -0.364226 -0.342561 -0.351783 -0.361005 -0.390048 -0.421403 -0.452758 -0.484113 -0.515468 -0.546823 -0.578178 -0.628694 -0.682182 -0.740487 -0.803198 -0.865908 -0.928618 -0.991328 -1.054039 -1.116749 -1.179459 -1.242169 -1.304879 -1.367590 -1.430300 -1.493010 -1.555721 -1.618431 -1.681141 -1.743851 -1.806561 -1.869272 -1.931982 -1.994692 -2.057402 -2.120112 -2.182823 -2.245533 -2.308243 -2.329661 -2.337038 -2.341443 -2.341443 -2.341443 -2.341443 -2.341443 -2.341443 -2.341443 -2.308408 -2.219876 -2.131179 -2.037114 
Shapelet  63   0.132965  0.132965  0.132965  0.132965  0.132965  0.132965  0.132965  0.132965  0.132965  0.132965  0.132965  0.132965  0.132965  0.132965  0.132965  0.132965  0.132965  0.198972  0.298270  0.313193  0.313193  0.313193  0.313193  0.313193  0.313193  0.313193  0.371739  0.471036  0.493421  0.493421  0.493421  0.479072  0.379774  0.313193  0.313193  0.262110  0.162812  0.132965  0.132965  0.220783  0.306306  0.207008  0.107710  0.008413 -0.047263 -0.047263 -0.047263 -0.047263 -0.047263 -0.047263 -0.145986 -0.263077 -0.461672 -0.696428 -0.994321 -1.237686 -1.436281 -1.634876 -1.833471 -1.758280 -1.638320 -1.340427 -1.042534 -0.744642 -0.446749 -0.148856  0.018170  0.117468  0.216766  0.316063  0.415361  0.493421  0.493421  0.493421  0.493421  0.493421  0.493421  0.493421  0.493421  0.398715  0.313193  0.313193  0.281051  0.181753  0.082456 -0.016842 -0.047263 -0.047263  0.039981  0.132965  0.132965  0.132965  0.132965  0.089917 -0.009380 -0.047263 -0.047263 -0.047263 -0.047263 -0.047263 -0.064482 -0.163780 -0.227491 -0.227491 -0.173537 -0.074239  0.025058  0.124356  0.132965  0.132965  0.132965  0.132965  0.132965  0.132965  0.132965  0.068106 -0.031191 -0.130489 -0.229787 -0.329084 -0.428382 -0.527679 -0.626977 -0.726275 -0.825572 -0.924870 -1.099932 -1.298527 -1.497122 -1.682516 -1.781813 -1.849542 -1.849542 -1.899478 -1.998776 -2.029771 -2.029771 -2.029771 -2.035510 -2.134808 -2.185891 -2.086594 -1.987296 -1.887999 -1.849542 -1.849542 -1.770334 -1.671037 -1.669315 -1.652669 -1.553372 -1.489087 -1.489087 -1.435707 -1.336409 -1.237112 -1.137814 -1.128631 -1.128631 -1.128631 -1.156181 -1.255479 -1.308858 -1.308858 -1.244573 -1.145276 -1.045978 -0.946681 -0.847383 -0.768175 -0.768175 -0.768175 -0.768175 -0.711351 -0.612054 -0.663137 -0.762435 -0.768175 -0.768175 -0.768175 -0.768175 -0.768175 -0.718813 -0.619515 -0.587947 -0.587947 -0.587947 -0.593113 -0.692410 -0.744642 -0.645344 -0.587947 -0.587947 -0.587947 -0.587947 -0.587947 -0.587947 -0.684948 -0.768175 -0.768175 -0.733736 -0.634439 -0.587947 -0.587947 -0.659120 -0.758417 -0.857715 -0.957012 -1.056310 -1.128631 -1.128631 -1.083287 -0.983989 -0.884691 -0.785394 -0.686096 -0.585651 -0.387056 -0.207976 -0.108678 -0.009380  0.089917  0.132965  0.132965  0.207582  0.306880  0.313193  0.313193  0.313193  0.343614  0.442912  0.542209  0.641507  0.673649  0.673649  0.673649  0.673649  0.673649  0.673649  0.673649  0.673649  0.673649  0.733343  0.832640  0.853877  0.853877  0.853877  0.853877  0.853877  0.820013  0.720715  0.621418  0.522120  0.564020  0.663318  0.673649  0.681685  0.780983  0.880280  0.979578  1.034105  1.034105  1.034105  1.034105  1.034105  1.034105  1.034105  1.053046  1.152344  1.251641  1.350939  1.450237  1.549534  1.648832  1.748130  1.755017  1.755017  1.755017  1.755017  1.755017  1.755017  1.755017  1.755017  1.755017  1.755017  1.759035  1.858333  1.935245  1.935245  1.894493  1.795195  1.695898  1.596600  1.574789  1.574789  1.574789  1.574789  1.574789  1.574789  1.574789  1.574789  1.574789  1.574789  1.574789  1.574789  1.574789  1.574789  1.548960  1.449663  1.394561  1.394561  1.331998  1.232700 


; cmd = ShapeletResearch/Execs/FastShapelet UCRArchive_2018//UWaveGestureLibraryY/UWaveGestureLibraryY_TRAIN.tsv 8 896 316 10 1 10 10 0 1 10 UCRArchive_2018//UWaveGestureLibraryY/tree.txt UCRArchive_2018//UWaveGestureLibraryY/time.txt
; time =>  1595.482  51.879 327.167  32.424 1156.471 
