;Shapelet Tree 

;random seed:1551068687, rand()=266740098, rand()=513878705
;command = ShapeletResearch/Execs/FastShapelet UCRArchive_2018//FaceFour/FaceFour_TRAIN.tsv 4 24 351 10 1 10 10 0 1 10 UCRArchive_2018//FaceFour/tree.txt UCRArchive_2018//FaceFour/time.txt 

;Local Class:   0  1  2  3 
;Real  Class:   2  1  4  3 

;Node ID class   obj  pos  len  dist_th 
TreeSize: 8 
NonL  1    --      2   37  192  12.8624 ==>   0   8   5   0  /   8   0   0   3 
NonL  2    --      2   66  139   8.1935 ==>   0   0   5   0  /   0   8   0   0 
NonL  3    --     10   76  157  10.5667 ==>   8   0   0   0  /   0   0   0   3 
Leaf  4     4    
Leaf  5     1    
Leaf  6     2    
Leaf  7     3    

;Shapelet id   <data>
Shapelet   1  -0.405601 -0.309260 -0.309260 -0.209872 -0.209872 -0.031014 -0.031014  0.060094  0.060094  0.504920  0.504920  0.710912  0.710912  1.145757  1.145757  1.056439  1.056439  1.407403  1.407403  1.069191  1.069191  0.875045  0.875045  0.440201  0.440201  0.143085  0.143085 -0.405601 -0.405601 -0.616802 -0.616802 -0.620403 -0.620403 -0.620403 -0.620403 -0.512215 -0.512215 -0.298987 -0.298987 -0.194400 -0.194400 -0.510188 -0.510188 -0.612345 -0.612345 -0.510188 -0.510188 -0.818348 -0.818348 -0.914689 -0.914689 -0.607147 -0.607147 -0.504989 -0.504989 -0.607147 -0.607147 -0.306213 -0.306213 -0.003128 -0.003128 -0.099469 -0.099469  0.007146  0.007146  0.007146  0.007146 -0.092243 -0.092243 -0.298987 -0.298987 -0.190800 -0.190800 -0.188152 -0.188152 -0.297414 -0.297414  0.031463  0.031463  0.031463  0.248912  0.248912  0.140725  0.140725  0.242664  0.242664  0.742891  0.742891  0.503678  0.503678  0.372380  0.372380  0.609504  0.609504  0.594290  0.594290  0.133860  0.133860  0.113660  0.113660  0.215448  0.215448 -0.021676 -0.021676 -0.146785 -0.146785  0.051069  0.051069  0.133823  0.133823 -0.054116 -0.054116  0.255814  0.255814  0.230721  0.230721  0.582960  0.582960  0.430743  0.430743  0.535329  0.535329  0.332013  0.332013  0.286229  0.286229 -0.301015 -0.301015 -0.194400 -0.194400 -0.298987 -0.298987 -0.405601 -0.405601 -0.297414 -0.297414 -0.190800 -0.190800 -0.188152 -0.188152 -0.078345 -0.078345 -0.078345 -0.078345 -0.076724 -0.076724  0.032538  0.032538 -0.076724 -0.076724  0.028270  0.028270  0.132856  0.132856  0.125207  0.125207  0.115333  0.115333  0.304752  0.304752  0.179615  0.179615  0.243771  0.243771  0.220643  0.220643  0.250169  0.250169  0.203324  0.203324  0.301599  0.301599  0.406186  0.406186  0.626624  0.626624  0.814854  0.814854  1.181367  1.181367  0.886815  0.886815  0.307353  0.307353 -0.181535 -0.181535 -0.674495 -0.674495 -1.345204 -1.345204 -1.076968 -1.076968 
Shapelet   2  -1.143625 -1.143625 -1.256838 -1.256838 -1.366256 -1.366256 -0.669263 -0.669263 -0.034656 -0.147870 -0.147870 -0.149003 -0.149003 -0.259940 -0.259940 -0.587904 -0.587904 -0.950366 -0.950366 -1.048397 -1.048397 -0.836019 -0.836019 -0.408566 -0.408566 -0.082880 -0.082880  0.249797  0.466112  0.466112  0.487540  0.487540  0.400497  0.400497  0.300197  0.300197  0.069286  0.069286 -0.169053 -0.169053 -0.288511 -0.288511 -0.528622 -0.528622 -0.648677 -0.648677 -0.528622 -0.169053 -0.169053 -0.050769 -0.050769  0.300197  0.300197  0.300197  0.300197  0.180142  0.180142 -0.173719 -0.173719 -0.177655 -0.177655 -0.522913 -0.522913 -0.522913 -0.522913 -0.522913 -0.034656 -0.034656 -0.149003 -0.149003  0.378210  0.378210  0.643106  0.643106  0.935822  0.935822  0.630553  0.630553  0.896474  0.896474  0.558681  0.558681  0.455095  0.339083  0.339083  0.462664  0.462664  0.298509  0.298509  0.437432  0.437432  0.387813  0.387813  0.325455  0.325455  0.133233  0.133233  0.007195  0.007195 -0.084496 -0.084496 -0.071888 -0.310535 -0.310535 -0.310535 -0.310535 -0.149446 -0.149446 -0.271750 -0.271750 -0.396050 -0.396050 -0.152291 -0.152291 -0.032236 -0.032236 -0.048997 -0.048997 -0.048997 -0.048997  0.070461 -0.048997 -0.048997  0.065795  0.065795 -0.054260 -0.054260  0.060087  0.060087  0.160984  0.160984  0.368081  0.368081  0.133233  0.133233  0.325455  0.325455  0.387813  0.308404 
Shapelet   3  -0.588912 -0.493271 -0.493271 -0.311855 -0.222842 -0.222842 -0.222842 -0.130439 -0.130439 -0.130439 -0.130439 -0.219452 -0.123810 -0.123810  0.076273 -0.117547 -0.117547 -0.016130 -0.016130 -0.016130 -0.007944 -0.007944 -0.311855  0.106631  0.106631  0.113684  0.331704  0.331704  0.336346  0.336346  0.757243  0.541589  0.541589  0.531787  0.215100  0.215100 -0.204453 -0.955414 -0.955414 -1.165299 -1.165299 -1.155497 -0.730341 -0.730341  0.097896  1.026324  1.026324  1.483181  1.483181  1.444810  1.184422  1.184422  0.733371  0.106631  0.106631 -0.431190 -0.311855 -0.311855 -0.522363 -0.522363 -0.726891 -0.316117 -0.316117  0.088932 -0.245753 -0.245753  0.169998  0.571628  0.571628  0.293057  0.293057 -0.128994  0.172733  0.172733 -0.178767 -0.361816 -0.361816 -0.189789 -0.189789  0.437822  0.592432  0.592432  0.779989  0.808303  0.808303  0.527807  0.106631  0.106631 -0.311855 -0.311855 -0.311855 -0.544553 -0.544553 -0.323220 -0.436084 -0.436084 -0.439735 -0.323220 -0.323220  0.029854  0.029854  0.025999  0.354735  0.354735  0.808341  0.478475  0.478475  0.140906  0.140906  0.031896  0.030698  0.030698 -0.343324 -0.138709 -0.138709 -0.029984 -0.128651 -0.128651 -0.548568 -0.548568 -0.622939 -0.721606 -0.721606 -0.511938  0.017450  0.017450  0.314565  0.646299  0.646299  0.940821  0.940821  0.867352  0.374304  0.374304  0.403719  0.233604  0.233604 -0.234615 -0.234615 -0.249528  0.099406  0.099406  0.430367  0.695952  0.695952  1.351850  1.874124  1.874124  1.787599  1.787599  1.430993  1.013989  1.013989  0.433121 -0.737393 -0.737393 -1.263966 


; cmd = ShapeletResearch/Execs/FastShapelet UCRArchive_2018//FaceFour/FaceFour_TRAIN.tsv 4 24 351 10 1 10 10 0 1 10 UCRArchive_2018//FaceFour/tree.txt UCRArchive_2018//FaceFour/time.txt
; time =>   24.424   0.914   6.525   0.503  15.803 
