;Shapelet Tree 

;random seed:1551069649, rand()=1739373993, rand()=169584213
;command = ShapeletResearch/Execs/FastShapelet UCRArchive_2018//SwedishLeaf/SwedishLeaf_TRAIN.tsv 15 500 129 10 1 10 10 0 1 10 UCRArchive_2018//SwedishLeaf/tree.txt UCRArchive_2018//SwedishLeaf/time.txt 

;Local Class:   0  1  2  3  4  5  6  7  8  9 10 11 12 13 14 
;Real  Class:   4 11 13  8  3 14  9  5  6  2 12 10  7  1 15 

;Node ID class   obj  pos  len  dist_th 
TreeSize: 252 
NonL  1    --      6   26   83   2.5567 ==>   1  35   2   0  34   2  33   0   0   0   0   0  28  29   0  /  35   0  31  31   1  40   0  33  30  36  38  26   0   0  35 
NonL  2    --    103   49   20   1.4910 ==>   0  33   1   0   0   2   1   0   0   0   0   0  28   1   0  /   1   2   1   0  34   0  32   0   0   0   0   0   0  28   0 
NonL  3    --    177    2  121   4.3377 ==>   1   0  31  21   0   0   0  33   2   0  10   0   0   0  35  /  34   0   0  10   1  40   0   0  28  36  28  26   0   0   0 
NonL  4    --      0   77   32   1.1200 ==>   0  33   0   0   0   0   1   0   0   0   0   0   0   0   0  /   0   0   1   0   0   2   0   0   0   0   0   0  28   1   0 
NonL  5    --     20    8  115   2.6907 ==>   0   0   0   0   3   0  28   0   0   0   0   0   0  22   0  /   1   2   1   0  31   0   4   0   0   0   0   0   0   6   0 
NonL  6    --      0   33   24   0.3904 ==>   0   0  31  20   0   0   0   7   0   0  10   0   0   0   0  /   1   0   0   1   0   0   0  26   2   0   0   0   0   0  35 
NonL  7    --     71   25   97   9.1419 ==>  34   0   0   0   1  39   0   0   3   2   0  26   0   0   0  /   0   0   0  10   0   1   0   0  25  34  28   0   0   0   0 
Leaf  8    11    
NonL  9    --      1    7   80   1.3119 ==>   0   0   0   0   0   0   0   0   0   0   0   0  28   0   0  /   0   0   1   0   0   2   0   0   0   0   0   0   0   1   0 
NonL 10    --      0   66   29   0.3021 ==>   0   0   0   0   1   0  23   0   0   0   0   0   0   1   0  /   0   0   0   0   2   0   5   0   0   0   0   0   0  21   0 
NonL 11    --      3   12   40   1.3045 ==>   1   2   0   0  28   0   0   0   0   0   0   0   0   0   0  /   0   0   1   0   3   0   4   0   0   0   0   0   0   6   0 
NonL 12    --      0   87   12   0.1973 ==>   0   0  30   1   0   0   0   7   0   0   0   0   0   0   0  /   0   0   1  19   0   0   0   0   0   0  10   0   0   0   0 
NonL 13    --     53   66   39   1.6894 ==>   0   0   0   0   0   0   0   3   0   0   0   0   0   0  35  /   1   0   0   1   0   0   0  23   2   0   0   0   0   0   0 
NonL 14    --      0   49   33   1.5837 ==>  34   0   0   0   0   1   0   0   0   2   0   0   0   0   0  /   0   0   0   0   1  38   0   0   3   0   0  26   0   0   0 
NonL 15    --      9    3  124   7.7266 ==>   0   0   0   8   0   0   0   0   2   2  27   0   0   0   0  /   0   0   0   2   0   1   0   0  23  32   1   0   0   0   0 
Leaf 18     7    
NonL 19    --      2   15   17   1.1953 ==>   0   0   0   0   0   2   0   0   0   0   0   0   0   0   0  /   0   0   1   0   0   0   0   0   0   0   0   0   0   1   0 
Leaf 20     9    
NonL 21    --      3   29   72   0.6778 ==>   0   0   0   0   2   0   2   0   0   0   0   0   0   0   0  /   0   0   0   0   0   0   3   0   0   0   0   0   0  21   0 
Leaf 22     3    
NonL 23    --      1   27   21   0.9587 ==>   0   0   1   0   0   0   0   0   0   0   0   0   0   6   0  /   0   0   0   0   3   0   4   0   0   0   0   0   0   0   0 
NonL 24    --      0   27   15   0.2902 ==>   0   0  30   0   0   0   0   0   0   0   0   0   0   0   0  /   0   0   0   1   0   0   0   7   0   0   0   0   0   0   0 
NonL 25    --      0   66   42   1.2431 ==>   0   0   1  18   0   0   0   0   0   0   0   0   0   0   0  /   0   0   0   1   0   0   0   0   0   0  10   0   0   0   0 
Leaf 26    15    
NonL 27    --      0    3  122   3.7196 ==>   0   0   0   0   0   0   0  23   0   0   0   0   0   0   0  /   1   0   0   1   0   0   0   0   2   0   0   0   0   0   0 
Leaf 28     4    
NonL 29    --     38    0   15   1.1815 ==>   0   0   0   0   1  38   0   0   3   0   0   0   0   0   0  /   0   0   0   0   0   0   0   0   0   0   0  26   0   0   0 
NonL 30    --      1   68   21   0.8510 ==>   0   0   0   0   0   0   0   0   1   0  25   0   0   0   0  /   0   0   0   8   0   0   0   0   1   2   2   0   0   0   0 
NonL 31    --      0    1   12   0.5498 ==>   0   0   0   2   0   1   0   0  21   0   1   0   0   0   0  /   0   0   0   0   0   0   0   0   2  32   0   0   0   0   0 
Leaf 38    14    
NonL 39    --      0    6  119   2.3483 ==>   0   0   1   0   0   0   0   0   0   0   0   0   0   0   0  /   0   0   0   0   0   0   0   0   0   0   0   0   0   1   0 
NonL 42    --      2    0  125   2.5947 ==>   0   0   0   0   0   0   2   0   0   0   0   0   0   0   0  /   0   0   0   0   2   0   0   0   0   0   0   0   0   0   0 
NonL 43    --      0   75   45   1.6070 ==>   0   0   0   0   0   0   0   0   0   0   0   0   0  20   0  /   0   0   0   0   0   0   3   0   0   0   0   0   0   1   0 
NonL 46    --      1    7  118   1.4212 ==>   0   0   1   0   0   0   0   0   0   0   0   0   0   0   0  /   0   0   0   0   0   0   0   0   0   0   0   0   0   6   0 
NonL 47    --      3    7  114   3.5944 ==>   0   0   0   0   3   0   0   0   0   0   0   0   0   0   0  /   0   0   0   0   0   0   4   0   0   0   0   0   0   0   0 
Leaf 48    13    
NonL 49    --      4    0  124   3.2198 ==>   0   0   0   1   0   0   0   0   0   0   0   0   0   0   0  /   0   0   0   0   0   0   0   7   0   0   0   0   0   0   0 
Leaf 50     8    
Leaf 51    12    
Leaf 54     5    
NonL 55    --      3    4  121   3.6496 ==>   0   0   0   0   0   0   0   0   2   0   0   0   0   0   0  /   1   0   0   1   0   0   0   0   0   0   0   0   0   0   0 
Leaf 58    14    
Leaf 59    10    
Leaf 60    12    
NonL 61    --      4    5   42   2.0953 ==>   0   0   0   8   0   0   0   0   0   0   0   0   0   0   0  /   0   0   0   0   0   0   0   0   1   2   2   0   0   0   0 
NonL 62    --      5   27   58   7.1523 ==>   0   0   0   0   0   1   0   0  21   0   0   0   0   0   0  /   0   0   0   2   0   0   0   0   0   0   1   0   0   0   0 
Leaf 63     2    
Leaf 78    13    
Leaf 79     1    
Leaf 84     9    
Leaf 85     3    
Leaf 86     1    
NonL 87    --      0   13   18   0.4720 ==>   0   0   0   0   0   0   0   0   0   0   0   0   0   1   0  /   0   0   0   0   0   0   3   0   0   0   0   0   0   0   0 
Leaf 92    13    
Leaf 93     1    
Leaf 94     3    
Leaf 95     9    
Leaf 98     8    
Leaf 99     5    
Leaf 110     6    
NonL 111    --      0    0  121   4.2608 ==>   0   0   0   1   0   0   0   0   0   0   0   0   0   0   0  /   1   0   0   0   0   0   0   0   0   0   0   0   0   0   0 
Leaf 122     8    
NonL 123    --      2    0  119   4.7851 ==>   0   0   0   0   0   0   0   0   0   0   2   0   0   0   0  /   0   0   0   0   0   0   0   0   1   2   0   0   0   0   0 
Leaf 124     6    
NonL 125    --      1    0  119   6.6362 ==>   0   0   0   0   0   0   0   0   0   0   1   0   0   0   0  /   0   0   0   2   0   0   0   0   0   0   0   0   0   0   0 
Leaf 174     1    
Leaf 175     9    
Leaf 222     8    
Leaf 223     4    
Leaf 246    12    
Leaf 247     2    
Leaf 250    12    
Leaf 251     8    

;Shapelet id   <data>
Shapelet   1  -1.446920 -1.461960 -1.531070 -1.514140 -1.289100 -1.187570 -1.266760 -1.239840 -1.255840 -1.173880 -1.158310 -1.073570 -0.995411 -0.909089 -0.836246 -0.764500 -0.690097 -0.603830 -0.423525 -0.360660 -0.201903 -0.039357  0.053859  0.231039  0.379174  0.497674  0.656378  0.752397  0.900699  1.022510  1.166030  1.316610  1.437980  1.529150  1.572850  1.684440  1.704470  1.660040  1.650460  1.649130  1.626810  1.838590  1.722370  1.475840  1.257700  1.041870  0.819782  0.686746  0.563887  0.452004  0.320039  0.171866  0.061949 -0.052282 -0.181217 -0.337599 -0.429800 -0.559982 -0.683783 -0.768375 -0.892963 -0.963872 -0.995411 -1.052730 -0.997255 -1.092760 -1.047110 -1.067900 -1.036820 -1.070620 -1.036230 -1.093350 -1.027490 -0.916281 -0.987813 -0.880585 -0.727154 -0.734186 -0.643220 -0.673913 -0.582914 -0.503220 -0.352285 
Shapelet   2   0.057092  0.194341  0.309173  0.383663  0.487061  0.507265  0.592151  0.681339  0.740364  0.815943  1.081140  1.355970  1.644290  1.862110  1.924400  1.646460  1.378690  1.158770  0.897056  0.638534 
Shapelet   3   1.710170  1.559310  1.357420  1.216960  1.085580  0.905427  0.782211  0.665911  0.459229  0.376488  0.401629  0.298924  0.188874  0.064973  0.050857  0.053158 -0.034592 -0.110644 -0.212495 -0.265028 -0.303849 -0.372079 -0.383888 -0.448053 -0.476410 -0.540799 -0.544283 -0.643363 -0.669011 -0.631012 -0.730759 -0.815578 -0.785378 -0.791645 -0.863584 -0.928948 -1.042730 -1.066960 -1.179360 -1.190860 -1.218360 -1.250570 -1.225650 -1.223700 -1.202400 -1.174110 -1.053680 -0.852472 -0.650956 -0.398705 -0.196669  0.005539  0.207895  0.466673  0.669039  0.871520  1.124760  1.327450  1.535230  1.737880  2.014171  2.204321  2.134800  1.921680  1.664850  1.459200  1.255650  1.052120  0.797721  0.594222  0.390742  0.136424 -0.067001 -0.270395 -0.473753 -0.730759 -0.934204 -1.139970 -1.241740 -1.320720 -1.334370 -1.330830 -1.404280 -1.339450 -1.321220 -1.322740 -1.299120 -1.283170 -1.208190 -1.156510 -1.083070 -0.993100 -0.902804 -0.994890 -0.825712 -0.734042 -0.679892 -0.607239 -0.475650 -0.433400 -0.331057 -0.297711 -0.173930 -0.134036 -0.196669 -0.106531 -0.072429  0.013848  0.109294  0.213900  0.295209  0.204098  0.317756  0.405251  0.530174  0.663065  0.648523  0.733407  0.891079  0.927809  1.147450 
Shapelet   4   0.004111 -0.076583 -0.209276 -0.305685 -0.439909 -0.563731 -0.645519 -0.742285 -0.824955 -0.930627 -0.984217 -1.020490 -1.083700 -1.109950 -1.098670 -1.117960 -1.121270 -1.108530 -1.079970 -1.087430 -1.131220 -1.108530 -1.071130 -1.068810 -1.020490 -0.944823 -0.902874 -0.846831 -0.819403 -0.695589 -0.640271 -0.570042 
Shapelet   5   0.250370  0.065486  0.075842 -0.080253 -0.180684 -0.318572 -0.284948 -0.430361 -0.614246 -0.470023 -0.566287 -0.522875 -0.616619 -0.727107 -0.561768 -0.636188 -0.772598 -0.852557 -0.858671 -0.946410 -0.877441 -0.886275 -1.008260 -0.934947 -1.063510 -1.000390 -0.960630 -1.031750 -0.953417 -0.940772 -0.907656 -0.992723 -0.956340 -0.861540 -0.783326 -0.717610 -0.598031 -0.522875 -0.484257 -0.346485 -0.182204 -0.061033 -0.021464  0.191156  0.318362  0.432674  0.567156  0.677052  0.873024  1.223400  1.404630  1.408600  1.704050  1.995070  2.074110  2.120900  2.002800  1.941350  1.848850  1.856850  1.738000  1.685040  1.535400  1.384710  1.219190  1.045870  0.871166  0.645205  0.475589  0.295624  0.191156  0.068562 -0.066329 -0.217438 -0.319956 -0.368078 -0.505857 -0.667243 -0.736062 -0.745032 -0.857524 -0.868431 -0.902255 -0.916930 -1.083860 -1.063510 -1.111940 -1.096480 -1.105310 -1.050780 -1.020280 -1.110330 -1.041250 -0.993312 -1.001760 -0.837874 -0.829503 -0.920799 -0.782761 -0.909780 -0.739050 -0.581501 -0.592394 -0.379430 -0.573346 -0.419081 -0.425071 -0.354312 -0.266582 -0.066329 -0.043360  0.184012  0.373772  0.441677  0.746553 
Shapelet   6  -1.135740 -1.299700 -1.402500 -1.529810 -1.633630 -1.743430 -1.757630 -1.746960 -1.692480 -1.572380 -1.388560 -1.236320 -1.052580 -0.898939 -0.714188 -0.559765 -0.374437 -0.188920 -0.033856  0.149784  0.302857  0.488516  0.641561  0.823507 
Shapelet   7  -0.504551 -0.133161  0.239984  0.160144 -0.322354 -0.807058 -1.251810 -1.590280 -1.850440 -1.957810 -1.489090 -0.996150 -0.516047 -0.009841  0.226186 -0.179472 -0.649050 -1.134290 -1.621470 -1.954890 -1.457380 -1.480730 -1.081590 -0.567975 -0.037044  0.512529  0.244717  0.333450  0.839663  0.600958  0.297222  0.034888 -0.207696 -0.066358  0.000698  0.157293  0.532880  0.992987  0.854210  0.670253  0.377037  0.885862  1.383390  1.778110  1.295240  0.788191  0.469559  0.952400  1.319080  1.607860  1.281770  0.787126  0.373989  0.162155 -0.222770 -0.152626  0.080703  0.365814  0.702637  0.878580  0.370876 -0.070763 -0.454624 -0.714041 -0.807505 -1.020440 -0.741829 -0.420489 -0.089556  0.284819  0.241735 -0.274225 -0.758101 -1.218910 -1.522600 -1.701970 -2.018330 -1.572030 -1.086970 -0.591287 -0.122660  0.040114 -0.401190 -0.869335 -1.354280 -1.904750 -1.852220 -1.518760 -1.201380 -0.729593 -0.206155  0.315746  0.505320  0.120908  0.537321  1.021990  1.227470 
Shapelet   9   0.920228  0.814613  0.691498  0.568530  0.445733  0.323132  0.218365  0.097497 -0.022440 -0.141266 -0.263696 -0.363271 -0.481856 -0.599402 -0.715630 -0.808226 -0.919965 -1.028630 -1.124930 -1.222140 -1.297160 -1.388160 -1.437220 -1.477250 -1.490490 -1.476400 -1.438020 -1.377500 -1.314910 -1.224660 -1.151070 -1.057620 -0.948051 -0.853952 -0.738033 -0.644289 -0.540093 -0.426420 -0.311398 -0.200984 -0.105696  0.007768  0.122476  0.238237  0.354898  0.455028  0.573082  0.691727  0.810888  0.930503  1.030849  1.147659  1.265799  1.391739  1.517849  1.628409  1.756949  1.781199  1.653849  1.545779  1.420329  1.295099  1.170939  1.044399  0.937858  0.814613  0.691898  0.570507  0.450448  0.346324  0.228530  0.110278 -0.009438 -0.125484 -0.222594 -0.339209 -0.454586 -0.563209 -0.674468 -0.760095 
Shapelet  10   2.065850  2.025140  1.868290  1.797760  1.575330  1.326350  1.131560  0.933833  0.755332  0.580696  0.404537  0.229230  0.061793 -0.124756 -0.234708 -0.405026 -0.556014 -0.670541 -0.798015 -0.866622 -1.052519 -1.161419 -1.237229 -1.312399 -1.349689 -1.385429 -1.380209 -1.373739 -1.346449 
Shapelet  11   0.121086  0.025976  0.040294 -0.065540 -0.055517 -0.185936 -0.371109 -0.485135 -0.587623 -0.756769 -0.770195 -0.837714 -0.973367 -1.056760 -1.082550 -1.120720 -1.142070 -1.239670 -1.256900 -1.260690 -1.215610 -1.277330 -1.258520 -1.232520 -1.152460 -1.141380 -1.057600 -1.003710 -0.893647 -0.817634 -0.725857 -0.580107 -0.551355 -0.388017 -0.266379 -0.145770 -0.030694  0.134477  0.206426  0.340954 
Shapelet  12  -1.633630 -1.566860 -1.510310 -1.373330 -1.252390 -1.144310 -1.003830 -0.828671 -0.744849 -0.561542 -0.405070 -0.296518 
Shapelet  13   1.203061  0.923436  0.691329  0.411757  0.186746  0.112879  0.010937 -0.038393 -0.154142 -0.250042 -0.299558 -0.398539 -0.431609 -0.531971 -0.624218 -0.619784 -0.628189 -0.639185 -0.670681 -0.671624 -0.667380 -0.709047 -0.775406 -0.810293 -0.889803 -0.906922 -0.853306 -0.789910 -0.800818 -0.704768 -0.684853 -0.747498 -0.832481 -0.807376 -0.736240 -0.679888 -0.627254 -0.645045 -0.661021 
Shapelet  14  -0.318939 -0.305377 -0.222299  0.003899  0.182015  0.384379  0.555369  0.766082  0.951812  1.174260  1.364590  1.559270  1.645270  1.880030  2.071130  2.301430  2.427189  2.205510  2.012580  1.777130  1.588420  1.384100  1.213510  1.010280  0.850930  0.649439  0.477114  0.271112  0.104916 -0.057680 -0.297727 -0.500232 -0.666846 
Shapelet  15   1.467180  1.312490  1.057470  0.884564  0.777886  0.821653  0.771497  0.800202  0.605424  0.484240  0.523315  0.405949  0.503390  0.314450  0.143274  0.208299  0.405949  0.338939  0.141515  0.119487  0.200171  0.164050  0.036551 -0.013451  0.162005  0.091472  0.101808 -0.047519 -0.055082 -0.104626 -0.071754 -0.017360 -0.014954 -0.095782 -0.036644 -0.231716 -0.393270 -0.262980 -0.345060 -0.520366 -0.670938 -0.798122 -0.946500 -1.034940 -1.289440 -1.445971 -1.559360 -1.588450 -1.643511 -1.775130 -2.016531 -1.800150 -1.441261 -1.143360 -0.781585 -0.415436 -0.044194  0.266053  0.638096  0.999957  1.353120  1.651670  1.909960  1.633000  1.288250  0.988606  0.611971  0.236086 -0.138907 -0.452572 -0.829616 -1.202020 -1.568231 -1.871341 -1.920931 -1.819330 -1.806960 -1.782331 -1.713000 -1.614470 -1.385061 -1.222970 -1.154810 -0.920651 -0.843519 -0.658820 -0.539088 -0.383339 -0.311140 -0.257027 -0.375663 -0.384620 -0.309244 -0.266429 -0.312088 -0.225483 -0.297249 -0.165056 -0.078739 -0.206824 -0.073879 -0.095782  0.056498  0.019830  0.226548  0.288722  0.391587  0.492295  0.395815  0.447448  0.611971  0.622869  0.660873  0.725532  0.764302  0.878010  0.935476  1.075860  0.974391  1.175910  1.206040  1.455560  1.588130  1.920920 
Shapelet  19  -0.393287 -0.190580 -0.087103 -0.099306 -0.256485 -0.424544 -0.626605 -0.909183 -1.127369 -1.388099 -1.624959 -1.611819 -1.400539 -1.228309 -1.054580 -0.935493 -1.031359 
Shapelet  21  -1.218310 -1.254300 -1.299300 -1.274800 -1.278570 -1.284110 -1.166380 -1.157920 -1.062880 -1.039020 -0.967966 -0.903801 -0.803235 -0.707671 -0.521081 -0.434275 -0.261700 -0.151784  0.000874  0.169057  0.339657  0.509899  0.671345  0.860429  1.029820  1.210090  1.378310  1.559120  1.784840  1.986400  2.085480  1.918460  1.972380  1.937480  1.862150  1.769540  1.708980  1.580200  1.490540  1.305970  1.125210  0.940290  0.827547  0.726018  0.553435  0.410576  0.286074  0.088625  0.028950 -0.107733 -0.212619 -0.379119 -0.469986 -0.629848 -0.691721 -0.757059 -0.923965 -0.940772 -0.948630 -1.126280 -1.140460 -1.117720 -1.168430 -1.322560 -1.251230 -1.233320 -1.170490 -1.251230 -1.154210 -1.073850 -1.090210 -0.964772 
Shapelet  23  -0.472100 -0.444000 -0.554478 -0.601415 -0.717325 -0.891523 -0.855511 -0.920284 -1.004040 -1.146180 -1.158120 -1.221410 -1.298120 -1.290280 -1.284800 -1.355860 -1.411660 -1.400200 -1.300780 -1.179820 -1.067270 
Shapelet  24  -0.395157 -0.498469 -0.559765 -0.703438 -0.842714 -1.011430 -1.135740 -1.299700 -1.402500 -1.529810 -1.633630 -1.743430 -1.757630 -1.746960 -1.692480 
Shapelet  25   1.277390  1.073550  0.835687  0.632747  0.433421  0.238536  0.014309 -0.176101 -0.366773 -0.556715 -0.780699 -0.975343 -1.169850 -1.364160 -1.588460 -1.780590 -1.846820 -1.789040 -1.752280 -1.666320 -1.585190 -1.459970 -1.321970 -1.205310 -1.195020 -1.048290 -0.892203 -0.862639 -0.992946 -0.815272 -0.627654 -0.464736 -0.511438 -0.416486 -0.193284 -0.008830  0.084522  0.027428  0.011747  0.178214  0.281484  0.270642 
Shapelet  27   1.633050  1.494800  1.251620  1.048920  0.932661  0.748818  0.555324  0.463938  0.366744  0.208391  0.224668  0.112730 -0.043262 -0.100556 -0.054115 -0.070448 -0.150298 -0.257685 -0.388986 -0.474386 -0.503155 -0.444336 -0.492909 -0.578768 -0.671039 -0.731998 -0.843782 -0.877359 -0.897665 -1.064730 -1.000640 -1.029210 -1.135130 -1.179250 -1.205280 -1.235300 -1.307810 -1.300580 -1.286640 -1.275150 -1.233410 -1.162630 -1.113750 -1.009850 -0.966250 -0.906161 -0.771045 -0.558275 -0.345340 -0.078979  0.139763  0.406109  0.619304  0.837920  1.104380  1.317640  1.530970  1.797730  2.006880  2.216790  2.313270  2.096400  1.829760  1.615560  1.403120  1.135470  0.921361  0.707268  0.439675  0.223394  0.009254 -0.258399 -0.472501 -0.743342 -0.847125 -0.883691 -0.948971 -1.004580 -1.093870 -1.140150 -1.182950 -1.158950 -1.124200 -1.059370 -1.007650 -1.009850 -0.916813 -0.900636 -0.837106 -0.805570 -0.665079 -0.703395 -0.622454 -0.529083 -0.579544 -0.457454 -0.421952 -0.380512 -0.364352 -0.297486 -0.319166 -0.254475 -0.319166 -0.252693 -0.186599 -0.095409 -0.073176 -0.034126 -0.095409 -0.025685  0.088816  0.185954  0.152732  0.300489  0.366744  0.396299  0.555324  0.735960  0.952994  1.031660  1.275690  1.419510 
Shapelet  29   2.035951  1.879830  1.842010  1.725300  1.383390  1.275880  1.133590  0.758958  0.366092  0.120023  0.404003  0.309160  0.054135 -0.259204 -0.609244 
Shapelet  30   1.101180  0.733143  0.443874  0.082464 -0.285720 -0.574893 -0.942975 -1.232230 -1.593530 -1.882300 -2.242810 -2.530720 -2.545740 -2.184850 -1.785120 -1.532870 -1.234230 -0.920586 -0.813391 -0.641337 -0.549153 
Shapelet  31   2.499950  2.138120  1.827470  1.465610  1.104330  0.803071  0.559713  0.337900  0.347623  0.265350  0.250781  0.204926 
Shapelet  39   1.019710  0.905509  0.816546  0.723558  0.624906  0.519286  0.430109  0.358508  0.269806  0.171938  0.094414  0.106975  0.079111  0.028847  0.019320 -0.065730 -0.113099 -0.173734 -0.269032 -0.431715 -0.552060 -0.700301 -0.816542 -0.935760 -1.088140 -1.214830 -1.329480 -1.440660 -1.539650 -1.645670 -1.676850 -1.594520 -1.485750 -1.352130 -1.238520 -1.124390 -1.009930 -0.896964 -0.759814 -0.645098 -0.530259 -0.415322 -0.277799 -0.160001 -0.044786  0.070459  0.188984  0.330230  0.445633  0.564834  0.684288  0.826202  0.946034  1.066040  1.191030  1.311450  1.459250  1.579970  1.700770  1.811210  1.748910  1.621030  1.493470  1.366260  1.245170  1.096580  0.970360  0.849734  0.729230  0.586742  0.466496  0.346432  0.226579  0.111103 -0.030772 -0.146230 -0.265508 -0.380914 -0.518672 -0.634063 -0.749437 -0.861220 -0.976647 -1.114410 -1.229820 -1.345200 -1.460530 -1.600490 -1.713360 -1.808900 -1.782430 -1.667310 -1.519690 -1.378410 -1.235610 -1.090850 -0.962915 -0.802940 -0.675740 -0.563370 -0.494003 -0.400767 -0.332513 -0.269032 -0.188305 -0.119846 -0.007287  0.081141  0.179329  0.275367  0.393924  0.497508  0.577900  0.687022  0.776827  0.914055  1.028970  1.143170  1.258830 
Shapelet  42   1.800790  1.687600  1.446010  1.208570  0.976044  0.863832  0.675934  0.499495  0.556861  0.381498  0.346899  0.158525  0.252952  0.166933  0.138407  0.016008 -0.042963 -0.152671 -0.004563 -0.134586 -0.268286 -0.250673 -0.364372 -0.409313 -0.525773 -0.695678 -0.727111 -0.874374 -0.971009 -1.064760 -1.106170 -1.222330 -1.288740 -1.370050 -1.345560 -1.359010 -1.356290 -1.301960 -1.318940 -1.253300 -1.181940 -1.130760 -1.098980 -0.986172 -0.794839 -0.615891 -0.468998 -0.369012 -0.215947 -0.075601  0.098174  0.228916  0.373374  0.471058  0.621092  0.829664  1.092890  1.291690  1.504320  1.694730  1.830580  1.928230  1.918170  1.921160  1.902210  1.894030  1.837290  1.789350  1.667210  1.609580  1.410070  1.280030  1.096620  1.021090  0.930924  0.747131  0.615344  0.472044  0.353973  0.218801  0.053914 -0.042230 -0.240312 -0.291594 -0.449711 -0.578785 -0.629040 -0.823009 -0.894219 -0.989537 -1.072600 -1.083320 -1.065590 -1.148700 -1.124960 -1.228300 -1.201640 -1.213520 -1.210170 -1.239280 -1.146760 -1.083680 -1.079390 -0.958211 -1.005710 -0.858665 -0.762296 -0.856427 -0.737069 -0.585449 -0.583261 -0.425204 -0.280069 -0.295572 -0.117972 -0.124125  0.034865 -0.022035  0.165883  0.235390  0.251147  0.385764  0.517929  0.771608  1.005520 
Shapelet  43   0.588421  0.453807  0.287587  0.215592  0.069998 -0.093102 -0.288746 -0.401283 -0.499041 -0.603885 -0.669862 -0.768566 -0.787294 -0.832554 -0.874865 -1.031789 -1.062419 -1.181399 -1.115479 -1.061939 -1.168479 -1.083809 -1.083339 -1.028209 -1.031789 -1.051759 -1.100249 -0.991980 -0.913832 -0.759524 -0.909752 -0.707689 -0.723550 -0.552057 -0.669291 -0.521607 -0.600092 -0.428634 -0.274736 -0.284552 -0.140035 -0.072373 -0.032416  0.083141  0.165603 
Shapelet  46   0.846906  0.725581  0.612947  0.527190  0.416262  0.335398  0.225685  0.181952  0.080180  0.059674 -0.031116 -0.104734 -0.157050 -0.241435 -0.274718 -0.346244 -0.393528 -0.467057 -0.570669 -0.688053 -0.819784 -0.978888 -1.128610 -1.270560 -1.411770 -1.560920 -1.685860 -1.738050 -1.722170 -1.618860 -1.494900 -1.364810 -1.237120 -1.109220 -0.979305 -0.851374 -0.721477 -0.591518 -0.461511 -0.333702 -0.203720 -0.073702  0.054086  0.184083  0.311901  0.441881  0.569723  0.699689  0.827550  0.957504  1.085380  1.215330  1.343210  1.471150  1.603110  1.735310  1.833820  1.720850  1.591310  1.463060  1.333550  1.206610  1.077030  0.948802  0.820595  0.691005  0.562783  0.433218  0.304980  0.175446  0.047188 -0.082306 -0.211694 -0.340028 -0.469337 -0.598481 -0.726902 -0.855873 -0.984541 -1.113020 -1.241230 -1.369660 -1.498060 -1.624910 -1.702650 -1.711960 -1.643030 -1.534480 -1.412810 -1.260380 -1.130550 -0.992337 -0.858506 -0.752280 -0.620357 -0.537689 -0.428490 -0.371066 -0.306165 -0.217111 -0.173724 -0.121900 -0.062288 -0.009375  0.064712  0.120933  0.186313  0.260082  0.333211  0.429744  0.524195  0.624176  0.733750  0.850432  0.968667  1.085020  1.206260  1.331060 
Shapelet  47   0.852851  0.798266  0.641312  0.493865  0.494869  0.280575  0.196625  0.091102  0.074646 -0.126358 -0.315176 -0.341613 -0.335916 -0.496789 -0.552516 -0.552098 -0.680276 -0.671673 -0.772159 -0.907006 -0.949784 -0.882773 -0.986679 -0.937360 -0.981408 -1.077110 -1.125250 -1.089840 -1.175180 -1.142850 -1.093190 -1.198600 -1.118340 -1.145270 -0.981408 -0.923908 -0.897295 -0.749758 -0.755018 -0.696959 -0.497064 -0.387590 -0.339095 -0.135978 -0.079932  0.073676  0.198280  0.334818  0.482361  0.623047  0.775117  0.850866  0.993376  1.127469  1.329889  1.458079  1.560990  1.630669  1.646249  1.739520  1.739520  1.714740  1.961029  2.115340  1.891979  1.645339  1.391700  1.105919  0.910429  0.731410  0.522240  0.295900  0.106661 -0.028136 -0.193221 -0.359281 -0.497751 -0.637867 -0.831026 -0.964715 -1.039160 -1.189410 -1.274660 -1.314330 -1.349830 -1.343150 -1.346230 -1.394900 -1.334260 -1.344860 -1.304160 -1.246410 -1.272480 -1.179920 -1.072820 -1.076000 -0.971970 -0.887456 -0.806219 -0.664804 -0.677980 -0.544590 -0.483073 -0.277511 -0.118399 -0.000602  0.174584  0.192367  0.386556  0.405767  0.587536  0.726924  0.838207  0.973774 
Shapelet  49   0.949914  0.805688  0.823594  0.763869  0.872987  0.740185  0.665106  0.779929  0.720959  0.637390  0.811397  0.731613  0.638293  0.797255  0.778070  0.662296  0.640640  0.775978  0.795231  0.667258  0.760077  0.689005  0.507455  0.572425  0.386653  0.395268  0.554749  0.445142  0.239886  0.109660 -0.101532  0.045205 -0.024312 -0.200833 -0.343507 -0.516280 -0.715527 -0.776642 -0.654141 -0.794233 -0.952726 -1.086000 -1.077340 -1.208670 -1.380590 -1.559360 -1.710260 -1.829790 -1.739990 -1.530450 -1.317760 -1.098930 -0.875656 -0.627649 -0.391778 -0.155699  0.087565  0.333743  0.588312  0.845766  1.140320  1.410460  1.691150  1.974640  2.224730  2.336370  2.220240  1.987470  1.747400  1.500700  1.217450  0.952754  0.682404  0.428699  0.170161 -0.100417 -0.347862 -0.587658 -0.821005 -1.052560 -1.281680 -1.507400 -1.749350 -1.896900 -1.862600 -1.816450 -1.721280 -1.620310 -1.513750 -1.451730 -1.393940 -1.229000 -1.060570 -1.018680 -1.215230 -1.223900 -0.992667 -0.777400 -0.685198 -0.536321 -0.312486 -0.200833 -0.316076 -0.190635 -0.003113  0.096323  0.014149  0.009699  0.107080  0.079136  0.273666  0.369878  0.228733  0.255949  0.421055  0.479945  0.355169  0.500597  0.627443  0.531424  0.567584  0.695238  0.543721  0.573282 
Shapelet  55   1.325390  1.072410  0.930382  0.757082  0.564228  0.405207  0.373139  0.242256  0.268026  0.188360  0.126075  0.028032 -0.093772 -0.193652 -0.304101 -0.283062 -0.385352 -0.471793 -0.613738 -0.722649 -0.860469 -0.907660 -0.977290 -1.119570 -1.102300 -1.140930 -1.122670 -1.020360 -0.993258 -0.860469 -0.795223 -0.750848 -0.599245 -0.481199 -0.447806 -0.487105 -0.468662 -0.418259 -0.352572 -0.293509 -0.315202 -0.351598 -0.330694 -0.437727 -0.423830 -0.431269 -0.511316 -0.566309 -0.706302 -0.826683 -0.667235 -0.373949 -0.113020  0.180658  0.474483  0.735872  1.029930  1.290370  1.584480  1.878670  2.139070  2.433290  2.446280  2.184020  1.889300  1.627100  1.332420  1.037780  0.777726  0.483078  0.223029 -0.071627 -0.366241 -0.628282 -0.920951 -1.021080 -1.134390 -1.214300 -1.306050 -1.409500 -1.389290 -1.332200 -1.251100 -1.206410 -1.237010 -1.150020 -1.164070 -1.090690 -1.040570 -1.032470 -1.008150 -0.893998 -0.825179 -0.734786 -0.598341 -0.471793 -0.409978 -0.417270 -0.449675 -0.525123 -0.399125 -0.333726 -0.263316 -0.106095 -0.051639 -0.052779 -0.014291  0.010519  0.163803  0.220984  0.251361  0.349270  0.405207  0.331189  0.416818  0.508675  0.680907  0.812730  0.947298  1.229280  1.486830 
Shapelet  61   0.954165  0.855110  0.901490  0.853112  0.705679  0.634119  0.603445  0.449354  0.346996  0.365267  0.346996  0.394512  0.382896  0.327414  0.263954  0.190359  0.067837  0.055289  0.191434  0.169083  0.080845  0.025162 -0.038035 -0.143058 -0.344428 -0.478412 -0.434255 -0.504848 -0.654202 -0.806450 -0.831987 -0.860323 -0.925342 -1.041190 -1.168560 -1.260700 -1.354780 -1.499680 -1.630750 -1.754820 -1.846330 -1.794180 
Shapelet  62  -0.716195 -0.657813 -0.670148 -0.702730 -0.671163 -0.702730 -0.712100 -0.699326 -0.593226 -0.701879 -0.586061 -0.431095 -0.357774 -0.176682 -0.102880  0.050198  0.118892  0.147678  0.203974  0.308631  0.422795  0.355139  0.435820  0.500000  0.416342  0.406511  0.437919  0.329581  0.278867  0.039020 -0.102268 -0.352186 -0.712100 -1.049140 -1.030040 -0.658657 -0.275946  0.106662  0.494317  0.886164  1.281520  1.667060  2.120760  2.509520  2.438640  2.046900  1.627190  1.211110  0.811645  0.415219  0.033051 -0.397691 -0.782315 -1.153580 -1.370740 -1.408930 -1.497290 -1.626500 
Shapelet  87  -0.265943 -0.472106 -0.583705 -0.723999 -0.684288 -0.787969 -0.902472 -1.000240 -0.909616 -0.895341 -1.050270 -1.081500 -1.169190 -1.044850 -1.129560 -1.116490 -1.195240 -1.114610 
Shapelet 111   2.294641  2.206221  1.944471  1.735621  1.531991  1.295570  1.106770  0.868832  0.696321  0.699195  0.495198  0.355768  0.314090  0.193217  0.358841  0.275177  0.207504  0.154908  0.137244  0.013339 -0.045287  0.103337  0.072853 -0.019831 -0.080157 -0.188169 -0.290507 -0.246913 -0.311805 -0.418574 -0.389471 -0.225935 -0.331870 -0.373191 -0.509003 -0.402179 -0.494102 -0.643748 -0.759363 -0.640371 -0.719288 -0.876052 -1.006670 -1.136760 -1.198640 -1.264550 -1.343540 -1.405290 -1.456681 -1.476250 -1.473181 -1.509551 -1.584901 -1.272010 -1.032300 -0.803387 -0.501080 -0.258758 -0.016087  0.296618  0.539468  0.852108  1.104110  1.356200  1.678991  1.893191  2.064111  2.139211  1.902841  1.601331  1.304911  1.038710  0.725703  0.472729  0.219772 -0.080157 -0.319374 -0.557818 -0.854561 -1.072730 -1.364190 -1.616230 -1.636870 -1.547621 -1.515141 -1.458511 -1.376640 -1.343540 -1.189650 -1.033910 -0.888389 -0.684503 -0.632182 -0.742985 -0.540854 -0.371837 -0.430913 -0.290507 -0.258758 -0.199854 -0.137890 -0.121257 -0.340370 -0.292721 -0.177377 -0.121257 -0.164891 -0.020247  0.054056  0.101717 -0.051569 -0.051988  0.117899  0.121129  0.010033  0.217004  0.382976  0.368049  0.592895  0.730703  0.760249 
Shapelet 123   2.345819  2.072029  1.769299  1.468019  1.171269  0.952464  0.740055  0.515147  0.307602  0.161579  0.141860  0.086056  0.003914  0.235509  0.090612  0.156870  0.284967  0.162114  0.320909  0.467624  0.516250  0.539956  0.593605  0.598251  0.575481  0.492342  0.377927  0.278064  0.282981  0.343705  0.231183  0.232977  0.222413  0.197398  0.126915  0.079216 -0.083715 -0.083827 -0.183410 -0.281539 -0.337199 -0.449057 -0.607632 -0.794382 -0.936973 -1.158900 -1.363810 -1.531270 -1.725510 -1.895969 -2.061139 -2.242409 -1.941829 -1.658140 -1.323130 -0.977134 -0.660644 -0.302131  0.017127  0.382858  0.751998  1.083639  1.441629  1.800069  2.118079  2.477039  2.409579  2.090779  1.730389  1.352419  1.025439  0.650281  0.317585 -0.052850 -0.414116 -0.739624 -1.098900 -1.451430 -1.652759 -1.481110 -1.315550 -1.136290 -0.796341 -0.677777 -0.672821 -0.510656 -0.441082 -0.392319 -0.462864 -0.527722 -0.537573 -0.590265 -0.626197 -0.713012 -0.710961 -0.768215 -0.811129 -0.827809 -0.749564 -0.715961 -0.723791 -0.678922 -0.605754 -0.477320 -0.403445 -0.341689 -0.260917 -0.171866 -0.248378 -0.207385 -0.177577 -0.147835 -0.271625 -0.217860 -0.176206 -0.085846 -0.050621 -0.070720  0.055256 
Shapelet 125   2.752500  2.411150  2.025360  1.645370  1.264960  0.951810  0.644305  0.280085 -0.060100  0.128193 -0.091716 -0.160292  0.032549  0.014632 -0.061055  0.028781  0.091600  0.011168  0.120767  0.253447  0.229441  0.318640  0.483573  0.392709  0.550349  0.503762  0.421162  0.419979  0.442423  0.539604  0.549769  0.392412  0.444781  0.329444  0.487088  0.539604  0.612457  0.583639  0.577861  0.595181  0.409321  0.402503  0.309925  0.207179  0.123862  0.253447  0.188825 -0.047053 -0.163854 -0.256552 -0.493052 -0.713206 -1.114310 -1.536610 -1.989070 -2.417870 -2.814860 -2.806890 -2.451800 -2.077560 -1.692700 -1.295700 -0.889604 -0.476304  0.004550  0.427961  0.855224  1.285690  1.701220  1.614280  1.215390  0.758443  0.306616 -0.123817 -0.550498 -0.972527 -1.451010 -1.860080 -1.896930 -1.576410 -1.174840 -0.818074 -0.680571 -0.577874 -0.397315 -0.356041 -0.373790 -0.232589 -0.148648 -0.077645 -0.108388  0.067608 -0.011550  0.164271  0.081640  0.202596  0.106510  0.031607 -0.084037 -0.117705 -0.121564 -0.228005 -0.372114 -0.304101 -0.334677 -0.397989 -0.373790 -0.464030 -0.473574 -0.423640 -0.777616 -0.770781 -0.549115 -0.488946 -0.349690 -0.513282 -0.428716 -0.154791  0.023439 


; cmd = ShapeletResearch/Execs/FastShapelet UCRArchive_2018//SwedishLeaf/SwedishLeaf_TRAIN.tsv 15 500 129 10 1 10 10 0 1 10 UCRArchive_2018//SwedishLeaf/tree.txt UCRArchive_2018//SwedishLeaf/time.txt
; time =>   76.835   4.282  26.990   3.074  40.487 
