;Shapelet Tree 

;random seed:1551068619, rand()=2124380525, rand()=1018813793
;command = ShapeletResearch/Execs/FastShapelet UCRArchive_2018//MiddlePhalanxTW/MiddlePhalanxTW_TRAIN.tsv 6 399 81 10 1 10 10 0 1 10 UCRArchive_2018//MiddlePhalanxTW/tree.txt UCRArchive_2018//MiddlePhalanxTW/time.txt 

;Local Class:   0  1  2  3  4  5 
;Real  Class:   8  5  6  7  3  4 

;Node ID class   obj  pos  len  dist_th 
TreeSize: 88 
NonL  1    --     63   56   14   1.5603 ==>   0  43  30  10  57  84  / 160   0   0  15   0   0 
NonL  2    --     50   27   51   1.1635 ==>   0  16  12   4  31  71  /   0  27  18   6  26  13 
Leaf  3     8    
NonL  4    --     80   55   14   0.4053 ==>   0   0   1   3   0   0  /   0  16  11   1  31  71 
NonL  5    --     87   23   53   2.5030 ==>   0  27  18   6  12  12  /   0   0   0   0  14   1 
NonL  8    --      3   28   13   0.3612 ==>   0   0   1   0   0   0  /   0   0   0   3   0   0 
NonL  9    --    124    0   78   1.1509 ==>   0   5  11   0  24  35  /   0  11   0   1   7  36 
NonL 10    --     42    0   59   1.2265 ==>   0   0   0   2   6   1  /   0  27  18   4   6  11 
Leaf 11     3    
Leaf 16     6    
Leaf 17     7    
NonL 18    --      0   40   10   0.0738 ==>   0   3   0   0   0   0  /   0   2  11   0  24  35 
NonL 19    --      0   19   40   0.4847 ==>   0   6   0   0   1   1  /   0   5   0   1   6  35 
NonL 20    --      6   20   13   0.3224 ==>   0   0   0   0   6   1  /   0   0   0   2   0   0 
NonL 21    --      0   14   10   0.1204 ==>   0   5  12   4   1   3  /   0  22   6   0   5   8 
Leaf 36     5    
NonL 37    --      0    0   10   0.1032 ==>   0   2   2   0   0   0  /   0   0   9   0  24  35 
NonL 38    --      3   15   59   0.7080 ==>   0   0   0   0   1   1  /   0   6   0   0   0   0 
NonL 39    --      0   39   10   0.1331 ==>   0   1   0   1   4   0  /   0   4   0   0   2  35 
NonL 40    --      4    3   44   0.3580 ==>   0   0   0   0   0   1  /   0   0   0   0   6   0 
Leaf 41     7    
NonL 42    --      0    9   15   0.2101 ==>   0   5   1   1   1   1  /   0   0  11   3   0   2 
NonL 43    --      0   16   26   0.7184 ==>   0   7   5   0   5   8  /   0  15   1   0   0   0 
Leaf 74     5    
Leaf 75     4    
Leaf 76     3    
Leaf 77     5    
Leaf 78     3    
Leaf 79     4    
Leaf 80     4    
Leaf 81     3    
Leaf 84     5    
Leaf 85     6    
Leaf 86     4    
Leaf 87     5    

;Shapelet id   <data>
Shapelet   1  -1.342419 -1.466390 -1.427537 -1.364024 -1.213215 -1.096980 -0.906495 -0.770565 -0.572441 -0.430297 -0.541173 -0.737074 -0.934798 -1.124799 
Shapelet   2   0.255703  0.522526  0.828972  1.074922  1.357251  1.514281  1.463768  1.365394  1.334350  1.371915  1.380464  1.435594  1.542329  1.659423  1.421679  1.138508  0.847349  0.554724  0.293985  0.020673 -0.221439 -0.456905 -0.586698 -0.744320 -0.825471 -0.916170 -1.074728 -1.220479 -1.300750 -1.383849 -1.337981 -1.234263 -1.115600 -0.960006 -0.804973 -0.709064 -0.582018 -0.426673 -0.481335 -0.523705 -0.652342 -0.757767 -0.909618 -1.087801 -1.183960 -1.250428 -1.288193 -1.339535 -1.276798 -1.211999 -1.092387 
Shapelet   4  -1.150920 -1.315603 -1.440354 -1.347840 -1.221312 -1.105177 -0.934379 -0.783031 -0.698686 -0.601967 -0.433868 -0.389112 -0.505083 -0.672688 
Shapelet   5  -0.748767 -0.887398 -0.685031 -0.551597 -0.346520 -0.049489  0.231918  0.576455  0.888599  1.252553  1.395329  1.499590  1.279782  1.199084  1.294672  1.296170  1.277295  1.397561  1.468981  1.409040  1.079551  0.742730  0.389648  0.061690 -0.252207 -0.526249 -0.760819 -0.439174 -0.454606 -0.636886 -0.845566 -1.128121 -1.369036 -1.569216 -1.603035 -1.414024 -1.190486 -0.989905 -0.739680 -0.547292 -0.317346 -0.097825  0.056939 -0.129741 -0.412647 -0.629744 -0.786996 -0.979670 -1.215834 -1.318404 -1.399613 -1.404905 -1.398847 
Shapelet   8   0.160524  0.439723  0.726991  1.051054  1.341322  1.626704  1.660715  1.532401  1.442736  1.252646  1.305054  1.298283  1.369767 
Shapelet   9  -0.521729 -0.449099 -0.293632 -0.106932  0.137717  0.320919  0.562762  0.806476  1.123064  1.258443  1.304233  1.341158  1.366900  1.310984  1.185853  0.990614  0.747469  0.481308  0.216122 -0.056506 -0.344912 -0.521689 -0.572684 -0.519330 -0.381918 -0.232347 -0.067730  0.209900  0.459470  0.747632  1.014241  1.318832  1.482881  1.467427  1.408461  1.396708  1.327209  1.376375  1.412894  1.487150  1.493657  1.559171  1.485280  1.175483  0.851982  0.554507  0.235438 -0.033163 -0.250688 -0.434785 -0.772356 -0.853649 -0.971500 -1.073166 -1.114605 -1.245844 -1.338945 -1.386411 -1.350621 -1.265620 -1.110457 -0.942789 -0.814487 -0.704322 -0.589805 -0.512783 -0.597125 -0.759791 -0.880610 -0.951451 -1.149456 -1.193051 -1.321703 -1.394581 -1.388107 -1.260309 -1.162551 -1.004643 
Shapelet  10  -0.712887 -0.656975 -0.473069 -0.210789  0.063249  0.359947  0.658297  0.961970  1.311421  1.537176  1.567637  1.503583  1.511554  1.557104  1.487641  1.341597  0.996987  0.623822  0.351350  0.019806 -0.255741 -0.533508 -0.736915 -0.745057 -0.635510 -0.441497 -0.215258  0.054851  0.335294  0.623850  0.921203  1.224592  1.432981  1.450062  1.480524  1.468852  1.491342  1.489064  1.530913  1.459172  1.196778  1.007292  0.785323  0.632561  0.686225  0.433168  0.110877 -0.141753 -0.387436 -0.632350 -0.512783 -0.547457 -0.629219 -0.739306 -0.908267 -1.069000 -1.230444 -1.397113 -1.415122 
Shapelet  18   1.426304  1.472890  1.389147  1.075581  0.765833  0.461656  0.165832 -0.116823 -0.377519 -0.576790 
Shapelet  19   0.309299 -0.011352 -0.323257 -0.563150 -0.720759 -0.653510 -0.485034 -0.272755 -0.004951  0.234198  0.511269  0.816885  1.147585  1.422944  1.454615  1.449256  1.476386  1.419855  1.325253  1.378173  1.489225  1.495961  1.525436  1.416878  1.135043  0.793700  0.503045  0.195270 -0.114774 -0.389762 -0.587973 -0.554218 -0.650830 -0.741785 -0.805201 -0.954548 -1.139027 -1.266639 -1.426161 -1.493302 
Shapelet  20  -0.187262 -0.457022 -0.665947 -0.743717 -0.665108 -0.423024 -0.163070  0.105529  0.384611  0.625211  0.915873  1.218954  1.394751 
Shapelet  21   1.565796  1.487539  1.249802  0.936418  0.631837  0.326278  0.034680 -0.281106 -0.574541 -0.821615 
Shapelet  37  -0.546244 -0.492509 -0.320160 -0.094946  0.203326  0.424154  0.617404  0.909591  1.083915  1.190121 
Shapelet  38   1.093390  0.840636  0.538062  0.248628 -0.012665 -0.282688 -0.493595 -0.613969 -0.620839 -0.451685 -0.256344 -0.036047  0.270434  0.589237  0.866160  1.135206  1.406993  1.546306  1.440017  1.390198  1.436803  1.385849  1.414178  1.525445  1.586294  1.633530  1.402519  1.128620  0.833451  0.542694  0.258460  0.010243 -0.244906 -0.449069 -0.581827 -0.627109 -0.702391 -0.768250 -0.923822 -1.049238 -1.175096 -1.236231 -1.319459 -1.320928 -1.256014 -1.156819 -1.048514 -0.958390 -0.861240 -0.759616 -0.647970 -0.760183 -0.866062 -0.993337 -1.127639 -1.255806 -1.294004 -1.284898 -1.219054 
Shapelet  39   1.406276  1.579418  1.600024  1.327082  1.040066  0.702649  0.419726  0.125854 -0.115856 -0.365752 
Shapelet  40  -0.237453  0.075111  0.376321  0.622986  0.972903  1.208052  1.415718  1.372269  1.336367  1.383655  1.458039  1.433427  1.271500  0.913680  0.593923  0.358645  0.108013 -0.187262 -0.457022 -0.665947 -0.743717 -0.665108 -0.423024 -0.163070  0.105529  0.384611  0.625211  0.915873  1.218954  1.394751  1.334852  1.403396  1.340174  1.389203  1.305885  1.414880  1.396913  1.464716  1.495811  1.389397  1.072510  0.747398  0.440640  0.147785 
Shapelet  42   1.430031  1.524889  1.424103  1.390310  1.443371  1.565796  1.487539  1.249802  0.936418  0.631837  0.326278  0.034680 -0.281106 -0.574541 -0.821615 
Shapelet  43   1.088145  0.820265  0.512591  0.169759 -0.167811 -0.402413 -0.590631 -0.756647 -0.777446 -0.621479 -0.470248 -0.236698  0.013416  0.281421  0.567144  0.860860  1.170339  1.337733  1.449245  1.419676  1.342745  1.406896  1.418673  1.446990  1.535448  1.502370 


; cmd = ShapeletResearch/Execs/FastShapelet UCRArchive_2018//MiddlePhalanxTW/MiddlePhalanxTW_TRAIN.tsv 6 399 81 10 1 10 10 0 1 10 UCRArchive_2018//MiddlePhalanxTW/tree.txt UCRArchive_2018//MiddlePhalanxTW/time.txt
; time =>   13.642   0.929   4.799   0.589   6.821 
