;Shapelet Tree 

;random seed:1551076332, rand()=1417550801, rand()=792907512
;command = ShapeletResearch/Execs/FastShapelet UCRArchive_2018//CricketZ/CricketZ_TRAIN.tsv 12 390 301 10 1 10 10 0 1 10 UCRArchive_2018//CricketZ/tree.txt UCRArchive_2018//CricketZ/time.txt 

;Local Class:   0  1  2  3  4  5  6  7  8  9 10 11 
;Real  Class:   6  5 10  7  8  9  4 12 11  3  2  1 

;Node ID class   obj  pos  len  dist_th 
TreeSize: 256 
NonL  1    --     32    7  272  20.5993 ==>   0  26   0  25   0   4  17   1   2   0   1  11  /  36   3  31  16  37  27  15  35  31  25  26  21 
NonL  2    --      5   67  203  13.7070 ==>   0  24   0   0   0   0   3   0   0   0   0   0  /   0   2   0  25   0   4  14   1   2   0   1  11 
NonL  3    --     32   10   34   2.0136 ==>  17   1  29   0  20   3  11  21  15  17   2   0  /  19   2   2  16  17  24   4  14  16   8  24  21 
NonL  4    --      1   81   32   4.0337 ==>   0  24   0   0   0   0   0   0   0   0   0   0  /   0   0   0   0   0   0   3   0   0   0   0   0 
NonL  5    --     27   47  239  16.1603 ==>   0   0   0  24   0   0   0   0   0   0   0   1  /   0   2   0   1   0   4  14   1   2   0   1  10 
NonL  6    --    132  104   79   6.4889 ==>  11   1  24   0  13   1   3  21   6   2   0   0  /   6   0   5   0   7   2   8   0   9  15   2   0 
NonL  7    --     49    2  297  24.9174 ==>  17   0   2   4  15   8   2  13  15   7  24   3  /   2   2   0  12   2  16   2   1   1   1   0  18 
Leaf  8     5    
Leaf  9     4    
Leaf 10     7    
NonL 11    --      6   99  166  12.1874 ==>   0   0   0   0   0   0  14   0   2   0   0   2  /   0   2   0   1   0   4   0   1   0   0   1   8 
NonL 12    --      1    1   31   1.6645 ==>   9   0  23   0  12   0   2   5   1   0   0   0  /   2   1   1   0   1   1   1  16   5   2   0   0 
NonL 13    --      8   73  209  15.8117 ==>   5   0   4   0   7   1   8   0   0   0   0   0  /   1   0   1   0   0   1   0   0   9  15   2   0 
NonL 14    --    104   23  242  13.2518 ==>   2   0   2   0   0   5   0   1   1   0  20   3  /  15   0   0   4  15   3   2  12  14   7   4   0 
NonL 15    --     38   67   87   8.2694 ==>   0   0   0   0   2  16   0   1   0   1   0  14  /   2   2   0  12   0   0   2   0   1   0   0   4 
NonL 22    --      0  191   31   2.4935 ==>   0   0   0   0   0   0  14   0   0   0   0   0  /   0   0   0   0   0   0   0   0   2   0   0   2 
NonL 23    --      4   95  167   5.0665 ==>   0   0   0   0   0   0   0   0   0   0   0   8  /   0   2   0   1   0   4   0   1   0   0   1   0 
NonL 24    --     40  187   44   2.3244 ==>   0   0  20   0   3   0   0   2   1   0   0   0  /   9   0   3   0   9   0   2   3   0   0   0   0 
NonL 25    --      2    0  212  12.9260 ==>   2   0   0   0   0   0   0   0   5   0   0   0  /   0   1   1   0   1   1   1  16   0   2   0   0 
NonL 26    --      5   35  253  15.8642 ==>   5   0   4   0   0   0   0   0   0   0   0   0  /   0   0   0   0   7   1   8   0   0   0   0   0 
NonL 27    --     16  103   41   3.2363 ==>   0   0   1   0   0   0   0   0   0  15   0   0  /   1   0   0   0   0   1   0   0   9   0   2   0 
NonL 28    --      9   86  169   5.6824 ==>   2   0   0   0   0   5   0   0   0   0   0   3  /   0   0   2   0   0   0   0   1   1   0  20   0 
NonL 29    --     43   99   95   5.6409 ==>   4   0   0   0  15   0   1   5   0   0   1   0  /  11   0   0   4   0   3   1   7  14   7   3   0 
NonL 30    --      2  117   40   1.8899 ==>   0   0   0   0   0   6   0   0   0   0   0  14  /   0   0   0   0   2  10   0   1   0   1   0   0 
NonL 31    --     21   88  175   8.2347 ==>   0   0   0   0   0   0   2   0   0   0   0   3  /   2   2   0  12   0   0   0   0   1   0   0   1 
Leaf 44     4    
NonL 45    --      3   94  202  12.0291 ==>   0   0   0   0   0   0   0   0   2   0   0   0  /   0   0   0   0   0   0   0   0   0   0   0   2 
Leaf 46     1    
NonL 47    --      1  188  100   4.6573 ==>   0   0   0   0   0   4   0   1   0   0   0   0  /   0   2   0   1   0   0   0   0   0   0   1   0 
NonL 48    --      0  254   20   2.2913 ==>   0   0  20   0   0   0   0   2   1   0   0   0  /   0   0   0   0   3   0   0   0   0   0   0   0 
NonL 49    --      2    7   42   1.5229 ==>   8   0   3   0   0   0   0   0   0   0   0   0  /   1   0   0   0   9   0   2   3   0   0   0   0 
NonL 50    --      0   53  154   8.5081 ==>   2   0   0   0   0   0   0   0   0   0   0   0  /   0   0   0   0   0   0   0   0   5   0   0   0 
NonL 51    --     13   77  157  14.7654 ==>   0   0   1   0   1   0   0  16   0   0   0   0  /   0   1   0   0   0   1   1   0   0   2   0   0 
NonL 52    --      2   15   48   2.2094 ==>   0   0   4   0   0   0   0   0   0   0   0   0  /   5   0   0   0   0   0   0   0   0   0   0   0 
NonL 53    --      6   52  241  14.0465 ==>   0   0   0   0   7   1   0   0   0   0   0   0  /   0   0   0   0   0   0   8   0   0   0   0   0 
Leaf 54     3    
NonL 55    --      0  151   17   0.9620 ==>   0   0   0   0   0   0   0   0   9   0   0   0  /   1   0   0   0   0   1   0   0   0   0   2   0 
NonL 56    --      3   35  190   7.3274 ==>   0   0   0   0   0   5   0   0   0   0   0   0  /   2   0   0   0   0   0   0   0   0   0   0   3 
NonL 57    --      2   28   78   3.9773 ==>   0   0   2   0   0   0   0   0   1   0   0   0  /   0   0   0   0   0   0   0   1   0   0  20   0 
NonL 58    --      0   15   35   1.6263 ==>   1   0   0   0  15   0   1   1   0   0   0   0  /   3   0   0   0   0   0   0   4   0   0   1   0 
NonL 59    --     12    4  243  19.4583 ==>   2   0   0   0   0   3   1   0   7   7   2   0  /   9   0   0   4   0   0   0   7   7   0   1   0 
NonL 60    --      1  191   25   1.9376 ==>   0   0   0   0   0   6   0   0   0   0   0   1  /   0   0   0   0   0   0   0   0   0   0   0  13 
NonL 61    --      1   21  103   8.0145 ==>   0   0   0   0   0  10   0   0   0   0   0   0  /   0   0   0   0   2   0   0   1   0   1   0   0 
NonL 62    --      3   19  103   8.6383 ==>   0   0   0   0   0   0   0   0   0   0   0   3  /   0   0   0   0   0   0   2   0   0   0   0   0 
NonL 63    --      1   16   44   5.1928 ==>   2   0   0  12   0   0   0   0   0   0   0   1  /   0   2   0   0   0   0   0   0   1   0   0   0 
Leaf 90    11    
Leaf 91     1    
NonL 94    --      0    0  297   8.3786 ==>   0   0   0   0   0   0   0   1   0   0   0   0  /   0   0   0   0   0   4   0   0   0   0   0   0 
NonL 95    --      0   51   48   4.0594 ==>   0   2   0   0   0   0   0   0   0   0   0   0  /   0   0   0   1   0   0   0   0   0   0   1   0 
NonL 96    --      4  126   53   3.7223 ==>   0   0   0   0   0   0   0   2   0   0   0   0  /   0   0  20   0   0   0   0   0   1   0   0   0 
Leaf 97     8    
NonL 98    --      2    0   67   2.1584 ==>   0   0   3   0   0   0   0   0   0   0   0   0  /   8   0   0   0   0   0   0   0   0   0   0   0 
NonL 99    --      8    8   36   2.1153 ==>   1   0   0   0   0   0   2   2   0   0   0   0  /   0   0   0   0   9   0   0   1   0   0   0   0 
Leaf 100     6    
Leaf 101    11    
NonL 102    --      7    7   29   2.2097 ==>   0   0   0   0   0   0   0  16   0   0   0   0  /   0   0   1   0   1   0   0   0   0   0   0   0 
NonL 103    --      1   11  110   6.4271 ==>   0   0   0   0   0   0   0   0   0   2   0   0  /   0   1   0   0   0   1   1   0   0   0   0   0 
Leaf 104    10    
Leaf 105     6    
NonL 106    --      2    5  287   5.8991 ==>   0   0   0   0   0   1   0   0   0   0   0   0  /   0   0   0   0   7   0   0   0   0   0   0   0 
Leaf 107     4    
Leaf 110    11    
NonL 111    --      0   53  245  16.3785 ==>   0   0   0   0   0   0   0   0   0   0   2   0  /   1   0   0   0   0   1   0   0   0   0   0   0 
Leaf 112     9    
NonL 113    --      1    8  166   8.5640 ==>   2   0   0   0   0   0   0   0   0   0   0   0  /   0   0   0   0   0   0   0   0   0   0   0   3 
NonL 114    --      2   12  287   6.9802 ==>   0   0   0   0   0   0   0   0   1   0   0   0  /   0   0   2   0   0   0   0   0   0   0   0   0 
Leaf 115     2    
NonL 116    --      0  190   13   0.6819 ==>   0   0   0   0  15   0   0   0   0   0   0   0  /   1   0   0   0   0   0   1   1   0   0   0   0 
NonL 117    --      0   89  204  19.4297 ==>   0   0   0   0   0   0   0   4   0   0   0   0  /   3   0   0   0   0   0   0   0   0   0   1   0 
NonL 118    --     20   22  140   9.9571 ==>   2   0   0   0   0   3   1   0   0   1   2   0  /   0   0   0   0   0   0   0   0   7   6   0   0 
NonL 119    --      6   39  185  15.3834 ==>   0   0   0   3   0   0   0   0   7   0   0   0  /   9   0   0   1   0   0   0   7   0   0   1   0 
NonL 120    --      6  128  134   4.5950 ==>   0   0   0   0   0   0   0   0   0   0   0   1  /   0   0   0   0   0   6   0   0   0   0   0   0 
Leaf 121     1    
Leaf 122     9    
NonL 123    --      3    6  292  17.1423 ==>   0   0   0   0   2   0   0   0   0   0   0   0  /   0   0   0   0   0   0   0   1   0   1   0   0 
Leaf 124     1    
Leaf 125     4    
NonL 126    --      1   47  124  12.0501 ==>   0   0   0  12   0   0   0   0   0   0   0   0  /   2   0   0   0   0   0   0   0   0   0   0   1 
NonL 127    --      0    0  298  12.4327 ==>   0   0   0   0   0   0   0   0   1   0   0   0  /   0   2   0   0   0   0   0   0   0   0   0   0 
Leaf 188    12    
Leaf 189     9    
Leaf 190     5    
Leaf 191     7    
Leaf 192    12    
Leaf 193    10    
Leaf 196    10    
Leaf 197     6    
Leaf 198     4    
Leaf 199     8    
Leaf 204    12    
Leaf 205    10    
Leaf 206     3    
Leaf 207     5    
Leaf 212     9    
Leaf 213     8    
Leaf 222     2    
Leaf 223     6    
Leaf 226     6    
Leaf 227     1    
Leaf 228    11    
Leaf 229    10    
Leaf 232     8    
Leaf 233     6    
Leaf 234    12    
Leaf 235     6    
Leaf 236     9    
Leaf 237    11    
Leaf 238    11    
Leaf 239     6    
Leaf 240     1    
Leaf 241     9    
Leaf 246     8    
Leaf 247    12    
Leaf 252     7    
Leaf 253     6    
Leaf 254    11    
Leaf 255     5    

;Shapelet id   <data>
Shapelet   1   0.357465  0.324745  0.342587  0.157296  0.091508  0.045540 -0.020180 -0.066930 -0.105589 -0.207710 -0.229684 -0.262581 -0.266402 -0.260369 -0.211154 -0.188472 -0.105880 -0.121936 -0.154573 -0.203944 -0.227237 -0.150329 -0.120118 -0.173588 -0.197131 -0.160013 -0.142185 -0.064460 -0.016752 -0.142906 -0.147637  0.073200  0.039426 -0.154079 -0.233274 -0.100444 -0.135978 -0.386522 -0.215608 -0.185602 -0.367369 -0.336589 -0.266334 -0.310407 -0.431889 -0.408369 -0.542132 -0.323497 -0.133972  0.302633  1.459133  9.330648  0.442858  0.126800  0.230314 -0.002276 -0.878250 -1.073353 -1.449510 -1.717234 -1.335462 -0.519630  7.267281  3.951153 -0.420819 -0.432166 -0.083058  0.040878 -0.808375 -1.729744 -1.871263 -1.631583 -1.789103 -1.384485  8.994331  0.588918 -1.477296 -0.855664  0.010826  0.321301  0.231345  0.172014  0.028150  0.121903  0.124109  0.084645 -0.064416 -0.169509 -0.063616 -0.064327 -0.136215 -0.097408 -0.064279 -0.117919 -0.093102 -0.071130 -0.032362  0.067141 -0.031101 -0.063549 -0.068922 -0.144369  0.024840  0.022451 -0.212406 -0.189836 -0.128236 -0.206711 -0.243188 -0.299119 -0.352424 -0.370831 -0.383782 -0.406843 -0.448107 -0.443986 -0.458922 -0.500505 -0.482165 -0.510794 -0.536082 -0.589632 -0.576606 -0.615590 -0.677901 -0.666488 -0.647912 -0.606219 -0.546549 -0.537635 -0.580968 -0.578222 -0.594193 -0.591938 -0.583099 -0.551505 -0.539353 -0.559856 -0.633971 -0.622121 -0.610093 -0.596506 -0.614073 -0.595341 -0.588435 -0.602708 -0.598877 -0.601984 -0.539596 -0.483032 -0.471883 -0.489434 -0.476817 -0.425534 -0.424265 -0.437982 -0.396536 -0.442798 -0.438087 -0.454312 -0.470785 -0.502833 -0.494368 -0.484230 -0.429147 -0.442900 -0.466144 -0.458315 -0.415495 -0.384062 -0.361396 -0.334526 -0.318082 -0.293605 -0.275311 -0.255726 -0.288086 -0.269403 -0.275271 -0.231642 -0.237774 -0.206038 -0.220748 -0.165052 -0.157585 -0.196071 -0.169151 -0.181649 -0.206253 -0.113015 -0.110329 -0.181288 -0.174302 -0.077264 -0.067244 -0.057072 -0.048010 -0.084413 -0.077055 -0.079623 -0.052141 -0.026983 -0.003339  0.029229  0.115262  0.115139  0.074978  0.159929  0.109058  0.174297  0.124634  0.176356  0.181379  0.201796  0.230451  0.167650  0.177008  0.238435  0.178595  0.226306  0.208196  0.185981  0.282530  0.278498  0.301122  0.336102  0.327807  0.343228  0.347106  0.348609  0.333239  0.349245  0.360555  0.370394  0.377818  0.366408  0.378525  0.374859  0.263497  0.269932  0.279107  0.369110  0.268940  0.272987  0.380006  0.486111  0.392850  0.390077  0.389730  0.387340  0.293009  0.378297  0.384675  0.387069  0.299316  0.375053  0.304964  0.413102  0.412078  0.412859  0.416324  0.379794  0.411088  0.404598  0.409648  0.415981  0.477679  0.418843  0.423635  0.423208  0.422231  0.354275 
Shapelet   2  -1.335462 -0.519630  7.267281  3.951153 -0.420819 -0.432166 -0.083058  0.040878 -0.808375 -1.729744 -1.871263 -1.631583 -1.789103 -1.384485  8.994331  0.588918 -1.477296 -0.855664  0.010826  0.321301  0.231345  0.172014  0.028150  0.121903  0.124109  0.084645 -0.064416 -0.169509 -0.063616 -0.064327 -0.136215 -0.097408 -0.064279 -0.117919 -0.093102 -0.071130 -0.032362  0.067141 -0.031101 -0.063549 -0.068922 -0.144369  0.024840  0.022451 -0.212406 -0.189836 -0.128236 -0.206711 -0.243188 -0.299119 -0.352424 -0.370831 -0.383782 -0.406843 -0.448107 -0.443986 -0.458922 -0.500505 -0.482165 -0.510794 -0.536082 -0.589632 -0.576606 -0.615590 -0.677901 -0.666488 -0.647912 -0.606219 -0.546549 -0.537635 -0.580968 -0.578222 -0.594193 -0.591938 -0.583099 -0.551505 -0.539353 -0.559856 -0.633971 -0.622121 -0.610093 -0.596506 -0.614073 -0.595341 -0.588435 -0.602708 -0.598877 -0.601984 -0.539596 -0.483032 -0.471883 -0.489434 -0.476817 -0.425534 -0.424265 -0.437982 -0.396536 -0.442798 -0.438087 -0.454312 -0.470785 -0.502833 -0.494368 -0.484230 -0.429147 -0.442900 -0.466144 -0.458315 -0.415495 -0.384062 -0.361396 -0.334526 -0.318082 -0.293605 -0.275311 -0.255726 -0.288086 -0.269403 -0.275271 -0.231642 -0.237774 -0.206038 -0.220748 -0.165052 -0.157585 -0.196071 -0.169151 -0.181649 -0.206253 -0.113015 -0.110329 -0.181288 -0.174302 -0.077264 -0.067244 -0.057072 -0.048010 -0.084413 -0.077055 -0.079623 -0.052141 -0.026983 -0.003339  0.029229  0.115262  0.115139  0.074978  0.159929  0.109058  0.174297  0.124634  0.176356  0.181379  0.201796  0.230451  0.167650  0.177008  0.238435  0.178595  0.226306  0.208196  0.185981  0.282530  0.278498  0.301122  0.336102  0.327807  0.343228  0.347106  0.348609  0.333239  0.349245  0.360555  0.370394  0.377818  0.366408  0.378525  0.374859  0.263497  0.269932  0.279107  0.369110  0.268940  0.272987  0.380006  0.486111  0.392850  0.390077  0.389730  0.387340  0.293009  0.378297  0.384675  0.387069  0.299316  0.375053  0.304964  0.413102  0.412078  0.412859  0.416324  0.379794  0.411088 
Shapelet   3  -0.202142 -0.262747 -0.286790 -0.318124 -0.346772 -0.385263 -0.431354 -0.436324 -0.479785 -0.504042 -0.692992 -0.876700 -0.769764 -0.392604 -0.230991 -0.112823 -0.061994  0.208783  0.673863  0.959493  1.026410  1.413804  1.848665  1.972162  1.872854  1.705002  1.518408  1.722156  2.002230  1.881203  1.498953  1.279466  1.179181  0.263523 
Shapelet   4   8.994331  0.588918 -1.477296 -0.855664  0.010826  0.321301  0.231345  0.172014  0.028150  0.121903  0.124109  0.084645 -0.064416 -0.169509 -0.063616 -0.064327 -0.136215 -0.097408 -0.064279 -0.117919 -0.093102 -0.071130 -0.032362  0.067141 -0.031101 -0.063549 -0.068922 -0.144369  0.024840  0.022451 -0.212406 -0.189836 
Shapelet   5  -2.047547 -2.441915 -1.804678 -1.751397 -1.718062 -1.807349 -1.664851 -1.253044 -1.432169 -1.311595 -1.283651 -1.107947 -1.001143 -1.142427 -1.255092 -0.212793 -0.038920 -0.076688  0.435876  1.038044  1.228980  1.873309  2.321873  2.967126  3.078594  3.984587  2.586004  1.903961  1.084177  0.574243 -0.227056 -0.386006 -0.262989 -0.593646 -0.373640  0.530386  2.024522  3.955282  4.575972  2.540220  1.186491  1.017211  0.552576 -0.805419 -1.622222 -1.192722 -0.000158  1.066232  3.205179  5.009731  3.360678  1.819959  1.875412  1.934672  1.661535  1.313210  1.250123  1.026844  0.395038  0.012862 -0.227917 -0.011261 -0.822298 -1.110850 -0.708427 -1.353708 -1.931414 -1.458121 -1.746328 -2.245785 -2.639956 -2.380336 -2.332303 -2.179619 -1.455404 -0.807882 -1.354372 -0.543352 -0.017996 -0.320337  0.294474  1.151252  0.322642  0.404134  1.069391  0.924144  0.430000  0.494324  0.573217  0.544923  0.236968  0.265325  0.358622  1.320787  2.473095  0.859921 -0.035492 -0.127859 -0.209744 -0.240484 -0.287550 -0.326141 -0.329796 -0.367598 -0.193214 -0.129329 -0.151511 -0.166929 -0.130191 -0.143152 -0.126528 -0.191271 -0.163831 -0.217701 -0.243907 -0.203938 -0.196182 -0.129743 -0.141795 -0.094944 -0.128861 -0.108106 -0.056432  0.024458  0.064525  0.128368  0.183869  0.333985  0.346449  0.304327  0.265493  0.132961  0.150368  0.017336 -0.062805 -0.027136 -0.036374 -0.104697 -0.074057 -0.119259 -0.065400 -0.079285 -0.167501 -0.163554 -0.100760 -0.157387 -0.181790 -0.103304 -0.071363 -0.073001 -0.068997  0.000407  0.008137  0.067698  0.042371  0.102048  0.090666  0.163164  0.194419  0.267729  0.210620  0.123403  0.104713  0.043151 -0.058659 -0.068581 -0.074025 -0.073439 -0.073153 -0.077532 -0.067306 -0.062514 -0.061796 -0.085013 -0.090999 -0.054931  0.054191  0.015387 -0.066500 -0.059667 -0.071128 -0.056563 -0.060464  0.011730 -0.003694 -0.001036 -0.002065 -0.005802 -0.004564 -0.016942 -0.116017 -0.122493 -0.217990 -0.215192 -0.173721 -0.182523 -0.104257 -0.213468 -0.208169 -0.202872 -0.207193 -0.211632 -0.117990 -0.111725 -0.105229 -0.106051 -0.108790 -0.005052 -0.112590 -0.113929 -0.061304 -0.037627 -0.081836 -0.000053 -0.115174 -0.120025 -0.113867 -0.221615 -0.205326 -0.092722 -0.049094 -0.001636 -0.010034 -0.053957 -0.119142 -0.004172 -0.004735 -0.009304 -0.007854 -0.008543 -0.008473 -0.008048 -0.001209 -0.112255 -0.118657 -0.114414 -0.115549 -0.111928 -0.113017 
Shapelet   6  -0.736300 -0.835836 -0.820486 -0.727013 -0.872141 -0.725793 -0.742185 -0.916305 -0.827226 -0.785305 -0.875776 -0.840967 -0.841657 -0.758667 -0.723865 -0.699963 -0.749094 -0.716215 -0.731184 -0.706447 -0.703192 -0.727687 -0.742346 -0.653990 -0.687028 -0.674151 -0.525964 -0.495240 -0.448697 -0.461048 -0.506599 -0.377935 -0.430034 -0.414934 -0.388300 -0.226061 -0.264440 -0.252354 -0.211756 -0.231828 -0.296435 -0.288895 -0.161362 -0.072253 -0.098077 -0.078927 -0.088355 -0.097003 -0.144026 -0.082648 -0.176363 -0.078384 -0.133492 -0.207136 -0.308143 -0.337823 -0.266581 -0.290766 -0.289861 -0.290002 -0.437297 -0.437487 -0.339057 -0.425821 -0.257593 -0.235049 -0.154425 -0.088087  0.005332  0.064345  0.234719  0.469360  0.315438  0.551557  1.338232  1.404069  0.907156  1.164895  1.854087 
Shapelet   7   0.110322  0.064205  0.260810 -0.120989 -0.340063 -0.392869 -0.275091 -0.440111 -0.559906 -0.646121 -0.786911 -0.776190 -1.361370 -2.917497 -0.441035  0.871331  1.278669  1.607945  0.594474  0.723209  1.766031  1.427194  1.564629  1.721042  1.818211  1.453514  0.849440  0.551552  1.264507  1.753391  1.838446  1.605095  1.773257  1.629165  1.006573  0.568614  0.253502 -0.056027 -0.466356 -0.599868 -1.018522 -0.215418  0.375942  0.300328  0.263112  0.407432  0.734065  0.655115  0.781240  0.235401 -0.130276 -0.160039 -0.577327 -0.435608 -0.596047 -0.757498 -0.643181 -0.204822 -0.385170 -0.135808 -0.587997 -0.355510  0.119984  0.167956  0.186645  0.801896  1.028613  0.318275  0.133179  0.168842  0.322094 -0.219356  0.365438  0.520619  0.773021  1.150680  0.637352  0.478991  0.291891 -0.016466 -0.330104 -0.304771 -0.580666 -0.769959 -1.688203 -2.507225 -2.350975 -2.769773 -3.139924 -2.844519 -2.100004 -1.653936 -1.697279 -1.232110 -1.133377 -1.174525 -1.469272 -1.825156 -2.159368 -2.167238 -2.177922 -2.529168 -2.212288 -2.043488 -2.352362 -2.134306 -1.276002 -1.303338 -1.285534 -0.654134 -0.245522 -0.125750 -0.078127  0.382901  0.589792  0.730063  0.369393 -0.046378 -0.691995 -1.289564 -2.116808 -2.279376 -2.307153 -2.304795 -1.956642 -1.405508 -1.248611 -1.015021 -0.573023 -0.376890  0.020467  0.204998  0.139953  0.298603  0.584873  0.470194  0.952440  1.673598  1.291292  2.081492  3.250091  4.263674  1.142051  0.627435  0.214108  0.534960  0.913410  1.070426  1.535620  1.365425  1.225835  1.068975  1.071260  1.058118  0.977892  0.850468  0.733617  0.538760  0.989459  0.954322  0.849288  0.683062  0.569384  0.665386  0.240575  0.892406  1.369142  0.195478  0.541069  1.172313  0.914872  1.129734  2.014076  2.004711  0.836312  0.124691  1.244631  1.281684  0.753057  0.399240  0.106971  0.266950  0.240480  0.467569  0.127595 -0.178101 -0.188034 -0.162669 -0.112145 -0.076584 -0.018718  0.047832 -0.164494 -0.257963 -0.148547 -0.255763 -0.302411 -0.344191 -0.337752 -0.555452 -0.675197 -0.696408 -0.758885 -0.996546 -1.180307 -1.136964 -1.055091 -0.976389 -1.332787 -0.835495 -0.595299 -0.520751 -0.710311 -0.421124 -0.130935 -0.377611 -0.394926 -0.379514 -0.316870  0.020596 -0.269972 -0.190903 -0.053458 -0.102217 -0.092342 -0.004101 -0.172675 -0.355932 -0.074042 -0.017766 -0.211177 -0.064742 -0.026448 -0.180526 -0.024975 -0.000842  0.033350  0.054117  0.070141  0.223191 -0.007746  0.054309  0.029152 -0.040453 -0.027957 -0.006488  0.207763 -0.052329  0.216844 -0.034421 -0.029419  0.010837  0.287815 -0.013131  0.292294  0.281892 -0.033887  0.319740  0.018741  0.304335  0.009359  0.045448  0.060820  0.007418  0.079133  0.341333  0.107090  0.092366  0.080685  0.320851  0.130245  0.143766  0.153128  0.175029  0.181315  0.186062  0.334198  0.188417  0.357287  0.523753  0.344160  0.362618  0.253627  0.244279  0.257745  0.378939  0.381521  0.289684  0.358199  0.347138  0.297762  0.336732  0.292965  0.303217  0.348305  0.373645  0.355807 
Shapelet  11  -0.306852 -0.252685 -0.319620 -0.380840 -0.398604  0.142764  0.663533  0.822316  1.122247  1.012862  1.668296  2.257240  1.550728  1.662061  2.151839  2.076131  2.232283  2.280867  2.293522  2.095498  1.794291  1.575465  1.712526  1.125577  1.045860  0.794427  0.484079  0.344545  0.358654  0.483823  0.233724  0.059617 -0.285522 -0.350159 -0.304799 -0.176047 -0.348239 -0.537606 -0.499730 -0.253459 -0.504401 -0.056583  0.072517 -0.463673 -0.392115 -0.431860 -0.615420 -0.723919 -0.817410 -0.790656 -0.722898 -0.640500 -0.570284 -0.499780 -0.501135 -0.402479 -0.502264 -0.600059 -0.580805 -0.460352 -0.457686 -0.519256 -0.521470 -0.486187 -0.478124 -0.418971 -0.459492 -0.459541 -0.484074 -0.551988 -0.550944 -0.518504 -0.468586 -0.452425 -0.443861 -0.393538 -0.455490 -0.440206 -0.442364 -0.465451 -0.496654 -0.461835 -0.486437 -0.432680 -0.441140 -0.452530 -0.422806 -0.407823 -0.356219 -0.425126 -0.395170 -0.329051 -0.395336 -0.325543 -0.414319 -0.379483 -0.318994 -0.336001 -0.331467 -0.401266 -0.392555 -0.321875 -0.430635 -0.427820 -0.433274 -0.519278 -0.426386 -0.336899 -0.369889 -0.454383 -0.331435 -0.323535 -0.351424 -0.461113 -0.572194 -0.462931 -0.554546 -0.466366 -0.454228 -0.430469 -0.344200 -0.252344 -0.366982 -0.331337 -0.297252 -0.527498 -0.334761 -0.296507 -0.334525 -0.323211 -0.326728 -0.433405 -0.367550 -0.364789 -0.366635 -0.369553 -0.367841 -0.323317 -0.372688 -0.377199 -0.368495 -0.311509 -0.274022 -0.247546 -0.355094 -0.363174 -0.429411 -0.356071 -0.358088 -0.364493 -0.372751 -0.363817 -0.357716 -0.416792 -0.483733 -0.431738 -0.362543 -0.363991 -0.357313 -0.359319 -0.359758 -0.512384 -0.364671 -0.417701 -0.362357 -0.325218 
Shapelet  12   0.005832  0.015528 -0.021592 -0.061472 -0.265406 -0.349928 -0.258883 -0.200651 -0.266303 -0.353337 -0.433717 -0.384812 -0.559988 -0.724122 -0.652142 -0.762514 -0.835256 -0.893246 -0.988824 -1.027720 -1.062145 -1.104813 -1.144740 -1.185830 -1.191391 -1.196622 -1.199208 -1.235769 -1.222552 -1.243302 -1.245282 
Shapelet  13   2.841955  4.821880  0.707070  0.060384  0.259839 -0.385128 -0.923125 -1.293977 -1.964576 -2.001711 -1.488223 -1.203979 -0.647654 -0.404864  1.343780  4.591445  0.806259 -0.028651  0.684170 -0.003684 -0.320481 -0.807958 -1.886157 -2.173933 -1.242484 -1.596575 -1.601941 -0.743207 -1.893825  1.346679  3.023108  0.930869 -0.059569 -0.610692 -0.707707 -0.577719 -0.438493 -0.054997 -0.189338 -0.133253  0.267680  0.512921  0.851771  0.992995  1.186847  1.592918  1.756918  1.958004  2.387450  1.992714  2.139273  2.302473  2.193029  2.150463  2.194471  1.832847  1.369436  1.404718  1.114250  0.954504  0.805635  0.646921  0.415016  0.287784  0.190208  0.152343  0.135542  0.189066  0.022789 -0.150361 -0.112192 -0.240980 -0.560193 -0.652430 -0.427797  0.526057  0.819596  0.186821 -0.225811 -0.588952 -0.633781 -1.010312 -1.271620 -1.205652 -1.051284 -1.037694 -1.038181 -1.024132 -0.738591 -0.444624 -0.355038 -0.337000 -0.439761 -0.522673 -0.652316 -0.659045 -0.697870 -0.702669 -0.687181 -0.601767 -0.589049 -0.530938 -0.555926 -0.505588 -0.585165 -0.650229 -0.627652 -0.573198 -0.585452 -0.486181 -0.466862 -0.486300 -0.497982 -0.497193 -0.459569 -0.519002 -0.409644 -0.408664 -0.483895 -0.469513 -0.556120 -0.453122 -0.548525 -0.468829 -0.464259 -0.463534 -0.452748 -0.446312 -0.378617 -0.459660 -0.462585 -0.448824 -0.439063 -0.443911 -0.450341 -0.445949 -0.408679 -0.400115 -0.413164 -0.435604 -0.416900 -0.311013 -0.307022 -0.291005 -0.298398 -0.298518 -0.296554 -0.398702 -0.391531 -0.365949 -0.335641 -0.360575 -0.352392 -0.345062 -0.342604 -0.340643 -0.342492 -0.265078 -0.230070 -0.358022 -0.276339 -0.274284 -0.272847 -0.274746 -0.357598 -0.357059 -0.265723 -0.340979 -0.183547 -0.168180 -0.257141 -0.329066 -0.347515 -0.340040 -0.338700 -0.346773 -0.353871 -0.345323 -0.338235 -0.337081 -0.336859 -0.338608 -0.276344 -0.106294 -0.333565 -0.201478 -0.278398 -0.330399 -0.337479 -0.291984 -0.333775 -0.335403 -0.275631 -0.314249 -0.289606 -0.284924 -0.296745 -0.302518 -0.299385 -0.293595 -0.294664 -0.335211 -0.194664 -0.300219 -0.301911 -0.418568 -0.328107 -0.327488 -0.336648 
Shapelet  14   0.207450  0.390125  0.437094  0.287036  0.431524  0.419299  0.365334  0.317511  0.297628  0.282378  0.123480  0.202761  0.031101  0.138365  0.164410  0.195161  0.484592  0.586071  0.658543  0.639370  0.703281  0.851560  1.085875  1.149312  1.073935  1.107373  1.386299  1.437967  0.764622  0.113635 -0.340147  0.128267 -0.937893 -1.529413 -0.834235 -0.787584 -1.745551 -1.413863 -1.336619 -0.863689 -0.863335 -1.408405 -1.679930 -2.603891 -2.685688 -2.571703 -2.294875 -2.618875 -2.345536 -1.944037 -1.038275 -1.425562 -1.062862 -1.588507 -1.408862 -0.852161 -1.409510 -1.612117 -1.127581 -1.915702 -1.556684 -1.460659 -1.862550 -2.235551 -1.594612 -1.295053 -1.085732 -1.968094 -1.674070 -1.677279 -1.625835 -1.134429 -1.997047 -1.524132 -1.031704 -1.529656 -1.605777 -1.102138 -0.833589 -1.186490 -1.379309 -1.303897 -0.992838 -0.889065 -1.368014 -0.658223 -1.126856 -1.198482 -0.209173 -0.544077 -1.388546 -1.025952 -1.072841 -0.907462 -1.164287 -0.554560 -0.491900 -0.608881 -0.818417 -0.624786 -1.286226 -2.193467 -1.413564 -1.275855 -0.797703 -0.192310  0.185008 -0.429610 -0.325070 -0.383047 -0.767516 -0.250241 -0.417280 -0.557496 -0.254652 -0.433758 -1.647753 -1.298858 -1.513530 -2.848564 -3.377391 -2.163674 -1.964020 -1.882692 -1.318534 -1.066628 -0.524765 -0.258712  0.520593  1.276713  1.255166  1.059235  1.034985  0.978589  1.199528  0.598688  0.764155  1.220998  0.679089  0.094710  0.259312  0.982823  0.775326  0.597327  0.405434  0.445139  0.457193  0.501393  0.879841  0.790378  1.227596  1.346605  1.229598  2.351058  1.897248  1.269568  0.880561  0.562738  0.298307  0.464371  0.379917 -0.030841  0.064105  0.145327  0.307846  0.521297  0.665852  1.095586  1.101601  1.103168  1.109108  1.184197  1.120065  0.616889  0.633403  0.650633  0.679151  0.677878  0.600993  0.616645  0.864054  0.885445  0.908546  0.655407  0.588013  0.557182  0.385901  0.347139  0.322948  0.290167  0.575398  0.589970  0.594398  0.912907  0.673791  0.950884  0.690061  0.563206  0.638495  0.737955  0.573611  0.703660  0.744210  0.767405  1.015963  0.779853  0.400723  0.590905  0.928295  0.930766  0.668327  0.664428  0.670545  0.666748  0.660117  0.494841  0.518511  0.283323  0.636760  0.710619  0.544036  0.695856  0.690812  0.712041  0.891779  0.687862  0.663665  0.486461  0.501838  0.302584  0.488803  0.696770  0.701764  0.697477  0.883088  0.709564  0.710831  0.303281  0.442346  0.263457  0.288515  0.428693 
Shapelet  15   0.058601  0.326567 -0.052478 -0.052645 -0.261356 -0.245368 -0.533439 -0.353114 -0.287256 -0.246561 -0.312179 -0.359630 -0.378938 -0.497001 -0.487927 -0.424224 -0.512560 -0.510796 -0.393432 -0.230092 -0.443082 -0.463977 -0.531330 -0.496285 -0.232421 -0.172962 -0.368413 -0.507938 -0.295125 -0.522511 -0.546691 -0.455496 -0.378848 -0.576402 -0.375879 -0.318246 -0.300332  0.034957 -0.224225 -0.298881  0.040384 -0.255422  0.023160 -0.003895 -0.399580 -0.242344 -0.007319 -0.279955 -0.234237 -0.152363  0.047845  0.134512  0.149698  0.086252  0.120212  0.065831  0.211506  0.151139  0.072485  0.151387  0.525578  0.494076  0.416723  0.886084  1.135892  1.489997  1.627768  0.824040  0.350542 -0.208836 -0.900088 -0.923454 -1.238624 -2.717789 -4.012844 -3.892880 -3.238919 -3.433578 -3.869728 -3.445085 -2.856526 -2.716038 -2.962140 -1.935422 -0.814281 -0.432743  0.338003 
Shapelet  22  -0.329263 -0.391508 -0.438944 -0.299564 -0.313184 -0.315845 -0.352101 -0.456728 -0.403191 -0.508484 -0.610305 -0.525431 -0.505630 -0.548140 -0.636504 -0.536387 -0.603917 -0.627585 -0.570005 -0.564231 -0.629950 -0.649809 -0.665937 -0.647036 -0.671658 -0.681523 -0.662816 -0.651898 -0.791957 -0.702919 -0.721589 
Shapelet  23  -1.141661 -1.219051 -1.231278 -1.501730 -1.713849 -1.660594 -1.589287 -1.871975 -2.054778 -2.406383 -2.213939 -1.957034 -2.469008 -2.395592 -2.470663 -2.139244 -1.727872 -1.810777 -1.800740 -1.446209 -1.331279 -1.130788 -1.020054 -1.136333 -0.798003 -0.303024 -0.302453 -0.278191 -0.361464 -0.676106 -0.625010 -0.619044 -0.837030 -1.100767 -1.177412 -1.339128 -1.117004 -1.232852 -1.231461 -1.148808 -1.129722 -1.119565 -1.052624 -0.988079 -0.924998 -0.907656 -0.894361 -0.708158 -0.696326 -0.734605 -0.668901 -0.618195 -0.582024 -0.607638 -0.566903 -0.530526 -0.526088 -0.573912 -0.554191 -0.545274 -0.510359 -0.543183 -0.538383 -0.534956 -0.564527 -0.555209 -0.548492 -0.500550 -0.434815 -0.445989 -0.458445 -0.449818 -0.448391 -0.444796 -0.427032 -0.496790 -0.446793 -0.420446 -0.413499 -0.395286 -0.270845 -0.264124 -0.123018 -0.144821 -0.136959 -0.245476 -0.206228 -0.177613 -0.126474 -0.020517 -0.018135 -0.021380 -0.050332  0.016138  0.067982  0.070801  0.122223  0.129512  0.197818  0.157580  0.112494  0.196179  0.230479  0.178609  0.119824  0.264602  0.293323  0.312556  0.333107  0.391587  0.417845  0.411054  0.423416  0.540648  0.509861  0.578489  0.521110  0.667097  0.713210  0.757271  0.835562  0.787047  0.798846  0.786083  0.795773  0.843918  0.902574  0.864052  0.866734  0.891633  0.976021  0.980093  0.875300  0.986926  0.862562  0.904519  0.974378  0.943140  0.947304  1.132085  0.978664  0.978934  0.988997  1.022442  1.212256  1.226088  1.188314  1.156680  1.227556  1.230464  1.174894  1.185955  1.206988  1.190408  1.040318  1.196194  1.207920  1.216754  1.089389  1.105037  1.111063  1.064910  1.237103  1.234553  1.128919  1.140221  1.136788 
Shapelet  24   2.585604  1.663600  1.698670  1.756425  1.059206  0.747176  1.035218  1.182943  0.748713  0.827885  0.929493  0.804623  0.820157  0.588207  0.618660  0.854484  0.566294  0.082483 -0.237969 -0.402769 -0.579351 -0.619707 -0.396540 -0.558423 -0.443126 -0.316600 -0.702692 -0.959506 -1.010240 -0.817385 -0.669309 -0.528755 -0.524573 -0.529096 -0.560016 -0.636396 -0.603011 -0.620142 -0.648926 -0.605453 -0.629728 -0.714304 -0.478266 -0.476301 
Shapelet  25  -1.342133 -1.283787 -1.455712 -1.322181 -1.285999 -1.374705 -1.120902 -1.116710 -1.179762 -1.142773 -1.091168 -1.096138 -1.048043 -1.016738 -0.979936 -0.922162 -0.835033 -0.865187 -0.860131 -0.801776 -0.827865 -0.815095 -0.804825 -0.840463 -0.782107 -0.760888 -0.679173 -0.536885 -0.375066 -0.300734  0.194072  0.276167  0.486182  0.776488  0.910083  1.047991  0.977387  1.038320  0.904293  0.675683  0.809916  0.423990  0.471478  0.654714  0.102586  0.349471  0.388519  0.551062  0.757274  0.347117  0.223594  0.445080  0.521628 -0.088255 -0.024665 -0.014875 -0.366682  0.030302  0.069980  0.277027  0.230943  0.476869  0.233813  0.452769  0.604952  0.446308  0.709038  0.694732  0.847693  0.883469  0.787053  0.905236  1.044718  0.904730  1.178060  1.247546  1.266799  1.294912  1.119905  1.007189  0.861169  0.746410  0.610516  0.424729  0.282653  0.184909  0.028867 -0.173275 -0.311375 -0.465449 -0.538494 -0.669751 -0.553996 -0.566646 -0.470482 -0.351251 -0.321923 -0.546098 -0.221800 -0.432702 -0.294776 -0.076496 -0.089042  0.344475  0.559656  0.613858  1.124170  1.387650  1.275151  2.260689  2.003365  1.577019  1.915078  1.985715  1.439310  1.408599  1.104780  1.191723  1.153948  1.062793  0.785497  0.739856  0.778106  0.700391  0.912669  0.786187  0.826101  1.171231  0.994503  1.032253  1.461251  1.285815  1.559687  1.662559  1.338696  1.858079  1.912422  2.045928  2.324445  2.439791  3.042394  2.867054  2.293827  2.142134  1.598431  1.465253  1.668640  1.676805  1.402075  1.189340  0.953765  0.634663  0.750447  0.862665  0.199690  0.298571  0.750844 -0.197773  0.839176  1.834595  0.706368  0.791957  1.695233  1.748188  1.670296  2.000350  1.484981  1.550398  2.266430  1.830249  1.143221  1.163210  0.686573  0.592754  1.867564  1.613794  0.693215  0.011005 -0.285266 -0.728301 -1.045430 -1.087144 -1.113439 -0.988106 -0.757691 -0.713780 -0.615739 -0.412547 -0.481061 -0.598661 -0.603625 -0.519817 -0.599762 -0.636809 -0.597368 -0.672128 -0.785296 -0.566879 -0.684695 -0.762120 -0.625014 -0.716571 -0.712414 -0.664579 -0.717385 -0.811637 -0.849361 -0.847765 -0.801363 -0.817441 -0.771951 -0.736774 
Shapelet  26   4.366363  3.910274  3.562886  3.768118  3.200422  2.467077  2.063978  1.706586  1.577521  1.014520  0.765454  0.921700  0.521965  0.206945  0.075610  0.018846 -0.004300 -0.029322 -0.003322  0.074761 -0.027133  0.035404  0.132910  0.155969  0.062836  0.134166 -0.001578  0.385860  0.364086  0.018260  0.262984  0.123573 -0.131326 -0.106448  0.188980  0.049513 -0.132161 -0.068358  0.170613 -0.343452 -0.288553 -0.235410 -0.416048 -0.236895 -0.313670 -0.249735 -0.143783 -0.313338 -0.089999 -0.000698 -0.433711 -0.595085 -0.265310 -0.175812  0.038698 -0.339116 -0.323303 -0.305245 -0.225978 -0.026071 -0.221456 -0.009889  0.127285  0.058476 -0.098731  0.056725  0.104883 -0.177769 -0.277865 -0.428841 -0.332427 -0.284953 -0.699646 -0.459437 -0.877965 -0.986534 -0.659741 -0.503781 -0.793835 -0.799465 -0.607912 -0.511286 -1.023953 -0.707161 -0.529101 -0.754802 -0.676784  0.140368  0.296258  0.162002  0.489296  1.078071  0.585213  0.763963  2.239916  1.252316  0.538648  2.405503  2.547412  1.573196  1.055878  2.372599  2.224084  1.690166  1.410948  1.744884  1.751746  1.286688  0.938138  0.883304  5.736651  3.261093  0.761184 -0.033662 -0.786996 -1.348111 -0.930274  0.024746  0.677191  0.469403 -0.002763 -0.086449  0.137976 -0.125183 -0.123737 -0.058440 -0.208273 -0.000852  0.042102  0.028203 -0.018934  0.152034 -0.171455 -0.228387 -0.188335 -0.201419 -0.310445 -0.167540 -0.305391 -0.306964 -0.074309  0.075060  0.010212 -0.169976 -0.193120 -0.021068 -0.148342  0.009559 -0.138277 -0.207737 -0.180399 -0.147620 -0.030418  0.036517  0.108199 -0.142173 -0.010152 -0.279883 -0.346853 -0.229766 -0.127379 -0.192912 -0.191864 -0.303223 -0.287082 -0.183887 -0.103003 -0.251454 -0.283033 -0.279388 -0.272870 -0.264931 -0.347998 -0.377112 -0.192530 -0.370918 -0.419688 -0.583298 -0.424288 -0.429254 -0.431326 -0.631824 -0.420449 -0.282069 -0.209707 -0.266352 -0.492745 -0.484792 -0.511778 -0.491388 -0.545115 -0.428237 -0.464729 -0.421722 -0.633416 -0.724828 -0.781283 -0.695676 -0.556239 -0.573297 -0.571826 -0.793684 -0.810957 -0.833920 -0.771731 -0.815121 -0.897733 -0.601771 -0.571858 -0.809852 -0.770086 -0.763245 -0.793177 -0.801574 -0.817952 -0.801401 -0.792677 -0.574632 -0.583109 -0.597185 -0.594707 -0.794993 -0.771286 -0.583645 -0.590348 -0.767836 -0.777225 -0.613067 -0.600600 -0.772217 -0.796700 -0.773005 -0.690139 -0.824364 -0.376685 -0.618398 -0.744116 -0.830042 -0.605251 -0.735462 -0.845048 -0.726588 -0.721295 -0.612143 -0.690028 -0.599863 -0.613265 -0.831420 -0.685081 -0.672585 -0.829447 -0.828224 -0.583321 
Shapelet  27   0.965269  1.162621  0.964205  0.840829  1.174608  0.873933  1.160183  0.986721  0.657497  0.738344  0.835840  0.606185  0.367786  0.259385  0.105150 -0.107059 -0.149244 -0.236690 -0.173181 -0.393763 -0.346500 -0.344581 -0.435538 -0.052254 -0.111565 -0.185240  0.031474 -0.027514  0.143243  0.495426  0.428336  0.189470  0.349185  0.369419  0.547801  0.417333  0.637376  0.372778  0.444123  1.453213  1.506658 
Shapelet  28   0.764278  0.197652 -0.068655 -0.470648 -0.946090 -1.320656 -1.885538 -2.177589 -1.791571 -2.374092 -2.471518 -2.225910 -2.317824 -2.387064 -2.420746 -2.618781 -2.748922 -2.680393 -3.001315 -2.673407 -2.242719 -2.408271 -1.854047 -1.962563 -1.732228 -1.185457 -1.070785 -1.070134 -1.043934 -1.135357 -1.002375 -0.784000 -0.565475 -0.499787 -0.603476 -0.673422 -0.672423 -0.633351 -0.636112 -0.863579 -0.960766 -0.970061 -0.943653 -1.002136 -1.107661 -1.132844 -1.131707 -1.133622 -1.032316 -0.979992 -0.966296 -0.939934 -0.733469 -0.727762 -0.710009 -0.635583 -0.580261 -0.573778 -0.594109 -0.533874 -0.500419 -0.479145 -0.463118 -0.493975 -0.463000 -0.519015 -0.473180 -0.461778 -0.461631 -0.425966 -0.338041 -0.337865 -0.348896 -0.317354 -0.308488 -0.314216 -0.340032 -0.334011 -0.360829 -0.385672 -0.378892 -0.360618 -0.358905 -0.282664 -0.326778 -0.282155 -0.256357 -0.332985 -0.175286 -0.146344 -0.138233 -0.186475 -0.139339 -0.127509 -0.036379 -0.003209  0.025751  0.016799  0.019439  0.016425 -0.029565 -0.039184  0.010604  0.157870  0.074903  0.086618  0.107551  0.263339  0.235676  0.195927  0.222058  0.267062  0.212361  0.228639  0.212973  0.228346  0.244305  0.258520  0.305207  0.447419  0.322556  0.252040  0.444310  0.580512  0.640623  0.650905  0.628299  0.549618  0.584739  0.599958  0.607279  0.619363  0.610509  0.618390  0.939727  0.695376  0.821141  0.828959  0.942535  0.760178  0.765227  0.810347  0.771475  0.777078  0.831437  0.865393  0.861122  0.848108  0.872302  1.022319  0.880744  0.897640  0.920046  0.934590  0.946867  0.926567  0.908667  1.079151  0.940758  0.907113  0.917318  0.933091  1.088082  0.917407  0.923321  0.933904  0.940696  1.057076  0.959610 
Shapelet  29  -0.486601 -0.298774 -0.305227 -0.075358  0.072353  0.083241 -0.107549 -0.137812 -0.110759 -0.405738 -0.383413 -0.489825 -0.504281 -0.452629 -0.435109 -0.508317 -0.455549 -0.443897 -0.296614 -0.194449 -0.323829 -0.171073  0.036110 -0.049146  0.020294 -0.008965 -0.021344  0.061356  0.155493  0.216787  0.172072  0.330390  0.385659  0.356549  0.292779  0.236070  0.333169  0.349984  0.398733  0.444659  0.661817  0.650955  0.633733  0.663955  0.651724  0.449711  0.504268  0.614271  0.783975  0.742239  0.815586  0.814436  0.799392  0.821440  0.904832  0.940659  0.993879  1.005571  0.923770  0.926151  0.976805  1.009116  0.930043  0.956597  0.952292  0.609732  0.528117  0.405274  0.274137  0.354614  0.238690  0.109182  0.213275  0.380999  0.432691  0.570262  0.351990  0.908029  1.666321  1.903463  1.586696  1.889831  2.364072  1.272218  2.692346  4.248748  3.166064  2.624980  2.989011  3.020013  1.994971  2.746307  2.705304  1.933515  2.306464 
Shapelet  30   0.658527  0.775284  0.973586  1.034094  0.976865  0.812278  0.981836  0.889443  0.783540  0.760802  0.767573  0.707985  0.678540  1.123063  1.375500  1.239182  1.365792  1.568054  2.074722  1.554196  1.122561  1.371494  2.755455  2.416276  2.497722  2.286831  1.958470  1.490969  1.196297  0.531486 -0.386649 -0.947517 -1.223071 -1.528837 -2.074541 -2.475225 -2.825712 -3.236735 -3.059973 -2.834712 
Shapelet  31   1.360974  1.388406  1.500711  1.510868  1.473841  1.448976  1.349348  1.481748  1.366686  1.296923  1.378219  1.437536  1.385628  1.513290  1.472263  1.554859  1.717256  2.318791  2.572187  2.887039  2.138427  2.218477  2.125541  1.736661  1.643006  1.956851  1.731718  1.004314  0.834772  0.887418  0.780163  0.673003  0.398628  0.333388  0.360651  0.012979 -0.192171 -0.166737 -0.155004 -0.506058 -0.580729 -0.544997 -0.701201 -0.801003 -0.769397 -0.927350 -0.688218 -0.488606 -0.297045 -0.102459  0.061427  0.269631  0.507398  0.467986  0.611046  1.243385  1.491732  1.019762  0.988667  0.904783  0.278738 -0.125198  0.326739  0.973296  1.021226  0.988752  0.673246  0.644229  0.235231 -0.062586 -1.013049 -1.638753 -1.409260 -0.990585 -0.483643 -0.402642 -0.252115 -0.315916 -0.391800 -0.491028 -0.527242 -0.473044 -0.401189 -0.440227 -0.545854 -0.562394 -0.536370 -0.448731 -0.399054 -0.419716 -0.505331 -0.473137 -0.375705 -0.421378 -0.395711 -0.422168 -0.392908 -0.437321 -0.403369 -0.285224 -0.385154 -0.362941 -0.303962 -0.307500 -0.308878 -0.351261 -0.352791 -0.355760 -0.408905 -0.403806 -0.392644 -0.454055 -0.412316 -0.463542 -0.462123 -0.569647 -0.572926 -0.573128 -0.494447 -0.621511 -0.573360 -0.533246 -0.561763 -0.686142 -0.702805 -0.627118 -0.734662 -0.670355 -0.649477 -0.670683 -0.689027 -0.766356 -0.776297 -0.801531 -0.677385 -0.630784 -0.819626 -0.782048 -0.772229 -0.757132 -0.722933 -0.777563 -0.801419 -0.887440 -0.957899 -0.877326 -0.894119 -0.894403 -0.897936 -0.911832 -0.930296 -0.898080 -0.922462 -0.851275 -0.799586 -0.909553 -0.932454 -0.900526 -0.894915 -0.912936 -0.904967 -0.804524 -0.909900 -0.905856 -0.909531 -0.917331 -0.918941 -0.915442 -0.915156 -1.041087 -1.022627 -0.925976 -1.075996 -0.934127 -0.940434 
Shapelet  45  -0.573809 -0.451013 -0.261336 -0.317722 -0.098183  0.091834 -0.068007  0.085237  0.337290  0.406994  0.575788  0.108317  0.077109  0.340371  0.022181  0.247929  0.080885 -0.318286 -0.170337 -0.016115 -0.332592 -0.343497 -0.365617 -0.540208 -0.863646 -1.125955 -1.462242 -1.604069 -1.613613 -1.209112 -1.058609 -0.964642 -0.433944 -0.170364 -0.193992  0.057583  0.619384  0.309330  0.139324  0.224276  0.074580 -0.128188 -0.106848 -0.039240 -0.179874 -0.365325 -0.530405 -0.611642 -0.928029 -1.090309 -1.157702 -1.174579 -1.235705 -1.268561 -1.256013 -1.199725 -1.173456 -1.195456 -1.181147 -1.137651 -1.105098 -1.138322 -1.127025 -1.148418 -1.164177 -1.145328 -1.078962 -1.049399 -1.011112 -0.985571 -0.944418 -0.946992 -0.919996 -0.879198 -0.874211 -0.919274 -0.865996 -0.865374 -0.892422 -0.903604 -0.871182 -0.862042 -0.906815 -0.884332 -0.817976 -0.772056 -0.771022 -0.735080 -0.716509 -0.672722 -0.668713 -0.728429 -0.731735 -0.763407 -0.714035 -0.675528 -0.653103 -0.642480 -0.554698 -0.499848 -0.529177 -0.568512 -0.501525 -0.496310 -0.515926 -0.503900 -0.529353 -0.424150 -0.320215 -0.302182 -0.254076 -0.232996 -0.238994 -0.266501 -0.219864 -0.280376 -0.234449 -0.131986 -0.128910  0.016852  0.053124  0.068829 -0.016181 -0.132675 -0.055438  0.083294  0.126197  0.175411  0.272658  0.355412  0.411910  0.112791  0.235076  0.318475  0.272324  0.247727  0.399713  0.521936  0.392791  0.589434  0.409534  0.289241  0.582976  0.698595  0.729837  0.613143  0.626489  0.585079  0.625025  0.499993  0.305613  0.146638  0.410729  0.428555  0.475965  0.479385  0.483331  0.555037  0.695646  0.708038  0.721751  0.649925  0.796321  0.841421  0.786488  0.594317  0.601420  0.547433  0.545010  0.559393  0.484149  0.559551  0.600795  0.755266  0.755257  0.747250  0.827064  0.705077  0.616685  0.620570  0.624400  0.599777  0.501514  0.600273  0.587134  0.460788  0.495850  0.484923  0.619005  0.743589  0.634115  0.625028  0.627957  0.504247  0.620420  0.503230  0.483065  0.488832  0.482944  0.475869  0.481721  0.482719 
Shapelet  47  -0.806189 -0.727343 -0.698861 -0.677260 -0.478239 -0.374474 -0.435600 -0.504090 -0.376964 -0.687118 -0.570358 -0.546293 -0.447387 -0.331658 -0.287369 -0.353996 -0.270056 -0.231820 -0.241137 -0.141821 -0.069223 -0.006205  0.096574  0.116638  0.119630  0.184918  0.248132  0.275514  0.351125  0.308580  0.290982  0.304969  0.370616  0.262565  0.181660  0.194118  0.375090  0.449895  0.337080  0.654688  0.347180  0.559074  0.454993  0.515921  0.508124  0.734417  0.779825  1.055883  0.920367  0.827405  0.870038  0.967405  0.915095  0.865597  0.824163  0.678920  0.903600  0.385976  0.603281  0.630725  0.607006  0.606184  0.614876  0.423205  0.865204  0.905495  1.204827  1.185598  0.942724  1.204303  1.200430  1.227080  1.240020  1.230413  0.945854  1.022635  0.979964  0.971935  0.971046  0.989249  0.992758  0.710971  0.804467  0.970842  0.987081  0.908434  0.997110  1.051384  1.272587  1.286398  1.261138  1.268432  1.356691  1.259023  1.269007  1.008192  1.016990  1.079275  1.285507  1.298116 
Shapelet  48  -0.093968 -0.226870 -0.227565 -0.230814 -0.233382 -0.221739 -0.096925 -0.106994 -0.049755 -0.034765 -0.103270 -0.030683 -0.028526 -0.025934 -0.022318 -0.034095  0.040410 -0.036177 -0.026074 -0.023051 
Shapelet  49  -0.732207 -0.791766 -0.753336 -0.732356 -0.739872 -0.731125 -0.689539 -0.667806 -0.651131 -0.644072 -0.633045 -0.645535 -0.750710 -0.654778 -0.674588 -0.671758 -0.586982 -0.564527 -0.570318 -0.589215 -0.632101 -0.476818 -0.472475 -0.327593 -0.371742  0.360063  0.606998  0.792601  1.447100  1.985562  2.527881  2.892054  3.168413  3.111068  2.761392  2.712338  2.536699  2.405750  2.104042  1.604578  1.654094  1.543343 
Shapelet  50  -0.992861 -0.945451 -0.993032 -1.059251 -1.076267 -1.015521 -1.079068 -0.971844 -0.974738 -0.731576 -0.576420 -0.246160 -0.080556  0.310854  0.648418  0.681259  0.353016  0.352272  0.231348  0.168983 -0.031071  0.002046 -0.102782  0.006743  0.236210 -0.053911 -0.173325 -0.285821 -0.310574 -0.349779 -0.402262 -0.316152 -0.285152 -0.261322 -0.322734 -0.174026 -0.240641 -0.081177 -0.050071  0.001101  0.007304 -0.043581  0.083803  0.208718  0.111377  0.167362  0.357965  0.306530  0.382441  0.627944  0.707466  0.899090  0.738715  0.705229  0.921169  0.709854  0.926874  0.899260  0.524934  0.687192  0.849343  0.594547  0.736801  0.810855  0.927079  1.024132  1.088426  1.013043  1.042098  0.931113  0.996566  0.938472  0.836655  0.796534  0.979274  0.962330  0.848952  1.061770  1.136410  1.182684  1.180237  1.044570  1.186777  1.152410  1.192418  1.138946  1.340130  1.374829  1.404804  1.433666  1.482754  1.326697  1.255316  1.459232  1.599033  1.533266  1.487680  1.502171  1.478608  1.515402  1.523869  1.473273  1.519460  1.467469  1.197040  0.800249  0.583871  0.699005  0.492737  0.123948 -0.258474 -0.098329 -0.085477 -0.189246  0.010695  0.196894  0.409228  0.813072  0.841485  1.117655  1.472684  1.797672  2.969580  2.820102  2.227031  2.885216  3.458351  2.519841  2.134232  2.283567  2.277822  1.450627  1.024247  2.430746  6.039417 -0.467112 -2.902530 -2.106161 -1.477162 -1.308147 -1.695137 -1.850984 -1.310270 -0.354453  1.598079  1.315925 -1.078182 -1.519169 -1.138089 -1.083443 -1.244492 -1.245348 -0.903901 -0.476227 
Shapelet  51   0.642010  0.468555  0.517033  0.453622  0.331492  0.310851  0.380485  0.381890  0.228402  0.303128  0.432415  0.378311  0.398449  0.396727  0.524087  0.604092  0.502542  0.474477  0.544762  0.490486  0.427807  0.527361  0.544639  0.577153  0.749544  0.816419  0.907757  0.964644  0.864518  0.759275  0.999883  0.845477  1.037852  1.053637  0.858145  0.936230  1.113783  0.867907  0.874985  0.901280  0.974047  0.997595  0.994114  1.023348  1.081530  0.985226  1.087424  1.056543  0.988851  0.949531  0.931385  0.776230  0.607345  0.515015  0.329355  0.290377  0.221743  0.246628  0.283652  0.053385 -0.006387  0.165035  0.293221  0.253457  0.538198  1.223438  1.580112  1.842936  1.974104  1.960557  2.236641  2.604112  2.995951  2.991690  2.677571  3.184468  3.341324  2.953075  2.258482  1.852714  1.867926  1.662413  1.551972  1.391576  1.137155  1.372563  1.244816  1.003205  0.672098  0.315690  0.805100  0.587644  0.424001  0.898350  0.892331  0.154612 -1.183056 -1.620216 -0.559662 -0.956241 -0.627672 -0.537066 -0.851690 -0.942555 -0.730804 -0.560869 -0.681218 -0.694930 -0.786425 -0.604135 -0.565479 -0.660156 -0.746425 -0.679343 -0.629434 -0.682677 -0.749134 -0.661559 -0.697987 -0.710166 -0.646561 -0.694391 -0.712323 -0.704395 -0.653339 -0.745730 -0.759089 -0.792830 -0.690244 -0.753917 -0.731765 -0.713684 -0.600155 -0.718669 -0.710350 -0.724306 -0.654982 -0.654366 -0.735360 -0.741920 -0.848394 -0.720954 -0.720369 -0.668614 -0.645294 -0.627731 -0.585113 -0.667267 -0.612906 -0.603874 -0.743873 -0.599770 -0.633755 -0.771396 -0.697798 -0.557411 -0.664390 
Shapelet  52  -0.634712 -0.400043 -0.740754 -0.634841 -0.657260 -0.564780 -0.475476 -0.444449 -0.399442 -0.477708 -0.455558 -0.477446 -0.466201 -0.150368  0.014461  0.393406  1.024050  1.105601  1.762393  2.439788  2.519594  2.897355  3.165861  3.045899  2.709140  2.769587  2.573130  2.598748  2.825636  2.552016  2.585330  2.610583  2.483017  2.378626  2.695532  2.636383  2.112235  2.425183  1.855571  1.293965  1.164032  0.807328  0.586640  0.390491  0.365044  0.528888  0.575418  0.675073 
Shapelet  53   1.760232  1.689759  1.341156  1.173322  0.901615  0.730451  0.546939  0.521622  0.438668  0.487529  0.401401  0.532932  0.485830  0.442439  0.527564  0.517315  0.544793  0.585884  0.554626  0.433877  0.557226  0.551453  0.736872  0.778199  0.841375  0.958830  0.781085  0.762833  0.772715  0.772160  0.774964  0.830155  0.948569  1.076212  1.150188  0.922088  0.998219  0.991441  1.048927  1.025918  0.853818  0.598832  0.325084  0.096427 -0.233069 -0.529248 -0.816325 -0.952073 -0.916019 -0.746755 -0.301531 -0.313240 -0.777634 -0.625675 -0.129660  0.335604  0.598789  0.901962  2.040791  1.864838  1.773539  2.445715  2.300193  3.251163  3.365438  2.861370  2.775368  2.464085  2.276090  1.589210  1.172551  1.203779  1.811828  0.907525  0.068685 -0.172686 -0.221874 -0.216074  0.064065 -0.095375 -0.319830 -0.316939 -0.279328 -0.394565 -0.455094 -0.537562 -0.585546 -0.914035 -1.025252 -1.022496 -1.003710 -0.978969 -0.778801 -0.710897 -0.646959 -0.588613 -0.467214 -0.489613 -0.620270 -0.676591 -0.718567 -0.752050 -0.811325 -0.747689 -0.683369 -0.661020 -0.611963 -0.603405 -0.694032 -0.681084 -0.714381 -0.703519 -0.632272 -0.673248 -0.671609 -0.676797 -0.688442 -0.723422 -0.702527 -0.644261 -0.620180 -0.670418 -0.718265 -0.710394 -0.635417 -0.530522 -0.652002 -0.578448 -0.523968 -0.646576 -0.530385 -0.530121 -0.542406 -0.580487 -0.561690 -0.499306 -0.498978 -0.442978 -0.446050 -0.444304 -0.436105 -0.448423 -0.407349 -0.429957 -0.363030 -0.434341 -0.431474 -0.490784 -0.372863 -0.484802 -0.395439 -0.484567 -0.294804 -0.373322 -0.413362 -0.437708 -0.391645 -0.384522 -0.378072 -0.246465 -0.258229 -0.362756 -0.396865 -0.391972 -0.438314 -0.334157 -0.331440 -0.328561 -0.392394 -0.386820 -0.501722 -0.415674 -0.517685 -0.292932 -0.283235 -0.326850 -0.443263 -0.282228 -0.344939 -0.398639 -0.490988 -0.360225 -0.535946 -0.533099 -0.395571 -0.359249 -0.504776 -0.492295 -0.340043 -0.472490 -0.438214 -0.328492 -0.340058 -0.491079 -0.513784 -0.483435 -0.557670 -0.505765 -0.493863 -0.485260 -0.362293 -0.515935 -0.520892 -0.518567 -0.493837 -0.486064 -0.514937 -0.331224 -0.510902 -0.497192 -0.529049 -0.494410 -0.520656 -0.478247 -0.304061 -0.520191 -0.510854 -0.340367 -0.511794 -0.524654 -0.691901 -0.515621 -0.522354 -0.503574 -0.505344 -0.520246 -0.508226 -0.510372 -0.498518 -0.511136 -0.504331 -0.514775 -0.508408 -0.511931 -0.501626 -0.497595 -0.499027 -0.501936 -0.325347 -0.500960 -0.499602 
Shapelet  55  -0.252753 -0.411962 -0.594159 -0.873903 -1.039777 -0.998504 -0.957865 -0.879102 -0.590409 -0.172206  0.296504  0.965833  1.549742  1.715766  2.042184  2.275398  2.317278 
Shapelet  56  -1.214859 -0.746714 -0.693963 -0.535838 -0.194252  0.013778  0.612171  1.021961  1.621016  1.919746  2.411387  2.672009  1.053340 -0.648219  0.477515  0.965293  0.653213  0.324382  0.319337  0.263587  0.054686  0.148802  0.200029  0.152147  0.262485  0.099247  0.122136 -0.022229 -0.024806  0.089552  0.090083  0.209306  0.368095  0.233514  0.152190  0.690402  0.798075  0.649320  0.218673  0.046154 -0.149599 -0.306860 -0.663249 -0.969332 -1.297595 -1.352831 -1.465555 -1.866784 -1.729468 -1.838715 -2.387758 -2.689957 -2.098374 -2.204266 -2.057609 -2.501637 -2.287262 -2.239413 -2.144304 -1.965926 -1.700460 -1.254858 -1.136657 -1.019833 -0.960753 -0.808270 -0.688358 -0.708715 -0.532495 -0.356598 -0.527505 -0.579562 -0.665980 -0.732383 -0.854213 -0.912728 -0.777907 -0.878991 -1.069086 -0.950176 -1.003486 -1.083163 -1.197152 -1.242287 -1.221854 -1.144016 -1.093818 -0.969449 -1.066574 -1.076499 -1.112161 -1.095100 -1.129575 -1.196490 -1.123900 -1.178603 -1.069553 -1.128126 -1.127710 -1.033126 -0.942402 -0.805882 -0.920787 -0.867069 -0.868006 -0.845398 -0.832369 -0.772545 -0.766921 -0.775990 -0.777410 -0.762616 -0.831899 -0.795971 -0.664097 -0.629355 -0.616026 -0.643572 -0.641920 -0.553389 -0.518513 -0.491502 -0.488539 -0.506919 -0.564778 -0.559512 -0.480932 -0.521981 -0.432165 -0.421772 -0.457472 -0.449704 -0.450110 -0.474807 -0.434477 -0.441766 -0.294802 -0.335143 -0.331445 -0.313643 -0.282252 -0.377396 -0.375672 -0.175290 -0.204476 -0.152648 -0.171039 -0.082701 -0.089056 -0.091514 -0.225564 -0.165444 -0.104845  0.007783  0.006120  0.138964  0.151223  0.122636  0.100278  0.155210  0.036267  0.096527  0.182474  0.165281  0.183252  0.153024  0.161965  0.178103  0.189996  0.198473  0.223017  0.218834  0.419023  0.501696  0.513211  0.606980  0.551991  0.581407  0.646997  0.511486  0.525613  0.530065  0.543200  0.516492  0.538792  0.735730  0.786690  0.593377  0.610298  0.890835 
Shapelet  57  -0.230250 -0.049719  0.103406  0.704025  0.949342  1.067371  0.818734  0.714000  0.659175  0.117936  0.335399  0.598653  0.413490  0.689970  0.858520  0.804987  0.681874  0.694174  0.556579  0.655938  0.771811  0.460687  0.684316  0.605182  0.326755  0.122869  0.132534  0.070890  0.089199  0.142887  0.072675 -0.044529 -0.177322 -0.032600 -0.244765 -0.387907 -0.229899 -0.351275 -0.342966 -0.394607 -0.463068 -0.629566 -0.767083 -0.934036 -0.950030 -1.037529 -1.092847 -1.055971 -0.989351 -1.045176 -1.037801 -0.968343 -1.071190 -1.160145 -1.135345 -1.061017 -1.147046 -1.214986 -1.287447 -1.366129 -1.307626 -1.317632 -1.423117 -1.404976 -1.385438 -1.363312 -1.253739 -1.253810 -1.204025 -1.225415 -1.175190 -1.207383 -1.177991 -1.065634 -1.136353 -1.143361 -1.250258 -1.273946 
Shapelet  58  -0.948680 -1.095074 -1.236309 -1.271958 -1.222152 -1.236821 -1.301775 -1.320845 -1.363692 -1.254991 -1.358135 -1.292974 -1.178906 -1.292094 -1.108799 -1.140357 -0.861367 -0.392690 -0.288477 -0.326123 -0.292621 -0.203963 -0.150118 -0.196940  0.308285  0.486337  0.353518  0.471281  0.579247  0.535543  0.492251  0.637956  0.617881  0.790470  0.582670 
Shapelet  59  -0.582323 -0.657275 -0.576820 -0.573084 -0.532718 -0.503870 -0.486753 -0.564409 -0.533149 -0.442269 -0.420161 -0.467650 -0.388977 -0.376714 -0.417106 -0.424195 -0.427503 -0.434143 -0.382006 -0.422363 -0.409502 -0.353605 -0.359231 -0.351894 -0.355324 -0.393349 -0.409242 -0.373593 -0.410036 -0.426759 -0.431954 -0.450810 -0.412497 -0.455199 -0.435103 -0.442062 -0.438628 -0.393967 -0.426592 -0.376855 -0.370136 -0.384369 -0.364790 -0.413550 -0.423376 -0.334797 -0.410391 -0.363464 -0.349269 -0.364436 -0.302203 -0.434355 -0.529924 -0.410871 -0.156075 -0.255335  0.065997  0.232761  0.141573  0.089667  0.324174  0.432437  0.577859  0.894852  0.918281  0.679367  0.570687  0.618675  0.784228  0.612865  0.681128  0.851540  0.859696  0.842595  0.694996  0.481313  0.216941  0.124653 -0.044232 -0.045856  0.012982 -0.007603  0.200412  0.348085  0.358726  0.335248  0.556901  0.598235  0.584785  0.754063  1.199863  1.552726  0.458044  0.805818  0.813543  0.692524  0.675939  0.729504  0.697371  0.737297  0.874489  0.780620  0.683295  0.743786  0.686480  0.809354  0.784200  0.627649  0.695930  0.781840  0.691250  0.700873  0.748178  0.839142  0.898777  1.006212  1.321357  1.548539  1.492641  1.770575  1.652868  1.109493  0.715427  0.094190 -0.440212 -0.619519 -0.778418 -0.689344 -0.206265  1.268890  7.938890  3.102960  0.825512  1.240865  1.175757  0.651527 -0.244442 -0.210512  0.059472  0.268756  0.358696  5.332995  0.170965  1.100777  2.057349  1.971091  1.597112  1.623183  1.647260  1.703876  1.695511  1.710603  1.712641  1.718189  1.690663  1.685569  1.688557  1.715100  1.647177  1.489318  1.624949  1.625784  1.219787  1.149962  1.577824  1.601870  1.505210  0.736784  0.277056 -0.419645 -1.038035 -1.263122 -1.188624 -1.230924 -1.190325 -0.985356 -0.972488 -1.044310 -1.033471 -0.912226 -1.332526 -1.658650 -1.159339 -0.766052 -0.862313 -1.226692 -1.285686 -0.861235 -0.542914 -1.118035 -1.042683 -1.265932 -1.518460 -1.531881 -1.147686 -0.797809 -0.602637 -0.221944 -0.357442 -0.203485  0.146459  0.084236  0.032926 -0.260854 -0.514711 -3.208704 -1.996388  0.770382  0.497846 -0.780594 -0.922781 -0.099130 -0.150572 -0.531711 -0.549984 -0.526520 -0.487150 -0.374092 -0.300702 -0.511608 -0.748185 -0.632600 -0.530792 -0.496131 -0.550222 -0.532904 -0.491978 -0.509988 -0.605063 -0.605068 -0.589778 -0.532921 -0.490897 -0.517965 -0.605095 -0.619314 -0.596186 -0.476525 -0.430076 -0.486017 -0.513082 -0.509419 -0.567407 
Shapelet  60   0.011151  0.004010 -0.130162  0.032936 -0.015964 -0.185033 -0.099250 -0.029731 -0.058643 -0.070601 -0.153840 -0.108249 -0.184157 -0.244718 -0.345844 -0.265998 -0.666926 -0.500646 -0.434588 -0.490488 -0.415986 -0.572349 -0.609315 -0.629301 -0.637870 
Shapelet  61   0.307260  0.322473  0.325693  0.311466  0.435928  0.438253  0.450842  0.383060  0.542175  0.616082  0.610288  0.545532  0.240560 -0.076546 -0.512281 -0.760858 -0.932507 -1.255726 -1.504457 -0.818685 -0.655656 -0.930294 -0.897181 -0.544895 -0.267630 -0.058703  0.062096  0.231316  0.879004  0.895973  1.084207  1.502069  1.805484  1.804551  1.952584  2.722284  2.475625  1.687783  1.403378  1.336739  1.744404  1.458861  1.372321  1.404827  1.722961  1.641490  1.476449  1.380673  1.306884  1.261833  1.218101  1.240868  1.212374  1.135145  1.219340  1.312647  1.319321  1.283158  1.252356  1.219771  1.174623  1.210134  1.195557  1.121721  1.174635  1.208012  1.113852  1.059561  1.134788  1.128258  1.169129  1.089789  1.108602  1.172876  1.151590  1.176408  1.157164  1.176094  1.143601  1.158465  1.214355  1.187861  1.230987  1.248969  1.164794  1.141598  1.275548  1.362293  1.367024  1.310738  1.294644  1.242326  1.325725  1.311941  1.222808  1.230654  1.392312  1.354018  1.326497  1.317651  1.369847  1.329104  1.329063 
Shapelet  62  -0.380191 -0.379533 -0.345897 -0.329084 -0.324207 -0.296944 -0.300927 -0.334447 -0.321207 -0.268820 -0.267168 -0.307484 -0.375608 -0.517653 -0.757589 -0.774886 -0.584514 -0.089397  0.931018  1.154174  1.330681  1.230265  1.032260  1.221161  1.139509  0.553052  0.065963 -0.390413 -0.388529 -0.601051 -0.966248 -1.499681 -1.392806 -1.416805 -2.118324 -1.672686 -1.628636 -2.012805 -1.432407 -0.579617 -0.114375 -0.003897  1.112143  1.080397  1.028565  1.274821  1.097811  0.951635  0.570859  4.139851  1.064423  3.232232  3.950844  0.777388  1.672886  2.014273  1.441768  1.550404  1.691569  1.519924  1.449991  1.552804  1.459915  1.467286  1.389890  1.503735  1.740686  1.933093  1.520411  1.394897  1.487278  1.645426  1.583971  1.604965  1.493987  1.538555  1.762179  1.563127  1.502155  1.652238  1.696876  1.503969  1.621719  1.742947  1.671797  1.911598  1.727476  1.653709  1.917037  1.745699  2.312474  2.583657  2.241099  2.363778  2.568590  2.064634  2.228920  2.286481  1.910159  1.449314  0.798676  0.302536  0.124795 
Shapelet  63   0.023041  0.040722  0.058084  0.052466  0.003871  0.045289  0.095875  0.096377  0.152475  0.194363  0.189672  0.204051  0.158424  0.163950  0.149216  0.107688  0.105436  0.059933  0.055574  0.218120  0.043298  0.065703  0.159153  0.249094  0.327408  0.063393  0.323420  0.437178  0.439079  0.321836  0.088827 -0.134019 -0.193444 -0.390118 -0.744788 -0.745874 -0.960863 -1.459702 -1.255176 -1.555984 -1.871149 -1.831004 -1.689064 -1.954031 
Shapelet  94   1.035885  1.021921  1.051255  1.002603  0.735925  0.573525  0.570445  0.518513  0.586036  0.261577  0.145126  0.005411 -0.135081 -0.274426 -0.413237 -0.582401 -0.767098 -0.888948 -0.592893 -0.356235 -0.232513  0.656506  2.089187  2.482872  2.893591  2.331498  2.257133  1.739484  1.640760  0.893228  0.858539  0.832622  0.508061  0.390147  0.321713 -0.092093  0.091809  0.244109  0.483010  0.314246  0.885180  0.705061  0.919439  1.168824  1.078426  0.923387  0.885171  0.764751  1.032798  0.712755  0.789471  0.639902  0.442516  0.189642  0.055322  0.253889  0.159396  0.389110  0.185031  0.393756 -0.131217 -0.176793 -0.535029 -0.557471 -0.555404 -0.671042 -0.725548 -0.716025 -0.553511 -0.601965 -0.785927 -0.842930 -0.495159 -0.715645 -0.370788 -0.309618 -0.182549  0.054050 -0.169127 -0.101380 -0.132932 -0.297843 -0.241761 -0.348917 -0.501892 -0.302450  0.091056 -0.333448 -0.271973 -0.308430  0.178253  0.037035  0.186659  0.039498 -0.158069  0.267473  0.104658 -0.189188 -0.080595 -0.025255 -0.413514 -0.410574 -0.383184 -0.438171 -0.334650 -0.899948 -1.458109 -1.615887 -2.433768 -2.498421 -2.132315 -1.979560 -1.918949 -1.626953 -1.315816 -1.576039 -0.971547 -0.534335 -0.141391  0.183845  0.099739  0.651047  0.485762  0.731716  0.841024  0.340121  1.219118  1.806951  0.182546  0.928466  0.989744  0.141310  0.200553 -0.102374 -0.998636 -1.446527 -1.393228 -1.363491 -1.463038 -1.567237 -1.341449 -1.414184 -1.444329 -1.420027 -1.067562 -0.437238 -1.045554 -1.784592 -2.081749 -2.018185 -2.083015 -1.955322 -1.988242 -1.867503 -1.936558 -1.931021 -1.787990 -1.774401 -1.750297 -1.765964 -1.648702 -1.748523 -1.565993 -1.551974 -1.583317 -1.615897 -1.484460 -1.541479 -1.424182 -1.281562 -1.047564 -0.833195 -0.791522 -0.637347 -1.125905 -1.336038 -1.311908 -1.279770 -1.194942 -1.178434 -1.184714 -1.177246 -1.055627 -0.867106 -0.862333 -0.710021 -0.707458 -0.751439 -0.806189 -0.727343 -0.698861 -0.677260 -0.478239 -0.374474 -0.435600 -0.504090 -0.376964 -0.687118 -0.570358 -0.546293 -0.447387 -0.331658 -0.287369 -0.353996 -0.270056 -0.231820 -0.241137 -0.141821 -0.069223 -0.006205  0.096574  0.116638  0.119630  0.184918  0.248132  0.275514  0.351125  0.308580  0.290982  0.304969  0.370616  0.262565  0.181660  0.194118  0.375090  0.449895  0.337080  0.654688  0.347180  0.559074  0.454993  0.515921  0.508124  0.734417  0.779825  1.055883  0.920367  0.827405  0.870038  0.967405  0.915095  0.865597  0.824163  0.678920  0.903600  0.385976  0.603281  0.630725  0.607006  0.606184  0.614876  0.423205  0.865204  0.905495  1.204827  1.185598  0.942724  1.204303  1.200430  1.227080  1.240020  1.230413  0.945854  1.022635  0.979964  0.971935  0.971046  0.989249  0.992758  0.710971  0.804467  0.970842  0.987081  0.908434  0.997110  1.051384  1.272587  1.286398  1.261138  1.268432  1.356691  1.259023  1.269007  1.008192  1.016990  1.079275  1.285507  1.298116  1.022411  1.294434  1.281681  0.791494  0.735915  0.719653  0.717931  0.982473  0.991768 
Shapelet  95  -1.132921 -1.144786 -1.138966 -1.087754 -1.038591 -0.985565 -0.939526 -0.905944 -0.811889 -0.665439 -0.661425 -0.705946 -0.698515 -0.626663 -0.578459 -0.537927 -0.550565 -0.534093 -0.471684 -0.396313 -0.472058 -0.446144 -0.390725 -0.210551 -0.302013 -0.380083 -0.241847 -0.346537 -0.340473 -0.266217 -0.295288 -0.387831 -0.419361 -0.370345 -0.328343 -0.384913 -0.602449 -0.542589 -0.448006 -0.357399 -0.334188 -0.276377 -0.192207 -0.271334 -0.240359 -0.140303  0.177869  4.825342 
Shapelet  96   0.284084  0.452539  0.379203  0.262096  0.564626  0.654837  0.729356  0.841234  0.634855  0.776279  0.735264  0.768091  0.602151  0.827931  1.015565  1.150811  1.043572  1.173305  0.659851  0.325106 -0.038053 -0.846882 -1.415078 -1.458815 -1.222225 -1.109262 -0.628708 -0.595181  0.761886  1.038791  1.017313  1.408200  2.074467  1.805265  1.694751  3.109219  2.911728  1.874701  1.754681  2.503586  1.721528  1.329219  2.155578  2.597822  1.968655  2.025332  2.713013  2.467629  2.168491  1.714885  2.063227  2.490730  2.194900 
Shapelet  98  -0.958155 -0.839209 -0.882181 -0.894007 -0.864927 -0.818652 -0.710840 -0.732207 -0.791766 -0.753336 -0.732356 -0.739872 -0.731125 -0.689539 -0.667806 -0.651131 -0.644072 -0.633045 -0.645535 -0.750710 -0.654778 -0.674588 -0.671758 -0.586982 -0.564527 -0.570318 -0.589215 -0.632101 -0.476818 -0.472475 -0.327593 -0.371742  0.360063  0.606998  0.792601  1.447100  1.985562  2.527881  2.892054  3.168413  3.111068  2.761392  2.712338  2.536699  2.405750  2.104042  1.604578  1.654094  1.543343  1.486408  1.631498  1.750430  1.282283  1.485269  1.626588  1.706852  1.223709  0.956730  0.723739  0.704950  0.853492  0.518768  0.455853  0.249209  0.028419 -0.151387 -0.126970 
Shapelet  99   0.972436  0.623980  0.546924  0.439854  0.317396  0.254647  0.161331  0.228367  0.043329 -0.176236 -0.242085 -0.298080 -0.491957 -0.541263 -0.461756 -0.426120 -0.438135 -0.440881 -0.615050 -0.615309 -0.624637 -0.720278 -0.802502 -0.810848 -0.707264 -0.647150 -0.628149 -0.665763 -0.784430 -0.870364 -0.866796 -0.787494 -0.733888 -0.638566 -0.214087  0.308283 
Shapelet 102  -0.594302 -0.610661 -0.617671 -0.634008 -0.674379 -0.700773 -0.578473 -0.609683 -0.653261 -0.814243 -0.838975 -0.867848 -0.884252 -0.910752 -0.937810 -0.969974 -0.979370 -0.969766 -0.956823 -0.912100 -0.906842 -0.980926 -0.992104 -1.016115 -1.039314 -1.028420 -1.060422 -1.095876 -1.127153 
Shapelet 103   0.391217  0.322676  0.399572  0.818837  1.878134  2.369263  2.617225  2.425711  2.318132  2.000195  1.682379  1.416108  0.800769  0.549294  0.327321  0.038147 -0.206719 -0.348316 -0.321303 -0.511920 -0.572335 -0.693046 -1.062657 -1.266809 -1.556546 -2.081105 -2.019280 -1.507666 -1.496633 -1.856868 -1.877537 -1.465785 -1.088434 -0.717246 -0.482136 -0.346357 -0.216995 -0.099220  0.211396  0.381322  0.627436  0.961421  1.126795  1.066908  1.343578  1.480929  1.350793  1.118259  1.018053  0.598252  0.431135  0.081437 -0.119272 -0.388535 -0.757365 -1.030441 -1.063632 -1.478541 -1.829877 -1.755898 -1.718345 -2.071002 -1.829266 -2.205548 -2.017538 -2.028990 -2.121037 -1.837582 -1.518538 -1.323086 -1.186706 -1.059557 -1.022340 -0.653935 -0.368478 -0.058508  0.162303  0.537780  0.811312  1.183393  1.095467  0.965298  0.847352  0.493086  0.590363  0.277535 -0.065903 -0.242025 -0.323886 -0.483716 -0.584531 -1.038104 -1.167404 -1.335050 -1.470488 -1.812626 -2.130345 -1.937519 -2.347023 -2.239555 -1.807463 -1.959254 -2.218417 -1.806497 -1.701706 -1.598408 -1.534245 -1.159838 -0.747052 -0.859711 
Shapelet 106  -0.931726 -0.534742 -0.521650 -0.482252 -0.498591 -0.287581 -0.286884 -0.234961 -0.244208 -0.164404 -0.119582 -0.006010  0.125483  0.107646  0.063776  0.107202  0.159280  0.186473  0.282779  0.320615  0.358456  0.351580  0.369644  0.409043  0.446757  0.423418  0.412133  0.323650  0.197966 -0.016694  0.122216  0.162391 -0.158385 -0.412246 -0.490283 -0.715918 -0.698892 -0.650498 -0.486355 -0.647480 -0.444481 -0.245049 -0.169795 -0.318627  0.358718  0.622837  0.640498  0.954546  1.338835  1.392361  1.557778  2.082192  2.402776  1.966762  2.270604  2.141625  2.497634  2.378759  1.993832  1.858286  1.573288  1.609048  1.810674  1.764372  1.555397  1.551381  1.488036  1.577544  1.523663  1.472287  1.559833  1.535443  1.400634  1.451438  1.530815  1.490120  1.384783  1.280761  1.409615  1.403044  1.237121  1.407129  1.451429  1.398236  1.409011  1.357694  1.366648  1.392224  1.351287  1.363622  1.323041  1.418299  1.414748  1.416701  1.376135  1.447478  1.466887  1.391624  1.381332  1.457131  1.427655  1.385900  1.465291  1.492104  1.601599  1.547069  1.479798  1.413961  1.614370  1.672451  1.493914  1.327467  1.378329  1.513118  1.699587  1.687124  1.677544  1.692896  1.584227  1.510791  1.451079  1.233845  1.214556  1.235255  1.028208  0.508155  0.275060 -0.008434 -0.364511  0.090508 -0.141874 -0.806763 -0.694471 -0.413444 -0.708130 -1.039677 -1.194024 -0.995814 -1.185798 -1.110654 -1.192151 -1.513223 -1.677378 -1.202848 -1.039395 -1.054140 -0.672556 -0.666821 -0.857343 -1.015228 -0.829446 -0.614093 -0.482241 -0.429300 -0.443607 -0.540249 -0.366697 -0.305325 -0.433281 -0.305098 -0.270449  0.008107  0.220373  0.610479  0.590441  0.319961 -0.028747 -0.449470 -0.526990 -0.487192 -0.448596 -0.416230 -0.351002 -0.568233 -0.516447 -0.219549 -0.296660 -0.173939 -0.141261 -0.364571 -0.477365 -0.405673 -0.289248 -0.440604 -0.287021 -0.311685 -0.322145 -0.434559 -0.399057 -0.180861 -0.290910 -0.275601 -0.266992 -0.365435 -0.349797 -0.281786 -0.364764 -0.365453 -0.384790 -0.401622 -0.412935 -0.384757 -0.354071 -0.527202 -0.485533 -0.369757 -0.585119 -0.612017 -0.598726 -0.778525 -0.666274 -0.681770 -0.659859 -0.642492 -0.644393 -0.826188 -0.863504 -0.748117 -0.572474 -0.785832 -0.726550 -0.795481 -0.847450 -0.705043 -0.718396 -0.824989 -0.764397 -0.750442 -0.742081 -0.901301 -0.901429 -1.101256 -1.124718 -0.957086 -0.945415 -0.942990 -0.863234 -0.746792 -0.949038 -0.936233 -0.723339 -0.900143 -0.928299 -0.923047 -0.738396 -0.924784 -0.921679 -1.120832 -0.947342 -0.759171 -0.761397 -0.742630 -0.551701 -0.725974 -0.735891 -0.947456 -1.162359 -1.173007 -1.220237 -0.819939 -0.719071 -0.695715 -0.762428 -0.825736 -0.765253 -0.765545 -0.975588 -0.966710 -0.855708 -0.984453 -0.878176 -0.986442 -0.887298 -0.882956 -0.746129 -0.751775 -0.763047 -0.968556 -0.976261 -0.969123 -0.967765 -1.114732 -0.950900 -0.954870 -0.968539 -0.966365 -0.952750 
Shapelet 111   0.308640  0.422659  0.277755  0.227384  0.137553  0.160109  0.014785  0.117758  0.015721  0.205462  0.224062  0.027291  0.077791  0.064051 -0.043663 -0.074003  0.118587  0.025453 -0.007926  0.048654  0.246839 -0.119259 -0.001716  0.027375 -0.085176  0.070615  0.007606  0.152411  0.306764  0.233805  0.510932  0.630100  0.657034  0.774211  0.872938  1.053080  1.053801  0.972459  1.057467  0.946147  0.852538  0.704324  0.625724  0.563043  0.355873  0.326804  0.222311  0.052058  0.098152 -0.328643 -0.484765 -0.990908 -0.671874 -0.768497 -1.442127 -1.112753 -2.303509 -2.445026 -1.293099 -1.436749 -1.827640 -1.396087 -1.738840 -1.748987 -1.338894 -0.917362 -1.147865 -1.039633 -0.646735 -1.952832 -1.019469  0.302329  0.201151 -0.022850 -0.180432  0.142814  0.770973  0.419599  0.026331 -0.291574 -0.379454 -0.637128 -1.236394 -1.671689 -1.914831 -1.860331 -1.982570 -2.445137 -2.867921 -2.612675 -2.279936 -1.874795 -2.099457 -1.876628 -1.863139 -1.479119 -1.231808 -0.902428 -0.859519 -0.594646 -0.657735 -0.702184 -0.784358 -0.381344 -0.436523 -0.502407 -0.481506  0.011273 -0.484244 -0.231008  0.498256 -0.116538  0.513208  0.704993 -0.098907 -0.153169 -0.216365  0.201493  0.325542  0.611259  0.603197  0.611264  0.414062  1.126879  0.418105 -0.209366  0.313964 -1.043480 -1.261841 -1.183445 -2.381496 -1.792893 -2.573998 -3.058587 -2.050408 -2.464933 -1.916197 -1.100702 -1.208730 -1.120150 -0.810882 -0.081449 -0.096605  0.099549  0.124336  0.502837  0.393224  0.129188  1.314972  0.914934  0.753081  2.072373  2.869153  2.012703  1.129063  1.345754  1.965194  1.409290  0.539525  1.862125  1.810347  1.063216  1.365678  2.066195  2.316036  2.180422  3.961216  4.218407  1.523971 -0.031459 -0.746974 -1.116151 -1.623533 -1.144429 -1.093289 -1.039162  0.223721  0.989066  0.789401  0.188200 -0.211666 -0.482897 -0.357876 -0.419590  0.070911 -0.033327 -0.185794 -0.183819  0.090016  0.294521  0.204001  0.215423  0.400343  0.426392  0.421027  0.598444  0.389473  0.400286  0.410478  0.208790  0.209985  0.403427  0.406011  0.403792  0.413299  0.232101  0.410703  0.199804  0.188393  0.024743  0.041500  0.187266  0.213002 -0.042653  0.052203  0.198232  0.265131  0.393184  0.486447  0.409665  0.615213  0.608463  0.405579  0.300638  0.304917  0.185906  0.113617 -0.008191 -0.021039 -0.089678 -0.086945 -0.224428 -0.226571 -0.225023  0.006555  0.004425 -0.522185 -1.319635 -1.264527 -0.637730 -0.403107  0.208132  0.629454  2.321135  1.459252 
Shapelet 113   1.411592  2.302656  3.054229  3.642563  4.411259  5.035020  4.931436  4.190203  3.349083  2.875998  2.206547  1.678473  1.428043  1.106023  1.009000  0.689681  0.553097  0.247208  0.289418  0.369885  0.121485  0.058742 -0.036316 -0.105387 -0.225332 -0.221697 -0.119008 -0.193299 -0.197786 -0.083547 -0.052739 -0.059664 -0.135994 -0.026118 -0.237818 -0.341359 -0.352549 -0.569586 -0.656965 -0.750283 -1.024457 -0.951585 -0.955053 -0.893484 -0.939139 -0.798793 -0.673108 -0.709588 -0.665923 -0.736696 -0.512987 -0.540115 -0.553152 -0.573161 -0.588507 -0.619007 -0.627819 -0.687146 -0.635912 -0.634320 -0.692429 -0.717131 -0.720582 -0.773196 -0.751485 -0.724161 -0.778754 -0.669561 -0.669232 -0.799491 -0.899968 -0.999801 -1.040874 -1.178565 -1.452161 -1.659676 -1.447091 -1.817549 -1.964698 -1.638683 -1.395387 -1.135173 -1.365220 -1.180018 -0.833556 -0.974194 -0.661563 -0.673745 -0.695056 -0.622306 -0.710045 -0.985260 -0.873683 -0.584328 -0.517092 -1.116664 -0.325945 -0.008362 -0.415655 -0.327847 -0.122966  0.281281 -0.507207 -1.115252 -1.138746 -0.339378 -0.577397 -1.108429 -1.320789 -1.396074 -1.217257 -1.202964 -1.268618 -1.295022 -1.054660 -0.588347 -0.732939 -1.244830 -1.367862 -1.541307 -1.611397 -1.560423 -1.550915 -1.463500 -1.235035 -1.164718 -1.064310 -1.000957 -0.918129 -0.898858 -0.774062 -0.721346 -0.702472 -0.689307 -0.636118 -0.628153 -0.713524 -0.710334 -0.634143 -0.675780 -0.576444 -0.533540 -0.499469 -0.489749 -0.510666 -0.514549 -0.577774 -0.464552 -0.446656 -0.437275 -0.455034 -0.509951 -0.503944 -0.504751 -0.464293 -0.432858 -0.464716 -0.496637 -0.489691 -0.490054 -0.490683 -0.563935 -0.458581 -0.582536 -0.479685 -0.477751 
Shapelet 114  -1.346877 -1.552026 -1.401086 -1.361608 -1.191936 -0.693772 -0.589558 -0.310653  0.060292  0.282495  0.370487  0.231960  0.005987  0.025358 -0.073747 -0.361404 -0.512688 -0.410045 -0.365995 -0.133322 -0.326330 -0.279047  0.219981  0.146996  0.099270 -0.154579 -0.129122 -0.493496 -0.841625 -0.839156 -0.846452 -0.816195 -0.665022 -0.783374 -0.676611 -0.541607 -0.627339 -0.743343 -0.625577 -0.738738 -1.056275 -0.904449 -1.090961 -1.116081 -0.991371 -0.827947 -0.748706 -0.841401 -1.015373 -0.900455 -1.121477 -1.180169 -1.169911 -1.065768 -0.829764 -0.787571 -0.689087 -0.964656 -0.849002 -0.939990 -0.835074 -0.968506 -0.498029 -0.535869 -0.523461 -0.284471 -0.527785 -0.572533 -0.713534 -0.807446 -0.601070 -0.675205 -0.650606 -0.520021 -0.394689 -0.843655 -0.999864 -1.132511 -0.961258 -0.945530 -0.955287 -1.024410 -1.105147 -0.853691 -0.998668 -1.207982 -1.365212 -1.439901 -1.316236 -1.236548 -1.412942 -1.426427 -1.165608 -1.257071 -1.312700 -1.108082 -1.383020 -0.958405 -1.107901 -1.435454 -1.333440 -1.425825 -1.678099 -1.492061 -1.448252 -1.514485 -1.334775 -1.274474 -1.028288 -0.951196 -1.298808 -0.877755 -0.784679 -1.295875 -0.812194 -0.687405 -1.039807 -0.703930 -0.585704 -0.997399 -0.636321 -0.654408 -0.711668 -0.197977 -0.219223 -0.140875  0.081387  0.553579  0.594885  0.543825  0.345649  0.485128 -0.026099 -0.248269 -0.280435 -0.490737 -0.686746 -0.779566 -0.987686 -0.883161 -0.673471 -0.716174 -0.426056 -0.099553 -0.090532 -0.129763 -0.120083 -0.003540 -0.021223  0.191473  0.209349  0.045914  0.062617  0.197605  0.174567  0.583906  0.709826  0.502050  0.615764  0.989645  1.122173  1.086899  1.128681  0.740522  2.535665  1.045198  0.357254  0.543110  0.730776  0.989360  0.873071  1.124649  1.372197  1.465369  1.315915  1.018660  1.195066  1.360388  1.313109  1.265704  1.212635  1.513674  1.248498  1.134060  1.287980  1.463293  1.433315  1.490838  1.643413  1.645010  1.684522  1.668278  1.726358  1.799886  1.706060  1.649895  1.435597  1.382843  1.461540  1.295288  0.928971  1.480952  1.807843  1.370502  1.238167  1.467957  1.542560  1.402165  1.242287  1.346755  1.619855  2.174354  2.700746  2.257140  2.503310  2.745935  1.760933  2.154362  2.317354  2.098910  1.696140  1.329836  1.572631  1.951746  2.116007  1.423730  0.922493  0.938684  0.774741  1.439366  1.014164  0.578911  0.934661  1.076375  1.260262  1.121441  0.908368  0.730362  0.733505  0.711091  0.719742  0.582808  0.601413  0.369369  0.223286  0.268173  0.153492  0.043718  0.052923  0.046089  0.040276 -0.138691 -0.132076 -0.137788 -0.138420 -0.125471 -0.122975 -0.227012 -0.242540 -0.043807 -0.127013 -0.310873 -0.308730 -0.299775 -0.420817 -0.425931 -0.444302 -0.441300 -0.437461 -0.517552 -0.312427 -0.300859 -0.391534 -0.305142 -0.113096 -0.252054 -0.253398 -0.107072 -0.115672 -0.095093 -0.117976 -0.129719 -0.112975 -0.130291 -0.123679 -0.295814 -0.298845 
Shapelet 116   1.486244  1.316841  1.160606  1.262221  0.854611  0.785626  0.482614  0.302414  0.267009 -0.008564 -0.089096 -0.250381 -0.227630 
Shapelet 117   0.154302  0.171065  0.177215  0.141159  0.108166  0.072876  0.215707  0.279156  0.363146  0.352062  0.439824  0.455250  0.530817  0.631129  0.728240  0.905596  0.847995  0.872086  1.037823  0.799544  1.059593  0.983407  0.663981  0.786432  0.969579  0.751996  0.833250  0.916655  1.058488  1.150389  1.132497  1.192714  1.320118  1.140757  1.091819  1.044951  0.983048  0.932088  0.989563  0.961189  0.937516  1.119918  1.219094  1.225326  1.253245  1.183131  1.311970  1.307278  1.371906  1.273271  1.472719  1.452141  1.475741  1.477638  1.498739  1.346722  1.319144  1.438950  1.565367  1.556182  1.536791  1.645525  1.625131  1.714620  1.807178  1.829067  1.917060  1.892515  1.868643  1.766126  1.828681  1.886519  1.886391  1.955165  1.975020  1.797704  1.861017  1.831646  1.692458  1.624756  1.366013  0.995420  0.643954  0.425658  0.041743 -0.175193 -0.177697  0.119699  0.595328  0.684836  0.862533  1.481283  1.647841  1.502411  1.954467  2.247441  3.300674  2.647725  1.377227  2.741018  2.060420  0.765752  1.685909  1.286832  0.671074  0.756410  0.721332  0.256630  0.022813  0.252180  0.082810 -0.080779 -0.148644 -0.334614 -0.082967 -0.260687 -0.191520 -0.058079  0.228397  0.391184 -0.700402 -1.926575 -1.418728 -0.587038 -0.029950 -0.134532 -0.231153 -0.380434 -0.612843 -0.636738 -0.462335 -0.478109 -0.713303 -0.923387 -0.825330 -0.662516 -0.604161 -0.767702 -0.829000 -0.847595 -0.792321 -0.826583 -0.847731 -0.844281 -0.873297 -0.788541 -0.850289 -0.852133 -0.915730 -0.959229 -0.953388 -0.951416 -0.907770 -0.876407 -0.942821 -0.908298 -0.900243 -0.894639 -0.898876 -0.945785 -0.954052 -0.946095 -1.038918 -0.943744 -0.993483 -0.954272 -0.997340 -0.954672 -0.946605 -0.948142 -0.951527 -0.990162 -0.995023 -0.998695 -0.992786 -1.059885 -1.042192 -0.933910 -0.994200 -1.054663 -1.062674 -0.993423 -0.990554 -0.985230 -1.083721 -1.064265 -1.087594 -1.087355 -1.064332 -1.061167 -1.053925 -1.150919 -1.061605 -1.074504 -1.076360 -1.057135 -1.057042 -1.069644 -1.049312 -1.050912 -1.056946 -1.056398 -1.059226 -1.058277 
Shapelet 118   0.420273  0.567856  1.272452  2.145456  1.625106  2.087970  3.390555  3.646240  3.759447  3.765360  3.498520  2.441741  2.472976  2.786461  2.139574  1.658157  0.758679  0.818859  0.677498 -0.038679 -0.235263 -0.059509  0.043197  0.056283  0.049768 -1.044566 -1.941373 -2.761075 -1.641360 -1.295301 -1.799158 -2.189574 -0.869523 -0.952953 -1.133155 -1.010499 -0.458477 -0.461819  0.049577  0.208120  0.756269  0.800397  0.076027 -0.074952 -0.204720 -0.844455 -1.083290 -0.492034 -1.464805 -1.113888 -0.319350  0.263326 -0.181298 -0.194760 -0.242918 -0.660373 -0.105600 -0.346564 -0.677852 -0.376699 -0.753499 -0.481109 -0.424675 -0.861675 -1.638748 -0.608389 -0.749496 -0.579680 -1.120645 -0.389721 -0.153526  0.070787 -0.150889 -0.453078 -0.194419 -0.330613 -0.519615 -0.769591 -0.774625 -0.693188 -0.874043 -0.732221 -0.669991 -0.047395 -0.091968 -0.382627  0.129536 -1.039583 -0.451472  0.075649 -0.427765 -0.115465 -0.109244 -0.382614 -0.347918 -0.323140 -0.443347 -0.265776 -0.279376 -0.463251 -0.327266 -0.697760 -0.800408 -0.658121 -0.069393 -0.203270 -0.367191 -0.288585 -0.533682 -0.306140 -0.415475 -0.310972 -0.458743 -0.353764 -0.298947 -0.463017 -0.560485 -0.210963 -0.208241 -0.635809  0.435169 -0.716004  0.049445  0.797255 -1.229099 -1.873204 -0.506356 -1.053856 -0.513596  0.898228  0.134122 -0.847347 -0.908374  2.711063  2.398641  1.665194  1.985862  2.071512  0.959231  2.609091 
Shapelet 119  -0.763226 -1.057634 -1.128697 -1.026471 -0.750315 -0.680355 -0.782963 -0.519307 -0.559528 -0.718761 -0.692099 -0.276694 -0.347447 -0.364851 -0.263545 -0.327685 -0.093883 -0.051278  0.233358  0.345159  0.653891  0.407982  0.667134  0.104445 -0.004502  0.250316 -0.076526 -0.204535 -0.308740 -0.424428 -0.975111 -1.222349 -1.345258 -1.628118 -1.725747 -1.674304 -1.687828 -1.617370 -1.286331 -1.297123 -1.306844 -1.295927 -1.535123 -1.797383 -2.028125 -2.235656 -2.629493 -2.348767 -2.181775 -2.319648 -1.841275 -1.228406 -1.071647 -0.005859  0.504582  0.798365  1.727980  1.736523  1.204079  1.223521  1.102464  0.339980  0.094424 -0.282591 -0.633999 -0.841865 -1.285404 -1.321626 -1.060752 -1.217769 -0.424901 -0.302962 -0.507508 -0.048826  0.597637  0.441962  0.671486  0.894742  1.175734  1.102351  1.070689  2.060383  1.199528 -0.072018 -0.155126  0.111555 -0.039332 -0.029917  0.675751  0.480465  0.011570  0.149908 -0.141207 -0.686157 -1.409372 -1.930474 -1.540145 -1.850664 -1.487623 -1.214878 -1.024034  0.595142  0.900515  0.594853  1.157257  1.076192  0.557592  0.343536  0.518079  0.753382  0.339828  0.120201 -0.240573 -0.266789 -0.135009 -0.133339 -0.222011 -0.305994 -0.263247 -0.325089 -0.494080 -0.711114 -0.770245 -0.888868 -1.087592 -1.305555 -1.443506 -1.533225 -1.596261 -1.625881 -1.606778 -1.558222 -1.458494 -1.470516 -1.360365 -1.258277 -1.191066 -1.293164 -1.236009 -1.160823 -1.151096 -1.186765 -1.116841 -0.987233 -0.901138 -0.797821 -0.791758 -0.797419 -0.937145 -0.857478 -0.906279 -0.772487 -0.765890 -0.734708 -0.652362 -0.700871 -0.749416 -0.649432 -0.645900 -0.675519 -0.655156 -0.571634 -0.535636 -0.511065 -0.349768 -0.412797 -0.242675 -0.386433 -0.145013 -0.082768 -0.182520 -0.109347 -0.090351 -0.086633 -0.008835  0.046366  0.045078  0.231681  0.101980  0.228829  0.241063  0.304752  0.379928  0.189908  0.194154 
Shapelet 120  -1.184900 -0.821857 -0.465541  0.473003  0.321012  0.380538  0.568605  0.378216  0.130357  0.053559  0.246265 -0.064335 -0.356310 -0.176247 -0.105190  0.356869  1.135778  0.903641  0.047895 -0.402944 -0.302749 -0.412198 -0.409068 -0.177771 -0.249441 -0.272731 -0.265054 -0.291727 -0.362357 -0.318345 -0.144725 -0.149417 -0.135578 -0.155616 -0.281762 -0.261833 -0.072469 -0.110654 -0.243646 -0.145250 -0.253220 -0.167442 -0.246146 -0.245569 -0.318069 -0.344627 -0.360174 -0.233125 -0.199033 -0.104908 -0.184751 -0.256622 -0.140834 -0.212825 -0.123729 -0.159816 -0.064255 -0.258943 -0.102858  0.039078  0.001730  0.072552 -0.100449 -0.083686  0.022360 -0.122627 -0.083598 -0.062581  0.003492 -0.027910 -0.012142  0.002191 -0.132534 -0.267280 -0.267807 -0.296378 -0.311000 -0.309115 -0.229446 -0.323203 -0.358135 -0.196084 -0.320454 -0.560266 -0.498885 -0.528677 -0.628058 -0.549632 -0.567519 -0.546750 -0.606897 -0.406413 -0.477183 -0.505616 -0.609378 -0.268772 -0.569514 -0.620737 -0.237115 -0.658519 -0.434949 -0.409868 -0.540364 -0.598087 -0.560197 -0.367991 -0.606885 -0.605783 -0.610767 -0.628428 -0.651906 -0.637538 -0.631922 -0.525324 -0.440261 -0.599395 -0.611342 -0.608139 -0.573470 -0.583075 -0.618833 -0.604393 -0.619598 -0.609737 -0.567615 -0.573474 -0.639711 -0.637252 -0.640696 -0.620851 -0.396012 -0.402866 -0.792362 -0.645723 
Shapelet 123  -1.484637 -1.477584 -1.711331 -1.638069 -1.454138 -1.438655 -1.373745 -1.319460 -1.359017 -1.307409 -1.102070 -0.754096 -0.636803 -0.597698  0.077008  0.117271 -0.145705  0.136274  0.543087  1.423804  1.559523  1.494419  1.963925  1.323309  1.384377  1.435811  1.562499  1.775684  2.216971  2.566644  2.731237  2.620577  2.902852  2.654717  2.188739  2.429532  2.465437  1.932345  1.678665  1.905450  1.855309  1.547474  1.513857  1.187388  0.969429  0.540114  0.621463  0.733740  0.556056  0.344105  0.455218  0.334477  0.259845  0.208637  0.289369  0.333944  0.278461  0.241763  0.361860  0.392729  0.359277  0.452033  0.464756  0.478591  0.424929  0.419787  0.555760  0.476791  0.605220  0.671895  0.716362  0.741476  0.651124  0.702411  0.704112  0.604305  0.672410  0.680991  0.635766  0.746182  0.857349  0.682799  0.637765  0.601230  0.737628  0.704585  0.720765  0.670629  0.600768  0.710484  0.701334  0.659975  0.750150  0.818006  0.719395  0.797317  0.871613  0.917738  0.996750  0.689921  0.504426  0.516703  0.286149  0.108520 -0.199511 -0.254760 -0.587048 -1.039876 -1.507702 -1.408567 -1.468112 -1.411007 -0.736784 -0.859509 -0.733363  0.203076  0.206011  0.073873  1.622019  0.922935  0.672240  1.870373  2.097063  2.262097  2.255926  1.903733  1.764313  1.798146  1.557202  1.766899  1.559381  1.438840  1.474273  1.761365  1.125787  0.584686  0.798280  0.560073 -0.089407 -0.409205 -0.592619 -0.095303  0.706603 -1.623308 -4.084237 -2.018435 -0.281719 -0.279108 -1.215676 -1.682286 -1.325646 -1.098098 -1.269646 -1.278518 -0.965880 -1.176705 -1.288989 -0.920356 -0.774965 -1.058981 -1.045381 -0.927605 -0.871268 -0.778938 -0.903576 -0.904740 -0.739040 -0.737159 -0.733182 -0.664092 -0.721843 -0.658353 -0.660942 -0.785814 -0.763941 -0.624575 -0.545334 -0.713237 -0.744240 -0.845132 -0.761835 -0.701053 -0.621222 -0.663744 -0.580031 -0.579432 -0.573920 -0.588552 -0.550876 -0.716685 -0.677239 -0.576592 -0.572851 -0.441360 -0.531327 -0.558442 -0.585562 -0.556877 -0.545656 -0.471096 -0.429039 -0.555291 -0.598267 -0.446021 -0.509083 -0.457232 -0.467636 -0.464932 -0.455939 -0.574336 -0.454833 -0.383323 -0.504906 -0.435752 -0.452346 -0.447868 -0.283664 -0.379787 -0.418943 -0.268898 -0.260915 -0.258237 -0.322000 -0.323436 -0.269661 -0.276638 -0.198073 -0.344919 -0.567691 -0.274195 -0.193336 -0.337850 -0.337079 -0.416448 -0.256467 -0.140427 -0.121382 -0.157381 -0.256987 -0.172604 -0.255445 -0.253984 -0.262777 -0.270509 -0.311700 -0.253479 -0.252221 -0.299909 -0.253885 -0.298131 -0.408199 -0.292285 -0.293588 -0.248312 -0.244943 -0.252655 -0.148396 -0.286827 -0.250393 -0.089351 -0.227352 -0.406099 -0.242614 -0.254042 -0.139898 -0.253880 -0.246119 -0.402529 -0.100822 -0.121818 -0.097943 -0.247979 -0.250856 -0.094005 -0.241772 -0.103008 -0.228217 -0.111396 -0.238982 -0.093712 -0.091951 -0.095129 -0.244385 -0.100676 -0.092750 -0.091367 -0.096805 -0.096858 -0.090678 -0.093924 -0.092877 -0.083002 
Shapelet 126  -0.134019 -0.193444 -0.390118 -0.744788 -0.745874 -0.960863 -1.459702 -1.255176 -1.555984 -1.871149 -1.831004 -1.689064 -1.954031 -1.499045 -1.611599 -1.102498 -0.906926 -1.133290 -0.852098 -0.628470 -0.410573 -0.122598  0.064586  0.131300  0.143867  0.170427  0.240481  0.070364  0.092228  0.202280  0.476276  0.904385  1.496388  2.717129  3.135908  4.097391  2.650809  1.403739  0.975757  0.688460  0.592655  0.587110 -0.584266 -0.366930  0.363802  1.199115  2.172393  3.700541  4.098420  1.651797  0.828684  0.243383 -0.082212 -0.222806 -0.014091  0.543751  1.447681  3.804354  4.708112  2.836695  2.210226  1.812942  2.010014  1.448888  1.180887  1.261109  0.681326  0.337018 -0.082412 -0.203137 -0.414426 -0.796615 -1.142787 -1.740263 -1.952150 -1.761736 -2.214226 -2.039534 -1.860299 -1.856394 -1.819704 -1.717581 -1.583381 -2.052680 -1.654800 -1.181139 -1.394185 -1.026902 -0.440478 -0.794183 -0.485074  0.349034  0.136236 -0.185207 -0.119296  0.186588  0.608015  0.731614  5.626912  4.446384  0.776549  0.025946  0.185693  0.097707 -0.641640 -0.747849 -0.629649 -0.531733 -0.358085 -0.184396 -0.210149 -0.205085 -0.156084 -0.072125 -0.023594  0.023671  0.081553  0.248670  0.252444  0.253592  0.516749  0.692120  0.663121  0.317722 
Shapelet 127   0.423431  0.583093  0.606471  0.571686  0.493899  0.439663  0.248645  0.465194  1.370787  2.289891  4.135055  4.943635  4.891244  4.844216  4.641635  4.005259  3.308792  2.835738  2.330973  1.763504  1.602787  1.347472  1.026146  0.909345  0.755097  0.718688  0.579119  0.229223  0.108026 -0.033910 -0.328432 -0.628526 -0.725262 -0.827791 -0.854429 -0.866074 -0.787646 -0.551790 -0.490546 -0.351079 -0.061464 -0.212477 -0.104474  0.100327  0.043711  0.022383  0.095949  0.533641  0.628842  0.462881  0.852242  0.544681  0.308495  0.156228 -0.204209 -0.314858 -0.556596 -0.697872 -1.009603 -0.958938 -1.096676 -1.081825 -1.087986 -1.023766 -0.880912 -0.904273 -0.892672 -1.012221 -1.164505 -1.306388 -1.509065 -1.562777 -1.660002 -1.712564 -1.676463 -1.558507 -1.311890 -0.938923 -0.618040 -0.344911  0.108040  0.242506  0.470089  0.650745  0.589368  0.779659  0.971205  0.346610  0.151390 -0.152039  0.060005 -0.144517 -0.219834 -0.453994 -0.753008 -0.802115 -1.042567 -1.138653 -1.130124 -0.968099 -0.912374 -0.736135 -0.470014 -0.193766  0.170509  0.108792  0.120919  0.678374  0.264657  0.724603  0.570561  0.877826  0.124812  0.053295 -0.596440 -0.389623 -0.166159  0.059074 -0.027209 -0.068545 -0.163108 -0.259980 -0.532994 -0.766457 -0.971807 -0.895302 -0.698706 -0.806860 -0.787388 -0.982855 -0.847689 -0.765167 -0.631744 -0.590957 -0.836177 -0.527175 -0.125236 -0.213772 -0.466909 -0.285655  0.182744  0.277750  0.135601 -0.045153 -0.345809 -0.452838 -0.361741 -0.459568 -0.514046 -0.781802 -0.864020 -1.028093 -1.031690 -0.923113 -0.903463 -1.012450 -1.000075 -1.054000 -1.167922 -1.207519 -1.195767 -1.206317 -1.208492 -1.149746 -1.261387 -1.268569 -1.201360 -1.241026 -1.236843 -1.219900 -1.206112 -1.088370 -1.062458 -1.123255 -1.030911 -0.995660 -0.910785 -0.854356 -0.774449 -0.768686 -0.793991 -0.741859 -0.633997 -0.569870 -0.479511 -0.558100 -0.652518 -0.705581 -0.622635 -0.664003 -0.567984 -0.626929 -0.601149 -0.528954 -0.575584 -0.619509 -0.461370 -0.459696 -0.456431 -0.373663 -0.296217 -0.258203 -0.308370 -0.389576 -0.376529 -0.353118 -0.362080 -0.289012 -0.233668 -0.145521 -0.011198  0.132746  0.076262  0.185888  0.230974  0.329217  0.259642  0.214991  0.200330  0.210378  0.266961  0.236103  0.187582  0.182119  0.303223  0.152749  0.119984  0.178884  0.126258  0.281261  0.365039  0.417248  0.410292  0.394041  0.269282  0.276183  0.289728  0.309444  0.493880  0.510903  0.523366  0.480849  0.446847  0.530583  0.525220  0.483054  0.616452  0.501855  0.485957  0.511839  0.357903  0.371437  0.382741  0.362249  0.539673  0.378461  0.422823  0.416091  0.416517  0.548080  0.556435  0.551080  0.604472  0.622985  0.633265  0.559950  0.624645  0.557167  0.651228  0.567106  0.634221  0.484342  0.573847  0.578314  0.510831  0.591349  0.686697  0.687258  0.571927  0.575577  0.583948  0.678986  0.687505  0.703178  0.594276  0.702682  0.708864  0.594191  0.596482  0.722845  0.584571  0.575386  0.718097  0.570755  0.566712  0.567929  0.574974  0.738963 


; cmd = ShapeletResearch/Execs/FastShapelet UCRArchive_2018//CricketZ/CricketZ_TRAIN.tsv 12 390 301 10 1 10 10 0 1 10 UCRArchive_2018//CricketZ/tree.txt UCRArchive_2018//CricketZ/time.txt
; time =>  821.553  29.957 278.233  20.427 476.651 
