;Shapelet Tree 

;random seed:1551068645, rand()=580966971, rand()=862716871
;command = ShapeletResearch/Execs/FastShapelet UCRArchive_2018//ProximalPhalanxOutlineAgeGroup/ProximalPhalanxOutlineAgeGroup_TRAIN.tsv 3 400 81 10 1 10 10 0 1 10 UCRArchive_2018//ProximalPhalanxOutlineAgeGroup/tree.txt UCRArchive_2018//ProximalPhalanxOutlineAgeGroup/time.txt 

;Local Class:   0  1  2 
;Real  Class:   2  3  1 

;Node ID class   obj  pos  len  dist_th 
TreeSize: 42 
NonL  1    --     26   33   38   0.7471 ==> 132  16  72  /   7 173   0 
NonL  2    --    210   22   54   0.8706 ==>  63   1  72  /  69  15   0 
Leaf  3     3    
NonL  4    --    115   12   60   0.8126 ==>  52   1  23  /  11   0  49 
NonL  5    --      7   14   56   1.0061 ==>  38  15   0  /  31   0   0 
NonL  8    --      0    1   17   0.4711 ==>  36   0  23  /  16   1   0 
NonL  9    --     51    1   78   0.9594 ==>   0   0  33  /  11   0  16 
NonL 10    --      0   42   32   0.7168 ==>  23  15   0  /  15   0   0 
Leaf 11     2    
NonL 16    --      0   16   13   0.2194 ==>  12   0   0  /  24   0  23 
Leaf 17     2    
Leaf 18     1    
NonL 19    --      0   38   21   0.3188 ==>  11   0   8  /   0   0   8 
NonL 20    --      0   40   16   0.1223 ==>   9   0   0  /  14  15   0 
Leaf 21     2    
Leaf 32     2    
Leaf 33     2    
Leaf 38     2    
Leaf 39     1    
Leaf 40     2    
Leaf 41     3    

;Shapelet id   <data>
Shapelet   1   1.440306  1.596824  1.540125  1.545604  1.560136  1.584436  1.621838  1.648520  1.404571  1.178965  0.900306  0.609020  0.328812  0.075953 -0.210664 -0.480342 -0.645770 -0.643316 -0.730247 -0.807053 -0.950444 -1.082901 -1.222100 -1.272934 -1.269336 -1.186842 -1.052574 -0.946037 -0.854270 -0.833068 -0.717644 -0.621446 -0.624853 -0.673738 -0.797214 -0.925239 -1.041616 -1.154132 
Shapelet   2  -0.631165 -0.642816 -0.665903 -0.490487 -0.261319  0.024028  0.331977  0.606401  0.918450  1.221058  1.492381  1.637482  1.562504  1.509642  1.475390  1.558998  1.647191  1.654743  1.699514  1.518003  1.252614  0.947632  0.643540  0.364665  0.078670 -0.195107 -0.424706 -0.568135 -0.700749 -0.806662 -0.902299 -0.956726 -1.066711 -1.177856 -1.228858 -1.249193 -1.167527 -1.061371 -0.981080 -0.920019 -0.971263 -0.908368 -0.832581 -0.722946 -0.682490 -0.741286 -0.787351 -0.943645 -1.077958 -1.193850 -1.296464 -1.288896 -1.195792 -1.126882 
Shapelet   4   1.535361  1.522486  1.343921  1.059746  0.813448  0.507256  0.208956 -0.079119 -0.352434 -0.609778 -0.769162 -0.858184 -0.796889 -0.605766 -0.339037 -0.044469  0.250379  0.532445  0.815874  1.108259  1.410160  1.583687  1.577343  1.430871  1.479384  1.498976  1.570626  1.658510  1.660749  1.382731  1.123372  0.851699  0.568643  0.292753 -0.016481 -0.305358 -0.578860 -0.771495 -0.596287 -0.663646 -0.848220 -1.026730 -1.178333 -1.276945 -1.319954 -1.227817 -1.100040 -1.009321 -0.894083 -0.814709 -0.715145 -0.606625 -0.525682 -0.575091 -0.658366 -0.810660 -0.962095 -1.078956 -1.218133 -1.328854 
Shapelet   5   1.539275  1.367013  1.127539  0.889620  0.602805  0.339661  0.028846 -0.273554 -0.572758 -0.782790 -0.892851 -0.892108 -0.752743 -0.485556 -0.201816  0.075825  0.356075  0.674163  0.942491  1.210646  1.478974  1.555689  1.495907  1.500399  1.568129  1.616335  1.716720  1.525279  1.248485  0.928842  0.635979  0.300958 -0.021243 -0.339798 -0.622191 -0.862027 -0.387952 -0.436192 -0.612359 -0.758704 -0.933990 -1.110191 -1.250576 -1.318703 -1.268752 -1.167952 -1.022091 -0.869698 -0.727224 -0.592697 -0.542591 -0.540258 -0.602079 -0.657490 -0.751396 -0.893646 
Shapelet   8  -0.652137 -0.456754 -0.210081  0.075267  0.349941  0.595007  0.779359  1.062273  1.308566  1.493231  1.521142  1.511764  1.369302  1.169007  0.977197  0.714380  0.490460 
Shapelet   9  -0.553424 -0.386046 -0.130829  0.126369  0.417038  0.701590  0.921156  1.129028  1.285165  1.445181  1.517388  1.556465  1.450844  1.271912  1.101192  0.916003  0.628392  0.353411  0.169807 -0.148754 -0.413088 -0.595106 -0.628208 -0.596154 -0.491921 -0.267230 -0.004368  0.255039  0.546812  0.809476  1.098304  1.375777  1.516822  1.536360  1.411768  1.447446  1.505778  1.476329  1.507194  1.603753  1.490204  1.213977  0.998630  0.687205  0.403616  0.071549 -0.176985 -0.449560 -0.519020 -0.750054 -0.759115 -0.832370 -0.926324 -1.039760 -1.116243 -1.194447 -1.259779 -1.239589 -1.210865 -1.161830 -1.069379 -0.998531 -0.910354 -0.801448 -0.719076 -0.742324 -0.816343 -0.926098 -0.985845 -1.107974 -1.190681 -1.268724 -1.248959 -1.213957 -1.091211 -0.985137 -0.882632 -0.806602 
Shapelet  10   1.127568  0.793830  0.544146  0.224114 -0.097354 -0.370669 -0.644381 -0.838315 -0.400806 -0.530058 -0.665534 -0.826624 -0.990619 -1.178461 -1.344867 -1.396257 -1.292635 -1.140149 -0.967732 -0.788213 -0.656171 -0.534814 -0.489583 -0.520232 -0.546918 -0.660002 -0.830521 -0.997489 -1.149347 -1.310387 -1.406908 -1.331855 
Shapelet  16   0.714380  0.490460  0.232823 -0.054244 -0.319026 -0.571952 -0.720264 -0.729776 -0.676297 -0.476203 -0.222786  0.044653  0.330738 
Shapelet  19   1.566915  1.745019  1.723073  1.443043  1.156050  0.876232  0.545345  0.264113 -0.024928 -0.300146 -0.564264 -0.721351 -0.578403 -0.673300 -0.703118 -0.823508 -0.958373 -1.083511 -1.145636 -1.157834 -1.229456 
Shapelet  20   1.649065  1.434555  1.127568  0.793830  0.544146  0.224114 -0.097354 -0.370669 -0.644381 -0.838315 -0.400806 -0.530058 -0.665534 -0.826624 -0.990619 -1.178461 


; cmd = ShapeletResearch/Execs/FastShapelet UCRArchive_2018//ProximalPhalanxOutlineAgeGroup/ProximalPhalanxOutlineAgeGroup_TRAIN.tsv 3 400 81 10 1 10 10 0 1 10 UCRArchive_2018//ProximalPhalanxOutlineAgeGroup/tree.txt UCRArchive_2018//ProximalPhalanxOutlineAgeGroup/time.txt
; time =>   10.112   0.700   3.366   0.408   5.293 
