;Shapelet Tree 

;random seed:1551075520, rand()=1461316928, rand()=595147750
;command = ShapeletResearch/Execs/FastShapelet UCRArchive_2018//CricketX/CricketX_TRAIN.tsv 12 390 301 10 1 10 10 0 1 10 UCRArchive_2018//CricketX/tree.txt UCRArchive_2018//CricketX/time.txt 

;Local Class:   0  1  2  3  4  5  6  7  8  9 10 11 
;Real  Class:  12  9  1  5  6 10  4 11  7  2  3  8 

;Node ID class   obj  pos  len  dist_th 
TreeSize: 256 
NonL  1    --    112   63  215  16.9981 ==>   3  10  21  27   7   9  17   4  14   0   0  18  /  29  15  17   0  27  19  18  35  22  31  34  13 
NonL  2    --     84   81  127   8.6650 ==>   0   0   0  25   0   0   0   0   0   0   0   0  /   3  10  21   2   7   9  17   4  14   0   0  18 
NonL  3    --    138   10  287  15.9201 ==>   8   3  12   0   6   0   6   0   0  23   1   0  /  21  12   5   0  21  19  12  35  22   8  33  13 
Leaf  4     5    
NonL  5    --     37   19  265  17.8239 ==>   1   3   0   0   6   9  17   3   0   0   0  15  /   2   7  21   2   1   0   0   1  14   0   0   3 
NonL  6    --     21   74  181   6.8398 ==>   7   3  11   0   6   0   5   0   0   0   0   0  /   1   0   1   0   0   0   1   0   0  23   1   0 
NonL  7    --      0   60  198  13.5916 ==>  15   1   0   0  14  13   0   0   0   6   5   9  /   6  11   5   0   7   6  12  35  22   2  28   4 
NonL 10    --     29   26  259  13.8299 ==>   0   0   0   0   0   0  16   0   0   0   0   0  /   1   3   0   0   6   9   1   3   0   0   0  15 
NonL 11    --     33   94   91   7.4818 ==>   1   7  21   0   1   0   0   0   1   0   0   0  /   1   0   0   2   0   0   0   1  13   0   0   3 
NonL 12    --      6   74  214   7.3588 ==>   7   0   0   0   6   0   4   0   0   0   0   0  /   0   3  11   0   0   0   1   0   0   0   0   0 
NonL 13    --      4  100   27   1.0418 ==>   1   0   1   0   0   0   1   0   0   0   1   0  /   0   0   0   0   0   0   0   0   0  23   0   0 
NonL 14    --     11  154   65   3.3429 ==>   0   0   0   0   4  10   0   0   0   0   0   9  /  15   1   0   0  10   3   0   0   0   6   5   0 
NonL 15    --    125   73   73   5.2664 ==>   6  11   5   0   4   5  10  30  20   1   3   2  /   0   0   0   0   3   1   2   5   2   1  25   2 
Leaf 20     4    
NonL 21    --      3   41   71   4.0950 ==>   0   0   0   0   0   9   0   3   0   0   0  14  /   1   3   0   0   6   0   1   0   0   0   0   1 
NonL 22    --     22   39  216  12.8251 ==>   0   0  18   0   1   0   0   0   0   0   0   0  /   1   7   3   0   0   0   0   0   1   0   0   0 
NonL 23    --      9   54  165  13.4052 ==>   0   0   0   0   0   0   0   0  13   0   0   0  /   1   0   0   2   0   0   0   1   0   0   0   3 
NonL 24    --      3   92  204   6.1584 ==>   0   0   0   0   6   0   0   0   0   0   0   0  /   7   0   0   0   0   0   4   0   0   0   0   0 
NonL 25    --      2   64  203   7.8877 ==>   0   0  11   0   0   0   0   0   0   0   0   0  /   0   3   0   0   0   0   1   0   0   0   0   0 
NonL 26    --      2  156  139   5.3354 ==>   0   0   0   0   0   0   1   0   0   0   1   0  /   1   0   1   0   0   0   0   0   0   0   0   0 
Leaf 27     2    
NonL 28    --      0  112  132   6.7202 ==>   0   0   0   0   4   0   0   0   0   0   0   9  /   0   0   0   0   0  10   0   0   0   0   0   0 
NonL 29    --      0   30   22   1.3478 ==>  14   0   0   0  10   1   0   0   0   0   5   0  /   1   1   0   0   0   2   0   0   0   6   0   0 
NonL 30    --     48   54  224  13.0647 ==>   2   0   0   0   0   5  10   0   1   0   0   0  /   4  11   5   0   4   0   0  30  19   1   3   2 
NonL 31    --      1   44   10   0.6786 ==>   0   0   0   0   0   1   0   5   1   0  24   0  /   0   0   0   0   3   0   2   0   1   1   1   2 
NonL 42    --      9  137   56   3.9275 ==>   0   0   0   0   0   0   0   3   0   0   0  11  /   0   0   0   0   0   9   0   0   0   0   0   3 
NonL 43    --      1  143   75   4.5621 ==>   1   0   0   0   6   0   0   0   0   0   0   0  /   0   3   0   0   0   0   1   0   0   0   0   1 
Leaf 44     1    
NonL 45    --      4   20  268  19.2935 ==>   1   0   3   0   0   0   0   0   1   0   0   0  /   0   7   0   0   0   0   0   0   0   0   0   0 
Leaf 46     7    
NonL 47    --      1    0  295  20.7151 ==>   1   0   0   0   0   0   0   0   0   0   0   3  /   0   0   0   2   0   0   0   1   0   0   0   0 
Leaf 48     6    
NonL 49    --      0  127  170   2.8857 ==>   0   0   0   0   0   0   4   0   0   0   0   0  /   7   0   0   0   0   0   0   0   0   0   0   0 
Leaf 50     1    
NonL 51    --      2    0  269   8.6019 ==>   0   0   0   0   0   0   1   0   0   0   0   0  /   0   3   0   0   0   0   0   0   0   0   0   0 
NonL 52    --      0    0  299   9.5625 ==>   0   0   0   0   0   0   0   0   0   0   1   0  /   0   0   0   0   0   0   1   0   0   0   0   0 
NonL 53    --      0   90  127   6.0221 ==>   1   0   0   0   0   0   0   0   0   0   0   0  /   0   0   1   0   0   0   0   0   0   0   0   0 
NonL 56    --      0   13   64   3.9667 ==>   0   0   0   0   0   0   0   0   0   0   0   9  /   0   0   0   0   4   0   0   0   0   0   0   0 
Leaf 57    10    
NonL 58    --      7  106   65   6.8809 ==>  14   0   0   0  10   1   0   0   0   0   0   0  /   0   0   0   0   0   0   0   0   0   0   5   0 
NonL 59    --      3   90   80   5.4456 ==>   1   1   0   0   0   2   0   0   0   0   0   0  /   0   0   0   0   0   0   0   0   0   6   0   0 
NonL 60    --      0  171   45   1.6506 ==>   2   0   0   0   0   5   0   0   1   0   0   0  /   0   0   0   0   0   0  10   0   0   0   0   0 
NonL 61    --     39   55  218  20.3693 ==>   2  11   4   0   4   0   0  30   2   0   1   2  /   2   0   1   0   0   0   0   0  17   1   2   0 
NonL 62    --     11  123  137  11.2559 ==>   0   0   0   0   0   1   0   0   0   0  24   0  /   0   0   0   0   0   0   0   5   1   0   0   0 
NonL 63    --      7   58   86   7.2267 ==>   0   0   0   0   0   0   2   0   0   0   1   2  /   0   0   0   0   3   0   0   0   1   1   0   0 
NonL 84    --     11  191   42   2.7541 ==>   0   0   0   0   0   0   0   3   0   0   0   0  /   0   0   0   0   0   0   0   0   0   0   0  11 
NonL 85    --      2   15   32   1.5224 ==>   0   0   0   0   0   0   0   0   0   0   0   3  /   0   0   0   0   0   9   0   0   0   0   0   0 
NonL 86    --      4  163  108   4.1555 ==>   1   0   0   0   0   0   0   0   0   0   0   0  /   0   0   0   0   6   0   0   0   0   0   0   0 
NonL 87    --      1  109   57   4.9137 ==>   0   3   0   0   0   0   0   0   0   0   0   0  /   0   0   0   0   0   0   1   0   0   0   0   1 
NonL 90    --      2  161  118   6.2723 ==>   1   0   0   0   0   0   0   0   1   0   0   0  /   0   0   3   0   0   0   0   0   0   0   0   0 
Leaf 91     9    
NonL 94    --      0   42  250   8.1389 ==>   1   0   0   0   0   0   0   0   0   0   0   0  /   0   0   0   0   0   0   0   0   0   0   0   3 
NonL 95    --      2    8  289  13.1774 ==>   0   0   0   0   0   0   0   1   0   0   0   0  /   0   0   0   2   0   0   0   0   0   0   0   0 
Leaf 98     4    
Leaf 99    12    
Leaf 102     4    
Leaf 103     9    
Leaf 104     3    
Leaf 105     4    
Leaf 106    12    
Leaf 107     1    
Leaf 112     8    
Leaf 113     6    
NonL 116    --      8  118   49   2.7314 ==>  11   0   0   0   0   1   0   0   0   0   0   0  /   3   0   0   0  10   0   0   0   0   0   0   0 
Leaf 117     3    
NonL 118    --      2   66  112   8.1927 ==>   1   1   0   0   0   0   0   0   0   0   0   0  /   0   0   0   0   0   2   0   0   0   0   0   0 
Leaf 119     2    
NonL 120    --      3    8  288  13.8915 ==>   0   0   0   0   0   5   0   0   0   0   0   0  /   2   0   0   0   0   0   0   0   1   0   0   0 
Leaf 121     4    
NonL 122    --     21   83   65   4.9686 ==>   2   9   3   0   1   0   0   0   0   0   0   0  /   0   2   1   0   3   0   0  30   2   0   1   2 
NonL 123    --     22    0  299  18.2489 ==>   2   0   0   0   0   0   0   0   0   1   2   0  /   0   0   1   0   0   0   0   0  17   0   0   0 
Leaf 124     3    
NonL 125    --      3    0  297  11.7298 ==>   0   0   0   0   0   0   0   0   1   0   0   0  /   0   0   0   0   0   0   0   5   0   0   0   0 
NonL 126    --      4  166  111   9.5877 ==>   0   0   0   0   0   0   0   0   0   0   1   2  /   0   0   0   0   0   0   2   0   0   0   0   0 
NonL 127    --      3  201   94   7.4054 ==>   0   0   0   0   0   0   0   0   1   1   0   0  /   0   0   0   0   3   0   0   0   0   0   0   0 
Leaf 168    11    
Leaf 169     8    
Leaf 170     8    
Leaf 171    10    
Leaf 172    12    
Leaf 173     6    
Leaf 174     9    
Leaf 175     4    
Leaf 180    12    
Leaf 181     1    
Leaf 188    12    
Leaf 189     8    
Leaf 190    11    
Leaf 191     5    
Leaf 232    12    
Leaf 233     6    
Leaf 236    12    
Leaf 237    10    
Leaf 240    10    
Leaf 241    12    
Leaf 244     9    
Leaf 245    11    
Leaf 246    12    
Leaf 247     7    
Leaf 250     7    
Leaf 251    11    
Leaf 252     8    
Leaf 253     4    
Leaf 254     7    
Leaf 255     6    

;Shapelet id   <data>
Shapelet   1   1.587094  1.893206  1.427435  1.231974  0.147560 -0.517620 -1.013429 -1.557901 -0.977286 -0.054750  0.054525  1.912765  2.015484  2.004779  1.093991  0.487923 -0.279180 -0.987818 -1.450198 -1.649761 -0.964480  0.589197 10.564521  0.001876  1.685831  1.262110  0.901456  0.546029  0.551384  0.413668  0.303971  0.286514  0.529386  0.578501  0.691579  0.892790  0.990328  0.852765  0.851586  0.880792  1.176824  1.193993  0.947184  0.813660  0.971266  0.727742  0.940302  0.860108  0.699110  0.682330  0.769303  0.615256  0.533236  0.651151  0.709415  0.534178  0.522905  0.566052  0.382201  0.162486  0.167584  0.227874  0.078713 -0.195465 -0.268268 -0.259602 -0.394298 -0.581849 -0.765053 -0.787461 -0.646975 -0.486698 -0.659443 -0.730474 -0.639079 -0.590799 -0.587353 -0.545721 -0.408923 -0.209221 -0.270287 -0.353671 -0.385386 -0.386257 -0.406755 -0.423141 -0.400435 -0.445530 -0.541791 -0.543334 -0.560829 -0.514061 -0.505269 -0.546064 -0.563770 -0.428905 -0.411152 -0.323135 -0.344146 -0.357884 -0.169306 -0.129227 -0.179945 -0.063543 -0.137068 -0.155507 -0.087945 -0.064389 -0.099751 -0.126916 -0.189128 -0.171073 -0.186558 -0.233047 -0.262567 -0.310712 -0.263105 -0.284891 -0.323430 -0.274076 -0.370586 -0.384839 -0.322694 -0.314877 -0.296671 -0.311792 -0.277645 -0.238867 -0.228360 -0.223738 -0.235668 -0.215014 -0.208003 -0.204426 -0.119529 -0.169333 -0.099366 -0.084146 -0.192356 -0.115535 -0.128381 -0.199519 -0.191779 -0.179889 -0.287194 -0.291213 -0.265201 -0.370216 -0.407511 -0.314965 -0.324431 -0.231292 -0.236212 -0.267885 -0.260364 -0.224117 -0.326040 -0.225848 -0.263125 -0.304496 -0.301095 -0.325141 -0.280399 -0.336967 -0.337527 -0.339322 -0.338049 -0.444730 -0.444860 -0.408027 -0.444126 -0.526777 -0.442849 -0.533474 -0.534612 -0.448758 -0.426485 -0.428712 -0.441605 -0.331130 -0.299584 -0.299251 -0.324390 -0.323078 -0.324137 -0.324579 -0.331555 -0.326515 -0.320864 -0.328362 -0.319015 -0.423177 -0.328003 -0.322926 -0.418684 -0.312112 -0.313530 -0.314682 -0.320299 -0.323465 -0.314747 -0.314141 -0.313485 -0.433362 -0.433065 -0.381233 -0.313761 -0.315314 -0.319328 -0.385569 -0.381228 -0.325325 -0.320484 -0.372737 -0.314992 
Shapelet   2   1.103611  0.379201 -0.211792 -0.816389 -1.007153 -1.071600 -0.266289  0.451497  8.078921  0.858754  1.516497  1.907907  1.252714  0.857916  0.657784  0.442408  0.378681  0.543779  0.438283  0.293560  0.390234  0.220544  0.482051  0.936673  0.635207  0.363167  0.506570  0.392497  0.022323 -0.214347 -0.053744 -0.034843 -0.179429 -0.264504 -0.270573 -0.328940 -0.445031 -0.389513 -0.216355 -0.014837  0.037190  0.083265  0.027143 -0.154252 -0.007663 -0.032129 -0.341656 -0.302369 -0.284925 -0.403390 -0.380563 -0.371027 -0.378465 -0.159517 -0.104615 -0.114921 -0.237914 -0.352379 -0.341321 -0.530241 -0.600894 -0.511617 -0.502482 -0.545313 -0.296937 -0.178554 -0.166353 -0.175578 -0.197398 -0.277270 -0.247044 -0.129897 -0.102293 -0.180585 -0.330015 -0.337712 -0.334189 -0.340437 -0.325363 -0.248653 -0.250449 -0.067516  0.152503  0.216060  0.143387  0.023454 -0.170733 -0.150121 -0.057048  0.043468 -0.150415 -0.289083 -0.281038 -0.333899 -0.368012 -0.324289 -0.212444 -0.129258  0.041831  0.176746  0.022979 -0.092976 -0.185536 -0.205034 -0.258619 -0.300753 -0.226159 -0.259694 -0.284951 -0.301984 -0.194851 -0.196803 -0.281339 -0.196295 -0.138857 -0.189622 -0.113958 -0.196831 -0.184921 -0.191417 -0.281046 -0.282812 -0.200076 -0.234948 -0.255594 -0.285244 -0.331609 
Shapelet   3   0.631133  0.508496  0.427661  0.323637  0.216940  0.151036  0.038061 -0.002169 -0.080209 -0.096797 -0.124130 -0.155491 -0.188983 -0.230693 -0.262741 -0.272702 -0.261344 -0.317067 -0.342969 -0.357899 -0.388602 -0.407967 -0.361197 -0.428833 -0.446925 -0.455042 -0.374218 -0.192438 -0.000062 -0.273303 -0.073654  0.494635  0.918341  0.741373  0.584117  0.512636  0.387927  0.238209 -0.430495 -0.512705 -0.666985 -0.963858 -1.270427 -1.614622 -1.736324 -2.250283 -2.283048 -2.250890 -2.277663 -2.595394 -1.897795 -1.862515 -1.549132 -1.224586 -1.208246 -0.661305 -0.442560  0.226316  0.677581  0.393733 -0.031554 -0.148043  0.683209  0.913404 -0.161878 -3.514373 -1.061192  0.226877 -1.367960 -0.701414 -0.832041 -0.934314 -0.927923 -1.094784 -1.056848 -0.925713 -1.024968 -1.107297 -1.063314 -0.952535 -1.041533 -1.004072 -1.089321 -1.061949 -0.970983 -1.139506 -1.050856 -1.051675 -1.106711 -1.326485 -1.239677 -1.268140 -1.285257 -1.252350 -1.219054 -1.211253 -1.092887 -1.224261 -1.056319 -1.228736 -1.233471 -1.093465 -1.235915 -1.238187 -1.150316 -1.063507 -1.138492 -0.948968 -0.989788 -1.119767 -0.949267 -0.893823 -0.738316 -0.249971  0.351106 -0.000288 -0.091204 -0.047516 -0.353337 -0.574844 -0.775413 -0.851364 -1.061034 -1.578733 -1.559437 -1.563021 -1.640000 -1.739635 -1.704232 -1.514230 -1.856555 -1.923790 -1.964283 -2.036376 -2.048777 -1.714149 -1.622069 -1.463037 -1.493403 -1.404927 -0.985326 -0.785080 -0.604771 -0.438824 -0.405087 -0.267420  0.192095  0.659966  0.603789  0.586339  0.821524  0.847755  0.755277  0.702311  0.562346  0.713835  0.609369  0.795443  0.723479  0.604295  0.510038  0.400417  0.343501  0.253900  0.164211  0.086040  0.097235 -0.039375 -0.046744 -0.125009 -0.115130 -0.261980 -0.250979 -0.193274 -0.318450 -0.458688 -0.352726 -0.232678 -0.259552 -0.117046 -0.104930 -0.103408 -0.038405 -0.003288 -0.019791  0.006153  0.006695 -0.073714  0.070774  0.107232  0.191429  0.213553  0.209311  0.200802  0.289009  0.269033  0.295844  0.298949  0.275129  0.512301  0.550611  0.560355  0.548515  0.367835  0.581031  0.600230  0.672327  0.684006  0.827887  0.860027  0.889797  0.906465  0.799927  0.918944  0.826956  0.807780  0.770809  0.636445  0.854600  0.657106  0.813114  0.815098  0.817802  1.040369  1.034436  1.034444  1.047747  1.072702  1.276970  1.095034  1.299693  1.095879  1.312397  1.104982  1.093718  1.093679  1.105222  0.923526  0.910497  0.925682  1.092389  0.943243  1.116449  1.126138  1.125417  0.982665  1.211188  1.363334  1.357782  1.063441  1.203759  1.210058  1.338366  1.219325  1.234411  1.149400  1.166177  1.038626  1.043090  1.043530  1.153172  1.147095  1.162647  1.158552  1.058845  1.062422  1.147996  1.287056  1.068773  1.161148  1.157181  1.294450  1.212677  1.322900  1.170916  1.169858  1.167532  1.193948  0.793839  1.184404  1.178814  1.155609  1.128999  1.146697  1.143966  1.153732  1.359467 
Shapelet   5  -0.152515 -0.151903 -0.170151 -0.247029 -0.261715 -0.267618 -0.209585 -0.222544 -0.231805 -0.245673 -0.269753 -0.254691 -0.133883  0.098685  0.300159  0.353781  0.372192  0.565300  1.249803  1.633110  1.836214  1.905306  2.209246  2.469354  2.882733  3.041570  2.773692  2.856064  2.986511  2.801323  2.245670  2.290661  1.943684  1.615888  1.249114  0.837679  1.012161  0.903694  0.486521  0.220532 -0.202371 -0.617430 -0.799749 -0.560213 -0.356065 -0.432641 -0.942593 -1.234067 -1.312549 -1.729048 -0.947272 -0.427178 -0.541262 -0.933145  3.475846  4.403713  0.760373  0.139226  0.133100 -0.364046 -0.814896 -1.087799 -1.856283 -1.785202 -1.496697 -1.204932 -0.489721 -0.307660  1.373022  4.466984  0.801904 -0.021923  0.581234  0.032667 -0.265288 -0.679202 -1.786412 -1.895965 -1.221663 -1.638703 -1.777803 -0.827975 -2.180837  1.289872  3.292025  0.818145 -0.081183 -0.593863 -0.707118 -0.570005 -0.450281 -0.092200 -0.195673 -0.146570  0.268247  0.635387  0.936119  1.146972  1.259000  1.598608  1.680066  1.662028  2.186864  1.891569  2.067073  2.315664  2.333953  2.403443  2.250282  1.787222  1.575921  1.444437  1.113892  0.981387  0.838204  0.616820  0.353074  0.277415  0.227260  0.160417  0.097118  0.181196  0.020866 -0.153209 -0.142777 -0.273596 -0.573980 -0.667650 -0.464856  0.448304  0.744734  0.111709 -0.296170 -0.621354 -0.661017 -0.999461 -1.233208 -1.184708 -1.037208 -0.978838 -0.957336 -0.939848 -0.670075 -0.394345 -0.280112 -0.273720 -0.356654 -0.387902 -0.571109 -0.587992 -0.622168 -0.615176 -0.615717 -0.545168 -0.525920 -0.449948 -0.469825 -0.441502 -0.562221 -0.608680 -0.591681 -0.541760 -0.580556 -0.498547 -0.492516 -0.515994 -0.515295 -0.522580 -0.507493 -0.566956 -0.456843 -0.468077 -0.549707 -0.526529 -0.612369 -0.515257 -0.593775 -0.495128 -0.479569 -0.459236 -0.456439 -0.431690 -0.360126 -0.456521 -0.460552 -0.446661 -0.443445 -0.434595 -0.432718 -0.420640 -0.384420 -0.381587 -0.406841 -0.431664 -0.424303 -0.319104 -0.319804 -0.302029 -0.311994 -0.307048 -0.301190 -0.398540 -0.389616 -0.366694 -0.357108 -0.376334 -0.386600 -0.386079 -0.381073 -0.378965 -0.375090 -0.278455 -0.237972 -0.373056 -0.278403 -0.280670 -0.281698 -0.287056 -0.367900 -0.362445 -0.277896 -0.361368 -0.232751 -0.220571 -0.268672 -0.330435 -0.362217 -0.349755 -0.348270 -0.352217 -0.356859 -0.347663 -0.346750 -0.351935 -0.348254 -0.346286 -0.283173 -0.103037 -0.334631 -0.195220 -0.277737 -0.337077 -0.341289 -0.293698 -0.336137 -0.333367 -0.285243 -0.329509 -0.285727 -0.280711 -0.289270 -0.292769 -0.298705 -0.296352 -0.297169 -0.341733 -0.199972 -0.302688 -0.301449 -0.418073 -0.332081 -0.334141 -0.340830 -0.308540 -0.330273 
Shapelet   6  -0.474735 -0.383057 -0.414242 -0.557076 -0.494931 -0.541046 -0.559069 -0.501822 -0.409694 -0.237968 -0.250028 -0.320065  0.160871 -0.071085 -0.148798 -0.056388 -0.111628 -0.261408 -0.314118 -0.605601 -0.870823 -1.415257 -1.410578 -1.617101 -2.104248 -2.517209 -2.304809 -2.526363 -2.761240 -3.259364 -3.207098 -2.761126 -2.458126 -2.899950 -2.432851 -2.682996 -2.375573 -2.125830 -2.026878 -1.568583 -1.164641 -1.031904 -1.038768 -1.085835 -1.142447 -1.042671 -0.766696 -0.727664 -0.721638 -0.683738 -0.672933 -0.774148 -0.866008 -0.963912 -1.088470 -1.078327 -1.003675 -1.068431 -1.006239 -1.047416 -1.028734 -1.059728 -1.062456 -0.988120 -0.976610 -0.865965 -0.850825 -0.839118 -0.741832 -0.764293 -0.731634 -0.687979 -0.704575 -0.647847 -0.615024 -0.577088 -0.566631 -0.573818 -0.498832 -0.503824 -0.587869 -0.447279 -0.452148 -0.512150 -0.471900 -0.445358 -0.413980 -0.372425 -0.318559 -0.208140 -0.231965 -0.217818 -0.175029 -0.178747 -0.113444 -0.060877 -0.001741 -0.088397 -0.042095  0.049327  0.066542  0.081097  0.096566  0.190063  0.195173  0.228871  0.220695  0.220368  0.222924  0.266735  0.243966  0.220649  0.125514  0.115200  0.125322  0.166783  0.168470  0.171893  0.243302  0.384219  0.294324  0.283890  0.427067  0.458546  0.540675  0.488806  0.689852  0.521821  0.622134  0.664666  0.517737  0.574317  0.472312  0.510723  0.509035  0.603914  0.744969  0.787406  0.763662  0.909881  0.958103  0.828625  0.930907  0.987232  0.925339  0.806134  0.822865  0.778050  0.841215  0.990412  1.002902  1.155398  1.173876  1.202250  1.221604  1.065425  1.048422  0.969854  1.055273  1.061230  1.077645  1.055185  1.071083  1.085247  1.096910  1.115817  1.112244  1.115860  1.123153  1.108492  0.945591  1.115026  1.122150  0.969486  0.953373  0.793704  0.807604  0.974191  0.969873  0.978205  0.976986 
Shapelet   7   0.204281 -0.026328 -0.015664  0.003397 -0.282172 -0.039692 -0.014380 -0.176362 -0.204082 -0.085210 -0.021836 -0.114948 -0.263764 -0.272496 -0.471325 -0.447166 -0.690551 -0.443043 -0.692712 -0.625230 -0.366106 -0.318679 -0.284024 -0.185665 -0.148870 -0.131113 -0.087610 -0.230066 -0.181785 -0.097712 -0.160216 -0.206222 -0.236651 -0.181734 -0.072204 -0.313300 -0.167465 -0.146123 -0.254315 -0.274281 -0.231267 -0.312123 -0.292750 -0.329808 -0.456083 -0.573018 -0.399540 -0.520369 -0.400056 -0.390507 -0.235377 -0.115220 -0.108347 -0.086119  0.032538  0.053726  0.068065  0.136442 -0.052825  0.033214 -0.159215 -0.324794 -0.283874 -0.503147 -0.440576 -0.559081 -0.622629 -0.594281 -0.452479 -0.544090 -0.465897 -0.448389 -0.383123 -0.428601 -0.401118 -0.491897 -0.562389 -0.617593 -0.626298 -0.422740 -0.594311 -0.531739 -0.537613 -0.373505 -0.355140 -0.540443 -0.284388 -0.194887 -0.052921 -0.014938  0.881298  1.482915  0.735910  2.406735  2.390436  1.489418  3.557448  3.440400  2.082685  3.527905  5.150893  3.571143  2.661242  2.625306  3.349529  3.259728  1.468198  1.882597  1.714237  1.281964  1.025886  2.252541  6.021486  2.971803  0.309334 -0.751771 -1.140292 -1.670383 -1.627407 -1.488197 -1.278952 -0.910105 -0.960957 -0.926694 -0.229156  0.127441  0.258156  0.504188  0.352397  0.012162 -0.391847 -0.520711 -0.643852 -0.696621 -0.385236 -0.205255 -0.092125  0.107513  0.226013  0.005002  0.001947 -0.126061 -0.433318 -0.299261 -0.114817 -0.177194 -0.086087 -0.003778 -0.074300 -0.017902 -0.013491 -0.338479 -0.441899 -0.273208 -0.461050 -0.467640 -0.391725 -0.184713 -0.253685 -0.247415 -0.177906 -0.167684 -0.135543 -0.184138 -0.005312 -0.181491 -0.020486 -0.229479 -0.227906 -0.222803  0.003190 -0.213353 -0.189877 -0.184331 -0.192549 -0.209042 -0.427931 -0.632818 -0.415064 -0.413028 -0.204775 -0.219045 -0.402760 -0.374639 -0.586104 -0.622373 -0.596762 -0.397280 -0.400769 -0.412642 -0.585607 -0.314067 -0.404112 -0.399291 -0.395386 -0.343867 -0.389586 -0.165504 
Shapelet  10  -0.001683  0.047409 -0.024401 -0.033432 -0.054263 -0.070861 -0.068561 -0.081889 -0.020924 -0.010045  0.066879  0.138614  0.202967  0.409909  0.735856  1.066340  1.186590  1.436100  1.846556  2.159020  2.150173  2.088456  2.512257  2.393717  2.722750  2.480982  2.444134  2.041876  1.264130  1.486473  1.399740  1.271043  0.908579  0.337840  0.036754  0.033566  0.117544  0.111816  0.206588  0.328686  0.356222  0.106184 -0.415098 -0.403176 -0.397690 -1.238848 -1.296340 -0.511658 -0.142002 -0.038077  2.589188  4.721934  0.642183  0.249866  0.419814 -0.113256 -0.388420 -1.430771 -1.923471 -1.288385 -1.403402 -0.654155 -0.273907  1.337593  7.028091  1.278419  0.592304  0.776333  0.107257 -0.359260 -0.440352 -1.401152 -1.528917 -0.997329 -1.164190 -0.839359 -2.524207  4.583826  3.517014  1.102431 -0.143937 -0.733894 -0.457077 -0.515694 -0.465656 -0.110680  0.191224  0.095955 -0.081235  0.277995  0.919040  1.065624  1.062317  0.926557  0.576917  0.988692  1.430468  2.131078  2.108755  1.857827  1.937967  1.914826  1.744118  1.671174  1.392370  1.004111  0.663063  1.064189  1.133768  0.486500  0.250048  0.091469 -0.164135 -0.237518 -0.433520 -0.522069 -0.527279 -0.554192 -0.714246 -0.652125 -0.501933 -0.353251 -0.402975 -0.459085 -0.428670 -0.404644 -0.457513 -0.592927 -0.594672 -0.667496 -0.747860 -0.721352 -0.719023 -0.672257 -0.553461 -0.509077 -0.515209 -0.410248 -0.441138 -0.423909 -0.298226 -0.526179 -0.604560 -0.577240 -0.490072 -0.418095 -0.441607 -0.501271 -0.421442 -0.382573 -0.476355 -0.512327 -0.516243 -0.498858 -0.438992 -0.422079 -0.393509 -0.481698 -0.496880 -0.436251 -0.498604 -0.489105 -0.575073 -0.451957 -0.467456 -0.469453 -0.459187 -0.561510 -0.443966 -0.525702 -0.521073 -0.502132 -0.380839 -0.385049 -0.467042 -0.506635 -0.508221 -0.419099 -0.406800 -0.400024 -0.385449 -0.406363 -0.404065 -0.369200 -0.487815 -0.527631 -0.539007 -0.566886 -0.439640 -0.465594 -0.561161 -0.678660 -0.570353 -0.545857 -0.548800 -0.428141 -0.238897 -0.366434 -0.427637 -0.440094 -0.552573 -0.443342 -0.553025 -0.592586 -0.584089 -0.541247 -0.444170 -0.539293 -0.445844 -0.389126 -0.397682 -0.450332 -0.446912 -0.449474 -0.542852 -0.554657 -0.450517 -0.434100 -0.365934 -0.391232 -0.376727 -0.449097 -0.452581 -0.541415 -0.606018 -0.675316 -0.611600 -0.450175 -0.458782 -0.533110 -0.306669 -0.452832 -0.514132 -0.515927 -0.456927 -0.464785 -0.470524 -0.517801 -0.461274 -0.462072 -0.462436 -0.515150 -0.505737 -0.617363 -0.517706 -0.478316 -0.521426 -0.519524 -0.489483 -0.332109 -0.364413 -0.481915 -0.364216 -0.362275 -0.364353 -0.527070 -0.515988 -0.516906 -0.384503 
Shapelet  11   1.436827  1.462895  1.523250  1.427730  1.433025  1.385047  1.354767  1.288261  1.358407  1.344406  1.455112  1.431521  1.416816  1.533945  1.441620  1.492294  1.565674  1.638297  1.565739  1.712305  1.798882  1.731903  2.039075  2.155776  1.866587  2.829920  2.650669  2.084231  1.438533  1.431940  1.563863  1.415318  1.027439  0.837931  0.814361  0.467059 -0.049453 -0.264531 -0.721511 -1.138851 -0.962153 -1.117490 -1.644869 -1.669362 -1.706702 -1.407375 -0.415275  0.657396  1.437066  1.019382  0.998900  1.707824  1.741942  1.368960  1.614325  1.759153  1.210822  0.725606  0.830571  0.620304  0.505812  0.354258  0.267509  0.192346  0.475199  0.797368  0.818487  0.723658  0.430558  0.138028  0.113314 -0.070140  0.013298 -0.189859 -0.336706 -0.280845 -0.095223  0.073911 -0.193427 -0.284602 -0.175206 -0.263363 -0.251775 -0.199456 -0.225091 -0.145027  0.072916 -0.065802 -0.135705 -0.230108 -0.399061 
Shapelet  12  -0.892571 -0.774039 -0.415718 -0.751835 -0.375632 -0.569046 -0.524927 -0.575166 -0.624945 -0.540533 -0.698585 -0.770492 -0.732001 -0.901578 -0.913474 -0.875266 -0.792382 -0.823545 -0.792685 -1.223818 -1.425286 -1.427074 -1.483234 -1.560767 -1.462642 -1.377136 -1.970319 -1.530125 -1.237530 -1.859545 -0.930291 -1.085036 -1.191334 -0.466981 -0.655459 -0.624534  0.062171 -0.106786  0.058027  0.192321  0.238383  0.431891  0.215213  0.285283  0.942410 -0.011016 -0.572087  0.137871 -0.335181 -0.769632 -0.726321 -0.951914 -1.145039 -1.331687 -1.273203 -1.183420 -1.141593 -0.869661 -0.106745 -1.321151 -1.710898 -1.726837 -1.735544 -1.619417 -1.765867 -1.691033 -1.616112 -1.672367 -1.543087 -1.426068 -1.458352 -1.459132 -1.353539 -1.506520 -1.548237 -1.425924 -1.334470 -1.412551 -1.324280 -1.321759 -1.412058 -1.213165 -1.118386 -1.109024 -1.077436 -1.047254 -0.827498 -0.911959 -0.786429 -0.722007 -0.620554 -0.737945 -0.867560 -0.811429 -0.785664 -0.638073 -0.557483 -0.622480 -0.584588 -0.655486 -0.737680 -0.821822 -0.807923 -0.814451 -0.883812 -0.792878 -0.792439 -0.771415 -0.660458 -0.567075 -0.794604 -0.716073 -0.509366 -0.300989 -0.069313 -0.019707  0.014592 -0.196201 -0.141808 -0.143261 -0.199427 -0.332995 -0.274043 -0.264927 -0.263018 -0.341140 -0.103619  0.086635  0.082517  0.169426  0.341433  0.574150  0.632875  0.172714  0.426119  0.798184  0.895046  0.781843  0.941569  0.952575  0.886778  0.688263  0.863054  0.812552  0.905845  0.950535  1.175138  1.487951  1.228088  0.714236  0.829097  0.904690  0.928303  0.860684  1.274081  1.485505  1.762902  1.841805  1.848429  1.591985  1.021532  0.933526  0.424815  0.440872  0.696588  0.876905  1.067816  1.074810  1.288189  1.262000  0.863791  1.071887  1.479165  1.497208  1.676975  1.706822  1.518120  1.101392  0.909034  0.923766  1.294911  1.547035  1.549309  1.372424  1.161197  0.929043  1.151875  1.163156  1.669734  1.374727  1.337813  1.192795  0.953377  1.143135  1.013177  1.347864  1.540997  1.535982  1.557922  1.550378  1.245802  0.839117  1.129567  1.139721  1.535655  1.760911  1.756516  1.468188  1.265003  0.889386  0.688050  0.897524  0.898411  0.722089 
Shapelet  13   1.283933  1.546253  1.339168  1.414251  1.411947  1.141713  0.404860  0.246878 -0.238290 -0.253975 -0.454323 -0.524841 -1.097153 -1.460188 -1.580015 -1.766017 -1.831466 -1.876510 -2.166105 -2.356304 -2.040189 -1.932449 -1.786014 -2.113204 -2.121279 -1.939657 -1.739413 
Shapelet  14   2.129091  2.603800  2.661892  2.576837  2.640699  2.913030  3.322639  3.238374  2.998709  3.112206  2.826050  2.766845  2.611339  3.274054  2.587712  1.838171  1.536661  1.584783  2.183144  1.586382  0.981891  1.102479  0.945020  0.525742  0.552838  0.598960 -0.086594 -0.183375 -0.271020 -0.375873  0.309761  0.501745  0.050170  0.369645  0.599664  0.372531 -0.798336 -1.771598 -1.601388 -1.170843 -0.774173  0.112900 -0.346138 -1.317266 -0.959860 -0.409757 -0.363129  0.086978 -0.659225 -0.837358 -0.983366 -0.873946 -0.801709 -0.746833 -0.675706 -0.828554 -0.841198 -0.779080 -0.852114 -0.974699 -0.809895 -0.818427 -0.765020 -0.867356 -0.918033 
Shapelet  15  -0.065657 -0.092928 -0.038403 -0.203238  0.197927 -0.112801  0.075238 -0.069558 -0.037543 -0.055636 -0.410659 -0.742805 -0.824843 -1.177629 -1.349620 -1.467514 -1.203787 -1.513928 -1.456971 -1.938219 -1.495947 -0.753190 -1.370730 -0.745271 -0.569644 -0.316008 -0.530036 -0.136303  0.528917  0.923037  0.945599  1.087840  1.527864  1.313567  1.040221  2.526976  2.672229  1.602706  1.826696  1.832604  1.593697  1.847092  1.708156  1.711521  1.913610  1.844186  2.014873  1.952563  1.649199  1.450445  1.548648  1.480575  1.433564  1.621838  1.653079  1.674928  1.762395  1.841927  1.678627  1.792360  1.707586  1.732578  1.752821  1.703711  1.761548  1.850511  1.838291  1.919923  1.938788  2.002994  1.872920  2.009883  2.075379 
Shapelet  21   2.658623  2.704978  2.938681  2.654207  2.587169  2.585385  2.435889  2.184114  2.502963  2.467965  1.999480  2.489730  1.945843  1.243353  1.277157  0.877093  0.612445  0.404231  0.328768  0.503525  0.543692  0.653101  0.627408  0.600885  0.474013  0.509758  0.402595  0.652932  0.647813  0.619789  0.506587  0.783471  0.739376  0.610226  0.677409  0.687349  0.526475  0.520967  0.571127  0.651632  0.612261  0.618994  0.834077  0.800364  0.855761  0.853959  0.868029  0.766657  0.736559  0.838804  0.799603  0.988500  1.003659  0.687555  0.763546  0.579990  0.387357  0.060960 -0.274416 -0.302220 -0.119510 -0.140438 -0.050820  0.234601  0.485664  0.261175  0.441587  0.628878  0.749108  0.250769  0.706342 
Shapelet  22  -0.880609 -1.069695 -1.416769 -1.780666 -2.178109 -1.500779 -1.124551 -0.740985 -0.270042 -0.039933  0.165561  0.522297  0.727470  0.752227  0.902701  0.809146  0.837615  0.856799  0.810330  1.164402  7.981738  1.264371  0.308723  1.836162  1.811240  1.723147  1.171192  1.514329  1.558285  1.327189  1.218662  1.402899  1.299799  1.194567  1.226419  1.362462  1.260568  1.283668  1.058553  1.372579  1.157031  1.147156  1.163485  1.171910  1.257859  1.223374  1.201925  1.236814  1.125819  1.142347  1.160546  1.152812  1.166553  1.337182  1.277528  1.019153  1.202564  1.163491  1.107646  1.146575  1.243550  1.101513  1.204963  1.200339  1.363595  1.377263  1.342557  1.318787  1.948281  1.752989  2.192164  2.433229  2.174611  2.205053  2.329992  1.900076  1.575889  1.892393  1.152681  1.001312  0.541947  0.236861  0.342657  0.242368  0.035753  0.079921 -0.077589 -0.359065 -0.413332 -0.310669 -0.258333 -0.116178 -0.086031 -0.203933 -0.083968  0.130804  0.106850 -0.160356 -0.267182 -0.052536  0.197482  0.281706  0.185330  0.235677  0.222552  0.241101  0.335332  0.381799  0.515154  0.302826  0.380918  0.430851  0.381993  0.674225  1.201203  1.690112  1.299089  0.442344 -0.796285 -2.008610 -1.485501 -1.005110 -0.351548  0.029876 -0.248593 -0.563435 -0.768536 -0.570045 -0.571021 -0.458058 -0.348407 -0.378040 -0.499560 -0.670126 -0.627412 -0.512244 -0.428594 -0.393088 -0.469870 -0.476928 -0.533103 -0.449339 -0.462617 -0.404614 -0.488862 -0.486845 -0.441968 -0.475509 -0.449780 -0.567623 -0.530802 -0.481438 -0.430149 -0.503971 -0.559093 -0.518177 -0.497245 -0.511179 -0.487307 -0.388106 -0.481547 -0.575168 -0.549910 -0.550413 -0.511214 -0.682539 -0.660301 -0.406399 -0.622492 -0.633308 -0.610104 -0.649243 -0.705482 -0.716311 -0.759627 -0.720671 -0.659784 -0.728030 -0.715083 -0.796356 -0.765344 -0.778874 -0.709973 -0.705361 -0.757476 -0.795573 -0.691835 -0.813934 -0.821927 -0.882535 -0.882017 -0.980734 -0.860353 -0.821763 -0.856902 -0.951364 -0.848930 -0.864325 -0.863040 -0.802180 -0.838312 -0.837324 -0.852557 -0.818221 -0.708179 -0.804937 -0.733444 -0.824778 -0.829492 -0.825511 -0.844478 -0.837050 -0.833064 -0.841335 -0.843195 -0.956038 
Shapelet  23   0.320941  0.378116  0.396856  0.202936  0.269977  0.092698 -0.004214  0.074523  0.231430  0.091023 -0.403494 -0.228552 -0.550272 -1.068849 -1.422603 -1.291413 -1.591353 -1.714710 -2.109680 -1.850897 -1.995688 -2.149052 -2.464465 -1.419031 -1.982228 -1.389692 -1.339957 -1.016807 -0.779717 -0.852404 -1.003289 -0.804539 -0.551728 -0.303847 -0.050990  0.290670  0.790380  1.488484  2.688404  3.117371  2.463872  4.565561  2.130873  1.428848  1.086171  0.595085  0.026789 -0.246702 -0.242641 -0.372134 -0.285120  0.284379  1.209146  4.218763  4.532044  3.074239  1.502273  0.865736  0.504815 -0.068507 -0.382568 -0.224885  0.425627  1.247049  2.210207  4.188266  4.346250  2.930797  1.836192  1.842595  1.851100  1.721619  1.770011  1.791336  1.088853  0.462483  0.305664 -0.025604 -0.357500 -0.496611 -0.425535 -0.853639 -1.675501 -1.850592 -2.422786 -2.864413 -2.348498 -2.304705 -2.607826 -2.279972 -1.723661 -1.441730 -1.568527 -0.962348 -0.649296 -0.645742 -0.613565 -0.460153 -0.288314 -0.190951 -0.116095 -0.294772 -0.382894 -0.311818 -0.267644  0.761475  1.526248  0.969162  0.990164  1.012618 -0.057224 -0.407976 -0.307292 -0.500965 -0.501046 -0.499768 -0.491752 -0.544433 -0.547181 -0.573757 -0.515019 -0.430441 -0.418916 -0.463933 -0.438483 -0.430508 -0.370942 -0.366669 -0.333524 -0.395703 -0.351149 -0.244142 -0.171071 -0.127724 -0.065156 -0.033030  0.073634  0.130725  0.129911  0.111404  0.182601  0.142791  0.131027  0.093669  0.115434  0.105749  0.107333 -0.004548 -0.006437 -0.033661 -0.026745 -0.013661 -0.108108 -0.231804 -0.223228 -0.241962 -0.305178 -0.087099 -0.095844 -0.287625 -0.181418 -0.031147 -0.012108 -0.020538 -0.021238 
Shapelet  24  -0.495037 -0.296330 -0.305811 -0.495567 -0.148359 -0.189078 -0.312223  0.107502  0.015688 -0.334655 -0.475352 -0.420336 -0.354734 -0.449600 -0.540184 -0.548088 -0.525693 -0.407361  0.733877 -0.075766 -0.730236 -0.871018 -0.762174 -0.901565 -1.019456 -0.988081 -0.870553 -0.777251 -0.621894 -0.548471 -0.522984 -0.589896 -0.629255 -0.634671 -0.659116 -0.635235 -0.579094 -0.575166 -0.579952 -0.549752 -0.547025 -0.524547 -0.504951 -0.496806 -0.502910 -0.456542 -0.449943 -0.400427 -0.396933 -0.385540 -0.338332 -0.348734 -0.362718 -0.361147 -0.380902 -0.384812 -0.398575 -0.380815 -0.376871 -0.378328 -0.373164 -0.375539 -0.350690 -0.300653 -0.294425 -0.289017 -0.274204 -0.319101 -0.335521 -0.361890 -0.319522 -0.264826 -0.236045 -0.237190 -0.256550 -0.275594 -0.287085 -0.267649 -0.256614 -0.274787 -0.268224 -0.220211 -0.233720 -0.204007 -0.203368 -0.211345 -0.189347 -0.177965 -0.216967 -0.229576 -0.223964 -0.203687 -0.206056 -0.216930 -0.174472 -0.173681 -0.129888 -0.110065 -0.121707 -0.120916 -0.094444 -0.066920 -0.074586 -0.072389 -0.062450 -0.054349 -0.051230 -0.037723 -0.003763  0.007286  0.005678  0.084735  0.096579  0.030098  0.040368  0.018359  0.102022  0.129143  0.145220  0.080283  0.093138  0.075828  0.088073  0.117798  0.166994  0.098829  0.061775  0.046251  0.055343  0.092196  0.147801  0.237102  0.238847  0.193782  0.123579  0.092641  0.175201  0.147954  0.256019  0.176270  0.206095  0.207485  0.241019  0.202176  0.263934  0.269705  0.255316  0.281751  0.280361  0.280488  0.284936  0.281358  0.281256  0.273300  0.285590  0.290053  0.283325  0.288420  0.294944  0.292056  0.289821  0.293472  0.293200  0.218101  0.293550  0.303509  0.301772  0.301074  0.296201  0.278461  0.294413  0.215077  0.219029  0.276893  0.224807  0.222585  0.223073  0.221674  0.303658  0.265918  0.223287  0.221963  0.220160  0.180109  0.218356  0.304858  0.302106  0.306663  0.305168  0.302199  0.302649  0.310122  0.310344  0.309945  0.309069  0.319022  0.315925  0.249412  0.229076  0.318450  0.385041  0.380560  0.300189  0.221309 
Shapelet  25  -0.383561 -0.416708 -0.457215 -0.527222 -0.495738 -0.447526 -0.518499 -0.500732 -0.493568 -0.510305 -0.573828 -0.603067 -0.617206 -0.651823 -0.632718 -0.660786 -0.681339 -0.648226 -0.659576 -0.582667 -0.538394 -0.577584 -0.619230 -0.678842 -0.694426 -0.654266 -0.702682 -0.650738 -0.627062 -0.646390 -0.624358 -0.580670 -0.406135 -0.344614 -0.207246  0.102634 -0.149401 -0.254086 -0.433725 -0.626870 -1.067064 -1.269882 -1.434762 -1.764095 -1.678922 -2.217509 -2.458801 -2.430063 -2.778500 -2.955438 -2.675074 -2.624237 -2.947314 -3.110075 -2.895888 -2.636630 -2.158235 -2.157968 -1.816415 -1.245818 -0.900831 -1.125381 -1.139639 -1.158629 -0.945725 -0.792683 -0.784727 -0.591881 -0.306803 -0.336496 -0.491438 -0.651601 -0.786192 -0.854450 -0.907481 -0.907982 -0.874227 -0.844595 -0.859122 -0.811319 -0.843324 -0.883254 -0.881278 -0.892028 -0.858516 -0.760183 -0.752328 -0.730798 -0.663027 -0.606181 -0.566373 -0.527468 -0.457671 -0.386623 -0.240512 -0.200952 -0.342405 -0.346376 -0.330302 -0.244767 -0.332436 -0.318034 -0.321813 -0.274598 -0.187667 -0.140878 -0.189768 -0.193504 -0.169841 -0.148669 -0.131167 -0.197817 -0.189416 -0.197550 -0.206458 -0.172505 -0.101190 -0.116542 -0.079754  0.046925  0.048038  0.020429  0.006450  0.000729  0.178234  0.132439  0.134047  0.137311  0.205394  0.283914  0.254041  0.141673  0.212938  0.184989  0.205070  0.332689  0.417680  0.460750  0.457474  0.521837  0.547728  0.520995  0.489843  0.638741  0.716090  0.775577  0.820339  0.850495  0.843134  0.822123  0.886910  0.911004  0.757230  0.767820  0.936449  0.927266  0.846876  0.860122  0.887804  0.917714  0.929622  0.917872  0.934149  0.959525  0.976716  0.989234  0.973023  0.975024  0.979555  0.985234  1.000885  0.979470  0.994628  1.008133  1.111126  1.037279  1.033873  1.037320  1.044274  1.030295  1.029225  1.036525  1.043317  1.054570  1.038252  1.053504  1.067292  1.059298  1.055345  1.063617  1.062151  1.085382  1.088251  1.085031  1.079417  1.078161  1.231596  0.913209  0.907635  0.914180  1.081418  1.080991  1.096458 
Shapelet  26  -1.165839 -1.159070 -1.123364 -1.096321 -1.043235 -1.003103 -0.935094 -0.899483 -0.936678 -0.913057 -0.953368 -0.787648 -0.755981 -0.659813 -0.562382 -0.483392 -0.420330 -0.343287 -0.149836 -0.225105 -0.174451 -0.255957 -0.303114 -0.368972 -0.393958 -0.466782 -0.491158 -0.481261 -0.476401 -0.589381 -0.529051 -0.540917 -0.409601 -0.370082 -0.365227 -0.266876 -0.178037 -0.061778 -0.011703 -0.028795  0.021512  0.024963  0.017701  0.078954  0.081883  0.149978  0.146412  0.113491  0.144780  0.103548  0.135548  0.254525  0.363780  0.432986  0.477703  0.524200  0.668086  0.546723  0.731106  0.631733  0.755710  0.636566  0.636678  0.707400  0.748963  0.765802  0.797389  0.964085  0.865102  0.812150  1.003768  0.915380  1.064415  1.129196  1.054687  1.057504  1.118121  1.071261  1.095802  1.119903  1.147627  1.106194  1.120193  1.146497  1.036946  0.974754  0.979431  0.954737  0.952358  1.049975  0.975176  0.990543  0.968990  1.079401  1.097131  0.996634  0.993138  1.179925  1.019372  0.783884  0.960910  0.859998  0.851690  0.850496  0.836192  1.010550  0.940898  0.903519  1.022569  1.021758  0.930630  0.979301  0.860991  0.863352  0.977779  1.200619  1.342343  1.165813  1.215841  1.337808  0.982143  0.647770  0.678561  0.691580  0.865455  1.029156  1.512969  1.367797  1.048744  1.200716  1.045261  0.876319  0.711369  0.873521  0.872419  0.845157  0.868085  0.855179  1.012569 
Shapelet  28   0.049420  0.172017  0.325419  0.222721  0.383316  0.539133  0.423138  0.426094  0.222445  0.265541  0.187837  0.319557  0.317514  0.337202  0.537449  0.585116  0.466087  0.620137  0.768869  0.729755  0.811342  0.932566  0.587320  0.672929  0.839376  0.870716  0.955250  0.867007  1.046777  1.078280  1.040092  0.940618  0.876798  0.680031  0.759374  0.608903  0.535496  0.407404  0.438236  0.343182  0.263859  0.589519  0.690480  0.670019  0.968044  1.127998  0.963832  0.391074  1.264277  1.540748  1.279214  1.609631  2.327462  1.918189  1.192713  1.816376  2.357931  2.515461  2.392916  2.464027  2.607828  2.693203  2.703072  2.168736  2.373820  3.178997  2.954316  2.166657  2.806062  3.101035  2.389678  1.931926  2.004150  2.664284  2.723272  2.026529  2.022920  1.709979  1.430346  1.237239  1.174134  1.304607  0.904949  0.889594  0.497032  0.321845  0.321568  0.075914  0.023556 -0.127755 -0.132941 -0.257633 -0.066755 -0.283596 -0.543953 -0.337742 -0.471744 -0.261976  0.416369  0.745196  0.731708  0.404400 -0.468901 -0.971548 -0.835833 -1.207782 -0.966927 -0.780038 -0.716713 -0.460172 -0.454422 -0.426200 -0.691456 -0.717079 -0.945341 -1.180392 -1.229224 -0.629677 -0.413362 -0.608430 -0.674998 -0.913683 -1.176952 -0.915858 -0.919506 -0.908519 -0.763426 -0.634187 -0.891326 -0.903208 -0.965316 -0.938739 
Shapelet  29  -0.531094 -0.641698 -0.639957 -0.646303 -0.578834 -0.448713 -0.322724 -0.315464 -0.088762  0.331181  0.484760  0.252327  0.895045  1.260726  2.007955  2.073679  2.354448  2.661974  2.128411  2.099643  2.566486  1.746832 
Shapelet  30  -0.962814 -0.956139 -1.404118 -1.193330 -1.013068 -1.890058 -2.932579 -3.192958 -2.751584 -2.611981 -2.544638 -1.693902  0.355156  2.802491  0.783470 -0.899720 -2.206188 -1.396981 -1.518716 -1.982023 -2.064913 -1.792418 -1.847379 -1.094985 -2.040796  2.451898  0.099338 -1.204495 -2.120349 -1.023270 -1.587946 -1.570045 -1.345736 -1.532718 -1.506874 -1.986378  1.978467 -0.096117 -0.901204 -1.304426 -1.395048 -1.763918 -1.599085 -1.606731 -1.923828 -1.959445 -1.502210 -1.519588 -1.352704 -0.967461 -0.753377 -0.728809 -0.837454 -0.270003 -0.342187 -0.193350  0.120001  0.444652  0.268262 -0.001710  1.099118  1.707040  1.678251  1.536077  2.007434  2.324127  1.735775  1.084331  1.309611  1.969257  1.587772  1.000501  0.902397  0.803068  0.412013  0.414567  0.227512 -0.184315 -0.389378 -0.287560 -0.251522 -0.282796 -0.344626 -0.338177 -0.434638 -0.717816 -0.802749 -0.787121 -0.824143 -0.913143 -1.041958 -1.140717 -1.126442 -1.168210 -1.168363 -1.126237 -1.080845 -1.047350 -1.073878 -1.038473 -1.003929 -1.007680 -1.001006 -1.032885 -0.983435 -0.907255 -0.863543 -0.838627 -0.787320 -0.744277 -0.760574 -0.738325 -0.757012 -0.728123 -0.619557 -0.580063 -0.623048 -0.544834 -0.594163 -0.587548 -0.474580 -0.456463 -0.446456 -0.451287 -0.466753 -0.543052 -0.539236 -0.561580 -0.555118 -0.484952 -0.389502 -0.522224 -0.533612 -0.521164 -0.448031 -0.285318 -0.401926 -0.283549 -0.307851 -0.232088 -0.282573 -0.259171 -0.252876 -0.205943 -0.196637 -0.193617 -0.064207  0.061102 -0.029006  0.121283  0.150305  0.124033  0.207896  0.162255  0.325510  0.393099  0.357929  0.295621  0.125536  0.288396  0.253127  0.345756  0.339503  0.352529  0.374127  0.521831  0.615497  0.574025  0.609856  0.465030  0.521361  0.648310  0.668934  0.699982  0.567500  0.739103  0.725404  0.730801  0.596629  0.578636  0.768590  0.748724  0.767813  0.601208  0.613491  0.631793  0.627626  0.626042  0.632749  0.618617  0.614990  0.614502  0.621053  0.465022  0.609293  0.619969  0.476624  0.621875  0.464472  0.473132  0.659757  0.683089  0.687130  0.685126  0.680165  0.618544  0.603381  0.669355  0.662811  0.598688  0.681829  0.681520  0.809473  0.691482  0.690665  0.689043  0.685371  0.680031  0.787070  0.690756  0.773691  0.687015  0.758810  0.688391 
Shapelet  31  -0.238502  0.063549  0.211716  0.289683  0.706703  0.651204  1.081218  1.389599  1.842957  1.967839 
Shapelet  42   0.153508  0.175795  0.280526  0.446697  0.557283  0.512967  0.507175  0.667596  0.815864  1.040394  1.135195  1.126353  1.223355  1.297337  1.234391  1.086956  0.866364  1.224490  1.226886  1.213920  1.378738  0.659698  0.052369 -0.105908  0.367184  0.430467 -1.301880 -1.744432 -0.081144  0.282790  0.125874 -0.121381 -1.030838 -1.069129 -0.615774 -0.602351 -0.610379 -0.754152 -0.727853 -0.847122 -0.920156 -0.774114 -0.834349 -0.704381 -0.743231 -0.726284 -0.770266 -0.836158 -0.836352 -0.824970 -0.797628 -0.832995 -0.804386 -0.826128 -0.829870 -0.837294 
Shapelet  43   1.847253  1.419323  0.527973  0.576160  1.399534  1.259568  0.536408  0.276478  0.634335  0.666092  0.270098  0.059534 -0.227240 -0.438473 -0.653674 -0.718121 -0.438181 -0.529336 -0.790687 -0.923782 -0.989283 -1.129777 -1.153511 -0.948747 -1.148052 -1.141800 -0.722105 -0.466500 -0.516048 -0.774934 -1.235097 -1.334398 -1.449320 -1.477493 -1.381003 -1.363077 -1.161849 -1.102302 -1.023956 -0.986568 -0.978459 -1.155658 -1.355410 -1.348676 -1.318392 -1.295969 -1.060826 -1.056738 -1.059328 -1.011397 -0.986845 -1.013077 -1.009025 -1.127329 -1.095470 -0.922586 -0.910360 -0.847219 -1.020573 -1.026259 -1.025282 -0.994139 -0.991488 -1.050105 -0.953819 -0.919101 -0.839013 -0.948750 -0.873020 -0.771231 -0.907891 -0.781857 -0.896926 -0.898468 -0.875173 
Shapelet  45   0.520452  0.478076  0.067747  0.359803  0.317915  1.199375  1.081515  0.810254  0.944126  0.100686 -0.762401 -1.446564 -2.219515 -2.765193 -3.095276 -3.238708 -3.579736 -3.339056 -3.154420 -2.865998 -2.039753 -1.727105 -1.638393 -1.239454 -0.879919 -0.479505 -0.447860 -0.165145 -0.072118  0.142136  0.382078  0.462401  0.858235  1.392917  1.281159  2.027902  2.652041  2.713797  1.019037  0.414537  0.545337  1.180227  1.243824  1.052397  0.933237  0.622966  1.048651  1.377267  1.154655  0.731832  0.793240  0.812016  0.939637  0.872844  0.874321  1.018708  1.329218  0.761888  1.120682  0.782104  0.794457  0.696965  0.484413  0.390445 -0.003539 -0.145501 -0.111340  0.059247  0.257390  0.416127  2.653844  3.488637  1.164470  0.070513  0.073361  0.394027  0.155406 -0.158133 -0.353689 -0.297348  0.063500  1.405850  4.245962  1.936935 -0.457040 -0.756692  0.605107  1.869279  1.235253  1.193739  0.894740  0.923752  1.791863  2.324631  1.910588  1.666043  1.169138  0.399766 -0.335257 -0.794575 -1.241318 -1.843146 -2.265383 -2.799828 -2.502226 -2.339038 -2.235218 -2.717165 -3.052282 -2.343993 -1.245333 -0.811563 -0.838670 -0.499316  0.067626 -0.024072  0.531592  2.475317  1.777165  0.548875  0.530914  1.697653  1.298496  0.597483  0.241597  0.441613  1.442092  0.499443  0.038084  0.291918  0.305723  0.031871 -0.348371 -0.299336 -0.251843 -0.385609 -0.553144 -0.604751 -0.553073 -0.584688 -0.629643 -0.637744 -0.632712 -0.596667 -0.525412 -0.609375 -0.542998 -0.544539 -0.575671 -0.560218 -0.410907 -0.374722 -0.390240 -0.363300 -0.344072 -0.252512 -0.208533 -0.248597 -0.351800 -0.333771 -0.266865 -0.342418 -0.282349 -0.189124 -0.196804 -0.255503 -0.218048 -0.249722 -0.215430 -0.177353 -0.184885 -0.184984 -0.241280 -0.219256 -0.216543 -0.215547 -0.198741 -0.185861 -0.171189 -0.157740 -0.181842 -0.121350 -0.225128 -0.215346 -0.300480 -0.301335 -0.285347 -0.276242 -0.145155 -0.104919 -0.069954 -0.084466 -0.116536  0.004192  0.015947  0.021838  0.133950  0.159546  0.039962  0.052608  0.062905  0.072810  0.096393  0.114913 -0.036092 -0.046122 -0.042522 -0.033178 -0.027825 -0.022146 -0.022471 -0.144749 -0.157337 -0.017032 -0.014957 -0.018586  0.002256  0.010773  0.137807  0.026776 -0.001967  0.024023  0.037037  0.009737  0.011108  0.143025  0.008932  0.012516  0.005953 -0.088105  0.015752  0.014704 -0.078233  0.014501 -0.122650 -0.118227 -0.031858  0.092389  0.094861  0.174596  0.313957  0.312977  0.308484  0.099480  0.029714  0.030004 -0.026852 -0.027104 -0.100168  0.032602 -0.108629 -0.113127 -0.020094 -0.018542 -0.114784  0.027726 -0.015905 -0.010609  0.028481  0.033091  0.030831  0.024577  0.030232  0.005072  0.037185  0.008246  0.035509 -0.064455 
Shapelet  47  -0.389550  0.442116  0.480057  0.461654  0.345495  0.261117  0.079988  0.002304  0.114151 -0.083203 -0.171712 -0.187382 -0.306856 -0.464286 -0.627645 -0.453844 -0.043198  0.432994  0.727876  1.042121  1.858580  2.329652  2.705464  3.664016  3.721125  4.063899  4.594700  3.949213  3.174960  2.847999  2.531796  1.733539  1.130787  0.757761  0.975001  1.290245  1.044696  0.649270  0.703160  1.095206  0.535882  1.048450  0.971849  0.983700  0.889116  0.221317 -0.008645 -0.076605 -0.479089 -0.794614 -0.929827 -0.922541 -0.851561 -0.556671 -0.785330 -0.793500 -0.942161 -0.737696 -0.982170 -0.921939 -1.039052 -0.824014 -0.892315 -0.773859 -0.741560 -0.927299 -0.408227 -0.320726 -0.315714 -0.438827 -0.233215 -0.337201 -0.244612 -0.398305 -0.549034 -0.435677 -0.258937 -0.874403 -0.318501 -0.589334 -0.698484 -0.701589 -0.640180 -0.546159 -0.677229 -0.710605 -0.505007 -0.609003 -1.083915 -1.290464 -1.037084 -0.575897 -0.164884 -0.326864 -0.681546 -0.196896 -0.372637 -0.560281 -0.484488 -0.463207 -0.599224 -0.608748 -0.625132 -0.576621 -0.443598 -0.465177 -0.811741 -0.410534 -0.743379 -0.145231 -0.128856 -0.183330 -0.034022 -0.135906 -0.434290 -0.479682 -0.375701 -0.416751 -0.548853 -0.582672 -0.763190 -0.761551 -0.686207 -0.771819 -1.127666 -1.208340 -1.498667 -1.777772 -1.967206 -1.825247 -1.527800 -1.958174 -1.275869 -0.937883 -1.541320 -1.598675 -0.139818  0.562144 -0.634606 -0.123870  1.629414  0.571577  0.526879  1.456911  0.822709 -0.016570  1.168984  0.757737  0.812636  1.682290  1.504932  0.827457  1.682960  1.901512  0.797269  0.388242  0.981667  0.548119 -0.019767 -0.009877  0.219594  0.177870 -0.275595 -0.315332 -0.776446 -0.338237 -0.568161 -0.237980 -0.648592 -0.891326 -1.157189 -1.458393 -1.730365 -1.621857 -1.743785 -1.786314 -1.789429 -1.752605 -1.659937 -1.548211 -1.430974 -1.417923 -1.397264 -1.208969 -1.157738 -1.037229 -0.770509 -0.890150 -0.962070 -0.846383 -1.020813 -1.197958 -0.949823 -1.043499 -1.060253 -1.225836 -1.009878 -0.974755 -0.956339 -0.530286 -0.395014 -0.136829 -0.147066 -0.052561 -0.198549 -0.253562 -0.022347 -0.113154 -0.237057 -0.343869 -0.290726 -0.277210 -0.293634 -0.293607 -0.055753 -0.031963 -0.229791 -0.030741 -0.005644  0.138485  0.179781  0.357245  0.402561  0.300106  0.582480  0.284781  0.440226  0.626862  0.654091  0.674747  0.651270  0.766054  0.852282  0.671374  0.694859  0.463902  0.398883  0.420129  0.438465  0.159846  0.214761  0.153565 -0.073445 -0.084463  0.197319  0.157800  0.198047  0.206974  0.177891  0.187379  0.206031  0.495022  0.201803  0.507625  0.772795  0.570202  0.839763  0.544577  0.538180  0.535611  0.576875  0.521105  0.511089  0.524562  0.540221  0.539892  0.563164  0.554280  0.442962  0.361499  0.237853  0.359781  0.558268  0.552588  0.547199  0.546574  0.690870  0.549543  0.405777  0.428199  0.428914  0.424009  0.541410  0.764153  0.863280  0.568271  0.565044  0.601687  0.590285  0.588449  0.580694  0.735284  0.503612  0.494601  0.497221 
Shapelet  49  -0.822831 -0.957280 -0.700570 -0.494233 -0.585819 -0.752085 -0.768423 -0.873168 -0.734477 -0.933981 -0.962201 -0.953354 -1.030371 -1.084523 -1.191278 -1.230118 -1.379220 -1.403636 -1.407715 -1.371656 -1.373754 -1.339749 -1.298396 -1.285678 -1.354914 -1.273105 -1.122602 -1.280659 -1.309195 -1.237371 -1.223081 -1.042567 -1.074224 -1.101722 -0.919900 -0.832226 -0.795130 -0.775471 -0.809361 -0.860870 -0.755954 -0.743395 -0.672964 -0.637371 -0.575559 -0.633360 -0.573967 -0.556703 -0.445524 -0.456157 -0.414953 -0.437451 -0.408014 -0.430651 -0.379192 -0.442214 -0.327283 -0.320800 -0.406190 -0.429097 -0.394232 -0.260421 -0.274272 -0.210461 -0.204883 -0.063382  0.053091 -0.000199 -0.018954 -0.011536  0.103937  0.026198  0.048673  0.163973  0.147937  0.142451  0.232764  0.262916  0.222439  0.212681  0.380854  0.450315  0.379178  0.436784  0.538211  0.499301  0.506182  0.553868  0.720779  0.711551  0.722697  0.751242  0.806760  1.006960  1.031593  1.055092  0.928149  1.127166  0.937366  0.963976  1.002368  1.029748  1.039141  1.025473  1.015802  1.023724  1.029737  1.054004  1.021248  1.046163  1.064423  1.078770  0.962087  1.137841  1.295636  1.257206  1.174531  1.268198  1.290371  1.294464  1.180751  1.160075  1.127804  1.144541  1.132140  1.128442  1.139277  1.208850  1.170600  1.250999  1.246038  1.155972  1.154758  1.138939  1.146866  1.232768  1.240331  1.074887  1.258897  1.118762  1.172176  1.165796  1.169077  1.165158  1.092354  1.067752  1.173613  1.113937  1.170854  1.159035  1.225926  1.293117  1.175549  1.171666  1.166555  1.160380  1.333795  1.187283  1.187451  1.183597  1.207939  1.168575  1.201451  1.198700  1.145206  1.174821  1.160466  1.149003  1.151810  1.168075 
Shapelet  51   0.234181  0.222632  0.247240  0.458753  0.176650  0.113206 -0.014938  0.139877  0.028266 -0.097576 -0.209380 -0.267733 -0.394404 -0.459480 -0.553983 -0.643484 -0.609634 -0.754323 -0.830482 -0.814909 -0.839041 -0.803184 -0.836675 -0.878385 -0.910432 -0.873069 -0.779039 -0.428892  0.523288  1.057632  2.008388  2.463345  2.602435  2.679018  2.376418  2.087877  1.910849  1.627441  1.524430  1.234843  1.022896  1.083792  1.177123  0.971132  0.447266  0.123365 -0.012260 -0.007943 -0.102128 -0.180115 -0.013450  0.058445  0.066492 -0.106558 -0.511766 -0.728074 -1.031168 -1.196038 -1.247605 -1.843573 -2.220388 -2.963495 -2.765156 -2.865775 -2.955057 -1.954527 -2.057612 -1.109652  0.011899  0.421716  1.351116  1.231062 -0.637633 -1.813190 -1.708617 -1.004428 -0.497253 -1.474817 -1.515911 -0.603852  0.709232  1.414249 -0.926441 -1.416002 -1.184862 -1.294809 -0.801001 -1.091381 -1.308304 -2.205628  1.895332 -0.187117 -1.630703 -1.914955 -1.995133 -2.178758 -1.597331 -1.398205 -1.298002 -1.074942 -1.045327 -0.741154 -0.623704 -0.557032 -0.549451 -0.529107 -0.460147 -0.303069 -0.271511  0.222897  0.275519  0.199183  0.576058  0.661022  0.872056  1.026101  1.341274  1.657088  1.205274  0.315016 -0.278937  0.301190  1.082683  1.130875  0.612052  0.325838  0.943049  0.941343  0.356158  0.189084  0.269599  0.203084 -0.050104 -0.321657 -0.658616 -0.643338 -0.610600 -0.583982 -0.692768 -0.831584 -1.001977 -1.011609 -0.895364 -0.967653 -1.152899 -1.147711 -1.228634 -1.236986 -1.239140 -1.272181 -1.300572 -1.136814 -1.039212 -1.040028 -1.088787 -1.089144 -1.081772 -1.067420 -1.014208 -0.980526 -0.871432 -0.834609 -0.862104 -0.785110 -0.877382 -0.802743 -0.810215 -0.762203 -0.744136 -0.592314 -0.568160 -0.571353 -0.538422 -0.508709 -0.593132 -0.561656 -0.557983 -0.561300 -0.576806 -0.661811 -0.654552 -0.566752 -0.561908 -0.476465 -0.478074 -0.404439 -0.410990 -0.429608 -0.424095 -0.370170 -0.393293 -0.497991 -0.448754 -0.371842 -0.498348 -0.408170 -0.369504 -0.320871 -0.217367 -0.127623 -0.025932  0.111543  0.013109  0.084759  0.052243  0.021495  0.046782 -0.018818  0.058962  0.211160  0.171980  0.279820  0.172649  0.461943  0.311579  0.417246  0.406704  0.539193  0.564999  0.602305  0.637715  0.655044  0.548800  0.581674  0.587579  0.516719  0.380479  0.404922  0.419885  0.430652  0.412211  0.584306  0.616605  0.811013  0.829956  1.007145  0.848584  0.848603  1.060157  1.084178  0.871988  0.878690  0.884590  0.868954  0.867906  1.083172  0.905805  0.923359  1.085473  0.928102  0.913915  0.904242  0.723111  0.524653  0.687236  0.713342  0.506311  0.715621  0.930716  0.778961  0.556048  0.697975  0.911419  0.785121  0.932990  1.020760  0.951884  0.944490  1.041033 
Shapelet  52   0.597671  0.491154  0.511485  0.520744  0.463554  0.417671  0.294418  0.274954  0.319814  0.214329  0.144006  0.075086  0.078569 -0.078329 -0.158036 -0.205323 -0.264039 -0.252785 -0.288071 -0.354319 -0.373333 -0.392405 -0.242933  0.395723  1.253626  1.612803  1.760255  1.997374  2.143910  1.985640  1.606474  0.923792  0.573877  0.292372  0.013127 -0.296492 -0.336109 -0.576452 -0.657239 -0.812970 -0.984938 -1.256188 -1.370138 -1.569612 -2.222480 -2.622375 -2.339561 -1.987181 -2.097594 -2.402236 -2.578155 -1.954717 -1.921626 -1.841307 -1.577499 -1.269681 -0.643095 -0.480445 -0.180055  0.370444  0.672815  0.805796  0.561032  0.764311  1.731223  1.672432  2.024491  1.755379  1.367530  0.736778  0.594644  0.318768 -0.034958 -0.345315 -0.692931 -0.874196 -0.998632 -1.234839 -1.730448 -1.630148 -1.680567 -2.000368 -2.442415 -2.651101 -2.224508 -2.108861 -2.456192 -2.297600 -1.826544 -1.416331 -1.295750 -1.096205 -0.463807 -0.506724 -0.573071 -0.133616 -0.010013  0.433574  0.848059  1.202903  1.283933  1.546253  1.339168  1.414251  1.411947  1.141713  0.404860  0.246878 -0.238290 -0.253975 -0.454323 -0.524841 -1.097153 -1.460188 -1.580015 -1.766017 -1.831466 -1.876510 -2.166105 -2.356304 -2.040189 -1.932449 -1.786014 -2.113204 -2.121279 -1.939657 -1.739413 -1.595996 -1.488342 -1.157560 -0.984199 -0.877003 -0.704789 -0.869601 -0.565304 -0.238458 -0.569102 -0.139141 -0.143292  0.165660  0.003705  0.103693  0.332540  0.102500 -0.080852  0.193891  0.632241  0.477441  0.143315 -0.054087 -0.063209  0.010857  0.097116  0.069431 -0.067691 -0.037974  0.403943  0.741189  0.447659 -0.014384 -0.234791 -0.352008 -0.588822 -0.747067 -0.749592 -0.650709 -0.597581 -0.464811 -0.464739 -0.426088 -0.403445 -0.407305 -0.327239 -0.255962 -0.179010 -0.168946 -0.152218 -0.152249 -0.036253  0.044725 -0.033517 -0.101852 -0.164564 -0.166372 -0.097896 -0.189920 -0.201473 -0.199106 -0.060964 -0.032015 -0.028902 -0.085299  0.031014  0.115596  0.070917  0.061613  0.035311  0.096822  0.095449  0.131876  0.202140  0.242349  0.185541  0.240704  0.262422  0.241423  0.309898  0.298317  0.359899  0.405522  0.441428  0.467371  0.462072  0.467028  0.497727  0.517209  0.511800  0.414826  0.431154  0.492171  0.550835  0.522380  0.617907  0.642705  0.655892  0.619438  0.635256  0.682742  0.674841  0.707881  0.693088  0.694782  0.699118  0.703250  0.717200  0.698262  0.712243  0.839963  0.851252  0.747851  0.868018  0.873453  0.877217  0.861502  0.860038  0.860377  0.862032  0.870150  0.853719  0.866800  0.772249  0.743114  0.861283  0.769118  0.739615  0.757468  0.757288  0.785900  0.780603  0.779727  0.770127  0.774291  0.894211  0.850023  0.782556  0.854204  0.865601  0.790172  0.787169  0.788284  0.726101  0.720967  0.675416  0.671837  0.671626  0.718831  0.710599  0.788123  0.782823  0.791996  0.830691  0.824954  0.819919  0.799151  0.799146  0.709168  0.796849  0.812674  0.805940  0.808052  0.805843  0.786547  0.807297  0.769154  0.776615  0.779525  0.788751  0.682155  0.806335 
Shapelet  53  -0.576320 -0.396646 -0.127083 -0.430209 -0.802041 -0.424033 -0.588067 -0.636361 -0.522416 -0.366747 -0.599993 -0.395282 -0.374278 -0.173632 -0.210353 -0.353504 -0.615011 -0.329878 -0.563036 -0.113667 -0.082416 -0.203703 -0.123197  0.010677 -0.041465 -0.116858  0.029210  0.076382  0.129547  0.123238 -0.127968  0.014422 -0.138982  0.058356  0.106609  0.072040  0.218366  0.261616  0.202698  0.237359  0.417335  0.396078  0.384138  0.419653  0.137123  0.259823  0.375617  0.456851  0.428144  0.305702  0.368332  0.274758  0.190062 -0.205023 -0.811123 -1.526884 -2.242246 -2.380189 -2.582350 -2.611673 -2.734161 -2.069187 -1.748594 -1.504370 -0.569292  0.057326  0.563661  1.354711  1.088623  1.196639  2.217625  1.898772  0.545333  1.787972  1.086103  1.812191 -0.155241 -0.969444  0.334376  0.441897 -0.575889 -1.333352 -0.481038  0.394779 -0.315590 -1.636470 -1.373477 -0.593589 -0.571239 -1.392898 -1.129432 -0.901308 -0.928976 -0.973709 -0.959559 -0.525993 -0.858596 -0.633723 -0.598656 -0.609884 -0.390652  0.036328 -0.337557 -0.458474 -0.165329  0.068403  0.094570 -0.169814 -0.243720 -0.253735 -0.111773 -0.151013  0.069899  0.280576  0.429951  0.267452  0.137373  0.280595  0.559092  0.627834  0.776263  0.761325  0.783007  0.770494  0.694366  0.731100  0.857506 
Shapelet  56  -1.015232 -0.989859 -1.036469 -1.149487 -1.274569 -1.312782 -1.250893 -1.243697 -1.300359 -1.304161 -1.332013 -1.238501 -1.338592 -1.261588 -1.171378 -1.297157 -1.119357 -1.156264 -0.911812 -0.448671 -0.334537 -0.359340 -0.306240 -0.203590 -0.151691 -0.169577  0.358851  0.544718  0.410651  0.549240  0.658495  0.615568  0.488931  0.603994  0.566451  0.597615  0.407952  0.456173  0.547316  0.408995  0.440809  0.354947  0.329570  0.409805  0.367141  0.279123  0.337289  0.169205  0.177168 -0.118406 -0.017587  0.255013  0.052522  0.108759  0.283542  0.306280  0.029391  0.035288 -0.158715 -0.158791  0.061732 -0.079288  0.015951  0.074523 
Shapelet  58  -0.326864 -0.828783 -0.457946 -0.653950 -0.745291 -0.673473 -0.842458 -0.957479 -0.801616 -0.663443 -0.829049 -0.778450 -0.652998 -0.823554 -0.604390 -0.495918 -0.509699 -0.746961 -0.745080 -0.717543 -0.910726 -0.877704 -0.551676 -0.610394 -0.619276 -0.596512 -0.597851 -0.475787 -0.355805 -0.429104 -0.471961 -0.344334 -0.398827 -0.211525 -0.292780 -0.209205 -0.130048 -0.034507 -0.104573 -0.145223 -0.115732 -0.266072 -0.356859 -0.298666 -0.349512 -0.468554 -0.627900 -0.669160 -0.550412 -0.945188 -0.996575 -0.679812 -0.832201 -0.711630 -0.446826 -0.078764 -0.190962  0.115410  0.846215  0.958085  1.096095  1.938320  3.060688  2.913515  2.552109 
Shapelet  59  -0.771828 -1.030784 -1.261376 -1.286129 -0.979479 -1.078327 -1.171633 -1.094460 -0.873659 -0.816666 -0.808283 -0.415695 -0.262141 -0.014980 -0.038797 -0.309769  0.364148  0.516947 -0.604215  0.398009  0.080877  0.031445  0.046474  0.095880 -0.041485 -0.055391  0.080926  0.037355 -0.028204  0.020127 -0.133596  0.013098 -0.037697  0.091542  0.116351  0.033521  0.128763  0.107096  0.078257  0.163912  0.252572  0.275255  0.143498  0.088032  0.033641  0.144528  0.177163  0.235184  0.246844  0.258772  0.342899  0.379283  0.323274  0.299830  0.370691  0.241082  0.333052  0.385036  0.399968  0.358725  0.432708  0.467346  0.488561  0.463206  0.445204  0.494214  0.473019  0.484318  0.485556  0.485403  0.481162  0.607847  0.754447  0.758752  0.720712  0.811651  0.645766  0.884008  0.960094  1.085819 
Shapelet  60  -0.651530 -0.625184 -0.601482 -0.584146 -0.506900 -0.556539 -0.492351 -0.505796 -0.461625 -0.487914 -0.567512 -0.654231 -0.490102 -0.488962 -0.517210 -0.455142 -0.461692 -0.349602 -0.309626 -0.306714 -0.302954 -0.237191 -0.150368 -0.183314 -0.288379 -0.250267 -0.242806 -0.241244 -0.197736 -0.004559 -0.066717 -0.070069 -0.004219  0.135033  0.104297  0.247075  0.238794  0.322786  0.521462  0.573778  0.454018  0.462139  0.468899  0.510768  0.665378 
Shapelet  61  -0.153755 -0.208010 -0.203656 -0.047553 -0.006365  0.190269  0.253768  0.322714  0.432075  0.703405  0.678073  0.711358  0.886658  0.951530  0.979055  0.982268  0.859081  0.817265  0.840770  0.735533  0.693852  0.737730  0.631714  0.716781  0.609363  0.539290  0.531456  0.523297  0.504029  0.490992  0.527551  0.537227  0.541431  0.574398  0.630493  0.634205  0.715016  0.826192  0.768060  0.695447  0.832388  0.793887  0.804347  0.865112  0.953634  0.877858  0.903456  0.884085  0.972918  1.003745  0.911404  0.824179  0.926271  0.811138  0.989206  1.000252  0.967190  1.007660  1.054303  1.049156  1.069228  1.152198  1.167520  1.203238  1.200249  1.103431  1.127402  1.083010  1.137780  1.120570  1.104054  1.140187  1.155540  1.097184  1.105355  1.189673  1.202434  1.218905  1.212922  1.130293  1.189879  1.234555  1.263285  1.253306  1.208297  1.271635  1.280578  1.227811  1.251513  1.311420  1.213166  1.292355  1.332682  1.271954  1.352257  1.366057  1.394597  1.406953  1.427820  1.373019  1.377033  1.332863  1.210642  1.076132  0.892865  0.783102  0.764265  0.574429  0.310108  0.190432  0.421408  0.284518  0.101260  0.365470  0.583386  0.641268  0.850959  0.788098  1.162054  1.845830  1.815054  1.430116  2.527575  2.251710  1.988906  3.417403  2.425194  1.946648  1.713551  1.744838  1.216353  1.580423  1.385362 -0.324118 -1.269509  0.004461 -0.020206 -1.014680 -0.821220 -0.955673 -0.930657 -0.435748  1.286911  0.783239 -0.530111 -0.272981  0.619391 -0.023246 -0.530749 -0.586577 -0.461631 -0.468346 -0.608166 -0.711625 -0.769582 -0.868398 -0.930341 -0.897786 -1.054266 -1.053054 -1.021111 -0.945983 -0.962452 -0.971140 -0.986302 -0.979620 -1.029220 -0.994794 -1.031070 -1.064376 -1.068156 -1.160756 -1.119275 -1.129927 -1.134657 -1.088466 -1.089128 -1.071627 -1.152231 -1.105892 -1.064708 -1.105004 -1.140070 -1.088030 -1.065421 -1.119172 -1.131882 -1.153910 -1.074286 -1.070827 -1.100697 -1.109419 -1.115722 -1.107982 -1.161101 -1.159943 -1.152543 -1.156168 -1.140870 -1.099841 -1.170682 -1.166155 -1.156902 -1.149083 -1.150121 -1.105938 -1.113999 -1.155238 -1.107143 -1.110998 -1.151476 -1.104428 -1.113522 -1.145832 -1.155416 -1.155638 -1.158193 -1.119955 
Shapelet  62   0.668367  0.454889  0.365965  0.440683  0.344924  0.173554  0.405713  0.707067  0.705436  0.835001  0.845018  0.897152  1.080615  1.088836  1.008197  1.024901  0.687718  0.682233  0.763861  0.253649  0.017231  0.167211 -0.097236 -0.462854 -0.817657 -0.955021 -1.234649 -1.290259 -1.333543 -1.353592 -1.190980 -0.880214 -0.879490 -0.565747 -0.438885 -0.263830 -0.178618  0.434210  0.741718  0.912644  1.175998  1.372597  1.746580  1.704033  2.091824  2.610163  2.494740  2.214254  2.076998  2.249761  1.984533  1.535811  1.273031  1.600063  1.244687  0.666986  0.607725  0.356067 -0.330811 -0.336391 -0.438844 -0.929190 -1.358757 -1.186291 -1.032879 -1.155746 -1.279994 -1.248375 -1.186387 -0.913216 -0.622812 -0.446301 -0.732809 -0.724323 -0.428091 -0.359464  0.117093 -0.012976  0.511542  1.853137  2.113176  2.067119  2.805701  2.636181  3.478518  3.525974  3.137010  2.432289  2.569939  1.937403  2.173395  2.185684  1.224046  1.628744  1.223974  1.133184  1.544523  2.069126  1.571184  1.060768  0.605505  1.762763  2.389132  1.159699  0.354684 -0.198777 -0.740208 -1.100068 -1.236055 -1.421193 -0.793888 -0.643673 -0.853705 -0.919353 -0.917443 -0.457483 -0.491653 -0.785970 -1.012854 -0.819373 -0.849049 -0.899892 -1.057830 -1.131535 -1.041957 -0.908884 -0.820257 -0.954534 -0.907418 -0.823092 -0.630063 -0.764329 -0.909800 -0.905914 -0.952755 -0.858666 -0.860703 
Shapelet  63  -0.128931 -0.530635 -0.562828 -0.826021 -0.819639 -0.681131 -0.645155 -1.004895 -0.895413 -0.594066 -0.864817 -0.805970 -0.576936 -0.727366 -0.690742 -0.767868 -0.872842 -0.790327 -0.692835 -1.101157 -0.621695 -0.540195 -0.716637 -0.612728 -0.541582 -0.442701 -0.548703 -0.684581 -0.539798 -0.577661 -0.726634 -0.737962 -0.447738 -0.371043 -0.151388 -0.420714 -0.796106 -0.727334 -0.764145 -0.794605 -0.788773 -0.524421 -0.773765 -0.448534 -0.428439 -0.177869 -0.054956 -0.081144 -0.361841 -0.018929 -0.473065 -0.135125 -0.484896 -0.749424 -0.933179 -0.776018 -0.262407 -0.267366 -0.460002 -0.641427 -0.940747 -1.527537 -1.036235 -0.156600 -1.638855 -1.320880  0.375948  0.458446 -0.662972  1.065284  0.787559 -0.619455  1.189086  1.877768  0.235825  0.598313  1.364751  0.602862  0.386536  2.059790  1.413354  0.056050  1.291700  2.148995  0.722340  0.269167 
Shapelet  84  -0.904561 -0.839458 -0.882478 -0.906032 -0.895517 -0.845975 -0.852858 -0.806494 -0.816945 -0.815236 -0.855337 -0.857389 -0.937460 -0.874942 -0.915167 -0.851569 -0.943081 -0.991323 -0.968822 -0.982248 -0.984605 -0.993290 -1.046073 -1.014307 -1.068242 -1.020534 -1.056316 -1.057935 -1.014260 -1.014144 -1.014229 -1.047061 -1.047081 -1.076589 -1.189695 -1.090926 -0.982520 -0.986000 -1.039417 -1.087435 -1.087741 -1.092913 
Shapelet  85  -0.502597 -0.231820  0.311738  0.600989  1.107663  1.846221  2.727616  2.868288  3.251323  3.460753  3.441708  3.418071  3.033720  2.698483  2.126442  1.758632  1.507169  1.308874  0.916333  0.455463  0.133093 -0.155483 -0.421568 -0.504936 -0.311781 -0.426303 -0.505347 -0.572219 -0.622243 -0.608779 -0.720222 -0.717916 
Shapelet  86  -0.466718 -0.391578 -0.460791 -0.346200 -0.501779 -0.521885 -0.535523 -0.472438 -0.570068 -0.482106 -0.492014 -0.460460 -0.442114 -0.460539 -0.511009 -0.593323 -0.681574 -0.507829 -0.574396 -0.530686 -0.473526 -0.502631 -0.505604 -0.589522 -0.569317 -0.611230 -0.536789 -0.561405 -0.566225 -0.562922 -0.492524 -0.429708 -0.417721 -0.411606 -0.386587 -0.470582 -0.522680 -0.467805 -0.574852 -0.528695 -0.474239 -0.403215 -0.389983 -0.369654 -0.404905 -0.559986 -0.515513 -0.447888 -0.585204 -0.600595 -0.616779 -0.627453 -0.638172 -0.636194 -0.619764 -0.618135 -0.558747 -0.448231 -0.614557 -0.582696 -0.576880 -0.617992 -0.777944 -0.638211 -0.639170 -0.801542 -0.640061 -0.625476 -0.625537 -0.632264 -0.646041 -0.833000 -0.621977 -0.637554 -0.443961 -0.628526 -0.629945 -0.632483 -0.848861 -1.016559 -0.979708 -0.795196 -0.635170 -0.594638 -0.616276 -0.590839 -0.632026 -0.620341 -0.780524 -0.623499 -0.619950 -0.615642 -0.828547 -0.764051 -0.748778 -0.657481 -0.598141 -0.600111 -0.609714 -0.543515 -0.600222 -0.521020 -0.598064 -0.713451 -0.802510 -0.788038 -0.802864 -0.805436 
Shapelet  87   0.895712  0.916659  0.879210  0.896329  0.980356  1.048755  1.073620  1.083111  1.042653  1.077768  1.033219  0.987269  1.018080  0.976111  1.067627  1.109361  1.072435  1.140509  1.165577  1.084380  1.130705  1.241908  1.230921  1.267348  1.293725  1.140987  1.204812  1.305430  1.334477  1.445058  1.248575  1.355060  1.415492  1.360308  1.452313  1.381308  1.342487  1.518500  1.650114  1.608675  1.494963  1.620396  1.940141  1.966046  2.054994  2.297858  2.196945  1.987410  1.648242  1.340282  1.004300  0.743142  0.222929 -0.219662 -0.479823 -0.893582 -1.168396 
Shapelet  90  -0.637744 -0.632712 -0.596667 -0.525412 -0.609375 -0.542998 -0.544539 -0.575671 -0.560218 -0.410907 -0.374722 -0.390240 -0.363300 -0.344072 -0.252512 -0.208533 -0.248597 -0.351800 -0.333771 -0.266865 -0.342418 -0.282349 -0.189124 -0.196804 -0.255503 -0.218048 -0.249722 -0.215430 -0.177353 -0.184885 -0.184984 -0.241280 -0.219256 -0.216543 -0.215547 -0.198741 -0.185861 -0.171189 -0.157740 -0.181842 -0.121350 -0.225128 -0.215346 -0.300480 -0.301335 -0.285347 -0.276242 -0.145155 -0.104919 -0.069954 -0.084466 -0.116536  0.004192  0.015947  0.021838  0.133950  0.159546  0.039962  0.052608  0.062905  0.072810  0.096393  0.114913 -0.036092 -0.046122 -0.042522 -0.033178 -0.027825 -0.022146 -0.022471 -0.144749 -0.157337 -0.017032 -0.014957 -0.018586  0.002256  0.010773  0.137807  0.026776 -0.001967  0.024023  0.037037  0.009737  0.011108  0.143025  0.008932  0.012516  0.005953 -0.088105  0.015752  0.014704 -0.078233  0.014501 -0.122650 -0.118227 -0.031858  0.092389  0.094861  0.174596  0.313957  0.312977  0.308484  0.099480  0.029714  0.030004 -0.026852 -0.027104 -0.100168  0.032602 -0.108629 -0.113127 -0.020094 -0.018542 -0.114784  0.027726 -0.015905 -0.010609  0.028481 
Shapelet  94   0.971849  0.983700  0.889116  0.221317 -0.008645 -0.076605 -0.479089 -0.794614 -0.929827 -0.922541 -0.851561 -0.556671 -0.785330 -0.793500 -0.942161 -0.737696 -0.982170 -0.921939 -1.039052 -0.824014 -0.892315 -0.773859 -0.741560 -0.927299 -0.408227 -0.320726 -0.315714 -0.438827 -0.233215 -0.337201 -0.244612 -0.398305 -0.549034 -0.435677 -0.258937 -0.874403 -0.318501 -0.589334 -0.698484 -0.701589 -0.640180 -0.546159 -0.677229 -0.710605 -0.505007 -0.609003 -1.083915 -1.290464 -1.037084 -0.575897 -0.164884 -0.326864 -0.681546 -0.196896 -0.372637 -0.560281 -0.484488 -0.463207 -0.599224 -0.608748 -0.625132 -0.576621 -0.443598 -0.465177 -0.811741 -0.410534 -0.743379 -0.145231 -0.128856 -0.183330 -0.034022 -0.135906 -0.434290 -0.479682 -0.375701 -0.416751 -0.548853 -0.582672 -0.763190 -0.761551 -0.686207 -0.771819 -1.127666 -1.208340 -1.498667 -1.777772 -1.967206 -1.825247 -1.527800 -1.958174 -1.275869 -0.937883 -1.541320 -1.598675 -0.139818  0.562144 -0.634606 -0.123870  1.629414  0.571577  0.526879  1.456911  0.822709 -0.016570  1.168984  0.757737  0.812636  1.682290  1.504932  0.827457  1.682960  1.901512  0.797269  0.388242  0.981667  0.548119 -0.019767 -0.009877  0.219594  0.177870 -0.275595 -0.315332 -0.776446 -0.338237 -0.568161 -0.237980 -0.648592 -0.891326 -1.157189 -1.458393 -1.730365 -1.621857 -1.743785 -1.786314 -1.789429 -1.752605 -1.659937 -1.548211 -1.430974 -1.417923 -1.397264 -1.208969 -1.157738 -1.037229 -0.770509 -0.890150 -0.962070 -0.846383 -1.020813 -1.197958 -0.949823 -1.043499 -1.060253 -1.225836 -1.009878 -0.974755 -0.956339 -0.530286 -0.395014 -0.136829 -0.147066 -0.052561 -0.198549 -0.253562 -0.022347 -0.113154 -0.237057 -0.343869 -0.290726 -0.277210 -0.293634 -0.293607 -0.055753 -0.031963 -0.229791 -0.030741 -0.005644  0.138485  0.179781  0.357245  0.402561  0.300106  0.582480  0.284781  0.440226  0.626862  0.654091  0.674747  0.651270  0.766054  0.852282  0.671374  0.694859  0.463902  0.398883  0.420129  0.438465  0.159846  0.214761  0.153565 -0.073445 -0.084463  0.197319  0.157800  0.198047  0.206974  0.177891  0.187379  0.206031  0.495022  0.201803  0.507625  0.772795  0.570202  0.839763  0.544577  0.538180  0.535611  0.576875  0.521105  0.511089  0.524562  0.540221  0.539892  0.563164  0.554280  0.442962  0.361499  0.237853  0.359781  0.558268  0.552588  0.547199  0.546574  0.690870  0.549543  0.405777  0.428199  0.428914  0.424009  0.541410  0.764153  0.863280  0.568271  0.565044  0.601687  0.590285  0.588449  0.580694  0.735284 
Shapelet  95   0.408035  0.436244  0.313255  0.363809  0.310560  0.257649  0.208869  0.096649  0.067778  0.036085  0.066717  0.054124 -0.027014  0.019627 -0.061120 -0.065376 -0.089074 -0.074409 -0.046491  0.000115 -0.111918 -0.365650 -0.599842 -0.769212 -0.843403 -0.900204 -0.691559 -0.551978 -0.606732  0.048326  0.650303  0.550370  0.745919  1.130892  0.647010  0.377969  0.316132  0.746145  0.807207  0.686698  1.115235  1.072628  1.533376  1.548343  1.523466  1.575835  1.244776  1.381599  0.915696  0.834873  0.807196  0.780094  0.313805  0.203062 -0.010883 -0.285631 -0.548130 -0.384776 -0.451202 -0.383592 -0.264022 -0.304858 -0.340095 -0.177327 -0.063538 -0.148780 -0.084754  0.114702  0.356395  0.126281  0.207322  0.261650  0.384330  0.516575  0.576984  0.958048  1.057422  0.703867  0.445213  0.251503 -0.001298 -0.394803 -0.711799 -0.779168 -0.844735 -0.590120 -0.308737 -0.140964  0.365621  0.652914  1.328122  2.551709  2.566616  2.877962  2.820552  3.052507  2.626565  2.189162  1.701675  2.023444  1.413083  1.749555  1.674211  1.593535  1.653309  1.838000  1.576624  1.665117  1.919887  1.683564  1.736005  1.677365  1.368104  1.390721  1.379700  1.653834  1.616988  1.679150  1.558063  1.333318  1.117496  0.899860  0.458131  0.222448  0.221014  0.208355  0.328514  0.594562  0.748689  0.774974  0.630811  0.342030  0.544960  1.036649  1.194669  1.081627  1.295682  1.804353  2.597593  2.246454  1.403114  0.900614  1.297671  1.771789  1.919230  1.482627  0.866000  0.572426  0.461864  0.303725  0.415032  0.681603  0.863289  1.075399  0.470273 -1.969444 -2.527561 -2.677017 -0.950681  0.483738  1.174426 -0.517337 -1.482897 -0.576279  0.322385 -0.429783 -1.435607 -1.217517 -0.952225 -1.080514 -0.958912 -0.944620 -0.968987 -0.883201 -0.755320 -0.878834 -0.824626 -0.844288 -0.986347 -0.949367 -0.906617 -0.862114 -0.873050 -0.795617 -0.879731 -0.813871 -0.783924 -0.773768 -0.770970 -0.842147 -0.721792 -0.829030 -0.721343 -0.762124 -0.871485 -0.791242 -0.779247 -0.767151 -0.752103 -0.785723 -0.790909 -0.757347 -0.766143 -0.796029 -0.821555 -0.833768 -0.841824 -0.849913 -0.848420 -0.836021 -0.947145 -0.835843 -0.840690 -0.832092 -0.778221 -0.772157 -0.945151 -0.954664 -0.849942 -0.812305 -0.812896 -0.851338 -0.699112 -0.699042 -0.703554 -0.791841 -0.797302 -0.746043 -0.706451 -0.793536 -0.787639 -0.845641 -0.787338 -0.712409 -0.697042 -0.677900 -0.754638 -0.781988 -0.687339 -0.687987 -0.764292 -0.773399 -0.836457 -0.832688 -0.693062 -0.690080 -0.832910 -0.756968 -0.831826 -0.739579 -0.882028 -0.819703 -0.675851 -0.828437 -0.832521 -0.877646 -0.820492 -0.673588 -0.722352 -0.819622 -0.809490 -0.820001 -0.719174 -0.827183 -0.826546 -0.716710 -0.834922 -0.681692 -0.822920 -0.821589 -0.822821 -0.705709 -0.706235 -0.712489 -0.699824 -0.822108 -0.820608 -0.822978 -0.821695 -0.677827 -0.805304 -0.815475 -0.822401 -0.684898 -0.692010 -0.827711 -0.815540 -0.793481 -0.666474 
Shapelet 116   1.175150  1.107838  1.099404  1.185243  1.128286  1.233739  1.166698  1.044152  0.979653  0.932767  0.817721  0.716262  0.700680  0.762660  0.528158  0.607093  0.623909  0.685921  0.698131  0.561790  0.490416  0.731327  0.489346  0.481158  0.634665  0.615594  0.569933  0.588797  0.940177  0.917391  1.108132  1.342200  1.633784  1.606822  1.436804  1.930039  2.427272  2.779340  2.974815  2.560160  3.071623  3.123287  2.643052  2.503621  2.746355  2.505966  2.013592  1.649947  0.755137 
Shapelet 118  -0.495840 -0.418182 -0.443714 -0.511236 -0.519848 -0.524264 -0.460265 -0.464979 -0.368971 -0.206099  0.034101 -0.157568  0.065181 -0.012489  0.643316  0.750297  0.686532  0.636871  0.246187  0.040046  0.248147 -0.170365 -0.692839 -0.767972 -0.771828 -1.030784 -1.261376 -1.286129 -0.979479 -1.078327 -1.171633 -1.094460 -0.873659 -0.816666 -0.808283 -0.415695 -0.262141 -0.014980 -0.038797 -0.309769  0.364148  0.516947 -0.604215  0.398009  0.080877  0.031445  0.046474  0.095880 -0.041485 -0.055391  0.080926  0.037355 -0.028204  0.020127 -0.133596  0.013098 -0.037697  0.091542  0.116351  0.033521  0.128763  0.107096  0.078257  0.163912  0.252572  0.275255  0.143498  0.088032  0.033641  0.144528  0.177163  0.235184  0.246844  0.258772  0.342899  0.379283  0.323274  0.299830  0.370691  0.241082  0.333052  0.385036  0.399968  0.358725  0.432708  0.467346  0.488561  0.463206  0.445204  0.494214  0.473019  0.484318  0.485556  0.485403  0.481162  0.607847  0.754447  0.758752  0.720712  0.811651  0.645766  0.884008  0.960094  1.085819  1.004843  1.067029  1.086506  1.141947  1.184774  1.188447  1.220664  1.203137 
Shapelet 120   0.483069  0.196132  0.090782 -0.152662 -0.147803 -0.049517  0.463445  0.895536  1.704493  2.522889  2.862167  3.025073  3.225037  3.412681  2.821991  2.753003  2.353768  2.150204  2.055198  1.760484  1.518812  1.423337  1.255506  0.957340  0.692852  0.481411  0.218315  0.195990  0.116338 -0.006759 -0.055035 -0.153055 -0.324621 -0.155174 -0.097389 -0.153085 -0.115947 -0.334413 -0.655371 -0.723464 -0.853321 -1.054442 -0.998343 -0.931805 -0.908446 -0.903004 -0.962549 -0.768089 -0.693973 -0.691356 -0.739439 -0.705883 -0.767690 -0.832659 -0.907406 -0.923319 -0.798718 -0.876448 -0.780843 -0.650205 -0.640384 -0.789101 -0.770372 -0.810116 -0.768554 -0.791852 -0.882006 -0.781515 -0.769923 -1.037122 -0.968661 -1.039877 -1.221623 -1.342793 -1.546699 -1.793280 -1.948600 -1.931669 -1.884378 -1.754836 -1.626666 -1.488574 -1.380005 -1.209211 -0.896104 -1.074565 -0.862332 -0.356738 -0.529138 -0.219303  0.295603  0.623535  0.609986  1.089994  0.880284  1.197054  1.476625  1.032206  0.508881  1.304107  0.402170  0.197299  0.610641  0.246793 -0.279766 -0.521315 -0.479792 -0.340050 -0.191183 -0.147538 -0.060858 -0.141822 -0.642206 -0.798035 -0.997116 -1.100833 -1.236022 -1.494041 -1.648825 -1.684831 -1.692086 -1.571179 -1.519545 -1.520494 -1.556587 -1.544577 -1.570541 -1.617045 -1.598423 -1.519490 -1.506184 -1.406006 -1.331572 -1.311433 -1.224026 -1.185630 -1.208313 -1.152575 -1.113703 -1.114062 -1.083065 -1.045133 -1.031675 -1.031398 -1.083281 -1.082957 -1.094066 -1.049192 -1.042691 -1.040575 -1.060609 -0.977207 -0.927831 -0.881043 -0.816929 -0.854630 -0.825991 -0.791788 -0.838411 -0.824491 -0.740651 -0.680019 -0.665497 -0.669796 -0.762640 -0.551781 -0.507177 -0.493135 -0.444942 -0.474108 -0.583680 -0.557703 -0.618478 -0.629761 -0.628481 -0.546082 -0.543148 -0.525890 -0.585482 -0.546364 -0.443110 -0.302090 -0.297746 -0.293447 -0.157510 -0.119571 -0.245481 -0.171460 -0.128265 -0.122337  0.009335 -0.004979  0.097406  0.080703  0.077235  0.119041  0.184373  0.151505  0.174946  0.291673  0.351836  0.418490  0.358457  0.394652  0.387259  0.543561  0.567368  0.618601  0.610528  0.751854  0.793595  0.821415  0.871817  0.879006  0.910454  0.800694  0.820353  0.809853  0.831025  0.857867  0.877462  0.739692  0.709572  0.711935  0.886574  0.873838  1.034204  1.044434  0.906186  0.922460  0.935377  0.925798  0.781963  0.787818  0.793756  0.774303  0.898991  0.911452  0.963060  0.926208  0.957169  0.805028  0.820017  0.810074  0.806287  0.815649  0.813465  0.946198  0.946149  0.938365  1.004966  0.924711  0.817056  0.743285  0.652072  0.658144  0.669461  0.668924  0.760838  0.751875  0.745964  0.744896  0.838887  0.732609  0.746465  0.739099  0.846077  0.731791  0.668618  0.726961  0.717589  0.681822  0.678424  0.673062  0.835118  0.728430  0.691346  0.857416  0.854338  0.710067  0.727240  0.727306  0.866887  0.674857  0.680301  0.668946  0.502358  0.494608 
Shapelet 122   0.464750  0.387791  0.221139  0.437806  0.479722  0.543477  0.166895  0.069084  0.365269  0.815888  0.535003  0.067890  0.460702  0.337791  0.196690  0.252702  0.531993  0.344075  0.405600  0.338388  0.603781  0.628138  0.516576  0.225845  0.560573  0.275835  0.638107  0.622690  0.491474  0.689095  0.764675  0.684622  0.633406  0.771248  0.763266  0.795181  0.914475  0.793176  0.852513  0.735645  0.925467  0.893147  0.873534  0.936147  0.825484  0.715701  0.921298  1.220017  1.399960  1.303127  1.426858  1.488304  1.891291  1.564633  1.186625  1.503550  2.415915  2.351016  2.415130  2.118988  1.749080  1.581205  1.126127  0.441414 -0.502453 
Shapelet 123   0.748704  0.767888  0.791069  0.805672  0.737087  0.679324  0.525378  0.509746  0.557232  0.430466  0.355162  0.264254  0.170242  0.237520  0.544950  1.198642  1.376225  1.958865  2.096592  2.099363  2.208065  1.997741  1.523316  1.402880  1.244184  0.661524  0.285847  0.114151 -0.075463 -0.199323 -0.462502 -0.613274 -1.026572 -1.296263 -1.608134 -1.838493 -1.752292 -2.144120 -2.578843 -2.481831 -1.844580 -1.653603 -1.935773 -1.833072 -1.206374 -0.459526 -0.200971 -0.169872 -0.016141  0.356410  0.886292  0.833571  1.320603  1.778787  1.496863  2.153255  1.947894  1.353555  1.172191  1.473836  1.456218  1.128988  0.265761  0.110721  0.089171 -0.237576 -0.325965 -1.274323 -1.184154 -1.343730 -1.960339 -2.042367 -2.065768 -1.937307 -2.123421 -2.302396 -2.513148 -1.954210 -2.319310 -2.071391 -1.879300 -1.526844 -1.525123 -1.327760 -1.004416 -0.724856 -0.597112 -0.520542 -0.455110 -0.311802  0.107262  0.171069  0.625106  0.726684  0.405902  0.966860  0.767273  0.648021  0.820016  0.916276  0.477756  0.510668  0.327468 -0.054524 -0.445579 -0.662696 -0.882960 -0.987248 -1.306406 -1.848220 -1.895078 -1.671206 -1.903537 -2.152759 -2.032853 -1.876953 -1.911104 -1.916427 -1.901191 -1.901754 -1.658520 -1.776631 -1.560509 -1.505838 -1.591188 -1.599662 -1.323029 -1.353694 -1.190730 -1.095190 -0.946110 -0.645084 -0.546140 -0.767098 -0.348045  0.110201 -0.156519 -0.145770  0.247114  0.080368 -0.125794 -0.149566  0.279005  0.326956 -0.043730 -0.389593 -0.453974 -0.397786 -0.377296 -0.133252  0.145832  0.446055  0.245466 -0.135109 -0.423894 -0.492157 -0.638954 -0.780535 -0.824427 -0.804935 -0.728829 -0.642330 -0.572440 -0.544889 -0.578170 -0.555132 -0.559472 -0.474518 -0.398916 -0.356487 -0.363874 -0.347767 -0.327833 -0.263248 -0.249798 -0.222672 -0.143212 -0.142250 -0.154854 -0.135297 -0.145487 -0.099257 -0.102276 -0.028961 -0.024884 -0.106210 -0.119291 -0.069288  0.017443 -0.015017 -0.011805 -0.008625  0.050025  0.119982  0.091204  0.002319  0.032672 -0.038519 -0.116237 -0.085714 -0.023368  0.005791  0.092178  0.142001  0.162043  0.141350  0.245700  0.325870  0.389420  0.338421  0.267300  0.384190  0.390717  0.395003  0.424603  0.443254  0.528678  0.446101  0.552057  0.487625  0.600838  0.610316  0.543437  0.654964  0.694870  0.656673  0.700404  0.722578  0.652545  0.748521  0.733255  0.735003  0.739478  0.743742  0.840918  0.819131  0.833195  0.764522  0.773755  0.789768  0.786799  0.791130  0.795522  0.713193  0.727075  0.734505  0.737796  0.682162  0.668751  0.681920  0.692805  0.745335  0.804790  0.811715  0.810099  0.707810  0.709822  0.829032  0.701799  0.726905  0.940473  0.945360  0.562480  0.567266  0.703587  0.574841  0.586814  0.582238  0.708586  0.709201  0.706660  0.703373  0.715018  0.833942  0.834221  0.831868  0.825039  0.831327  0.825857  0.738189  0.734439  0.729274  0.704113  0.740331  0.719775  0.719579  0.605966  0.749322  0.741517  0.741954  0.849612  0.829700  0.834403  0.825524  0.819451  0.822453  0.831974  0.838450  0.846360 
Shapelet 125   0.360816  0.484813  0.503990  0.507493  0.452306  0.417521  0.307835  0.280678  0.214109  0.114560  0.064032  0.077352  0.012255 -0.059758 -0.134483 -0.241066 -0.305595 -0.218123 -0.203017 -0.432325 -0.834775  0.088139 -0.044797 -0.118426 -0.291645 -0.054819 -0.086076 -0.173641 -0.108017 -0.140706 -0.491498 -0.401985 -0.706839 -1.104516 -1.694489 -1.846333 -2.628252 -2.806371 -3.008658 -3.137556 -2.888596 -2.586764 -2.229214 -1.878141 -1.851895 -1.780027 -1.537765 -1.390308 -1.185034 -1.024275 -1.183415 -1.105820 -0.942822 -0.849453 -0.847289 -0.838591 -0.843449 -0.674912 -0.670318 -0.520803 -0.371584  0.022602  0.598185  1.398768  3.523962  3.348030  0.387413  0.062285  0.289191  0.185831 -0.247081 -0.551867 -0.642544 -0.761998 -1.159265 -1.251016 -1.066028 -0.724988 -0.058320  0.846202  1.863392  3.873984  0.938516  0.051070  0.207156  0.111533 -0.189759 -0.615962 -0.661662 -0.565818 -0.566462 -0.556377 -0.721666 -0.694808 -0.702624 -0.653734 -0.623703 -0.549550 -0.281057  0.581984  1.557686  3.552738  2.902366  0.292450  0.215240  0.104350 -0.250913 -0.286059 -0.290709  0.046125  0.166255  0.077242  0.213170  0.490132  0.421488  0.194976  0.124338 -0.029796 -0.415132 -0.529835 -0.681820 -0.806944 -0.999658 -1.168140 -0.801193 -0.165094  0.210098  1.531676  4.824064  4.950990  0.206604  0.073230  0.761744  0.969844  0.483379  0.331377  0.279850  0.299549  0.188756 -0.268118 -1.034096 -1.522053 -1.077978 -0.967995 -1.455636 -1.604988 -1.770629 -0.960869 -1.226727 -2.004569 -1.774591 -1.283417 -0.446737 -0.197004 -0.304479 -0.720292  0.067982  0.684227  0.187850  1.131629  2.383422  0.527855 -0.160729  0.788263  0.851896  1.574100  1.267898  0.707247  0.346515 -0.025505 -0.070067 -0.253206 -0.872214 -1.060341 -1.446203 -1.266631 -0.378407 -0.407244 -0.518511 -0.717752 -0.543268 -0.408441 -0.426985 -0.526866 -0.519857 -0.243457  0.152700  1.118602  1.786742  0.681327 -0.252169 -0.298799 -0.101317 -0.318806 -0.572018 -0.494716 -0.555871 -0.374158 -0.284838 -0.260963 -0.208124 -0.194240 -0.007557  0.138086  0.155628  0.036633  0.054193  0.013497 -0.040042  0.108096  0.244927  0.258797  0.266377  0.253667  0.278949  0.294390  0.289950  0.299199  0.314532  0.360867  0.357157  0.395255  0.419788  0.444026  0.323365  0.409118  0.387332  0.439364  0.451819  0.369059  0.360632  0.323122  0.325380  0.459725  0.470468  0.372028  0.335080  0.344798  0.403334  0.416977  0.362743  0.362957  0.503008  0.420872  0.364250  0.424099  0.432510  0.379064  0.431262  0.509510  0.454287  0.450441  0.511606  0.518031  0.456440  0.473664  0.477973  0.478165  0.531806  0.530668  0.521950  0.472495  0.519486  0.441404  0.532988  0.532769  0.637607  0.496025  0.310758  0.496999  0.495745  0.436559  0.504978  0.405389  0.402924  0.536670  0.500339  0.507215  0.399362  0.407036  0.511914  0.533535  0.533539  0.412861  0.413234  0.412563  0.411087  0.545097  0.422633  0.541879  0.553017  0.536916  0.528618  0.522449  0.521149  0.402330  0.408233 
Shapelet 126  -0.719258 -1.256294 -1.690579 -1.794554 -1.767569 -2.103452 -1.907260 -1.873446 -1.132415 -1.093251 -1.256640 -1.491607 -1.496474 -1.446886 -1.405249 -1.282482 -1.079030 -0.984657 -1.008398 -1.042136 -1.056610 -1.071159 -0.948107 -0.859990 -0.840176 -0.875195 -1.162073 -0.898924 -1.037548 -0.870555 -0.877005 -0.853743 -0.763847 -0.783742 -0.431677 -0.557146 -0.564044 -0.493042 -0.446567 -0.331654 -0.292205 -0.179655 -0.073683 -0.106858 -0.050970 -0.044686 -0.230202 -0.239010 -0.200413 -0.313943 -0.321115 -0.174037 -0.149345 -0.113446  0.139614  0.165790 -0.107679  0.273057  0.268271  0.322929  0.339450  0.372299  0.659835  0.681261  0.661232  0.664476  0.625506  0.386503  0.366837  0.340934  0.355109  0.021929  0.040884  0.062787  0.059363  0.405484  0.088359  0.447298  0.766299  0.760727  0.781011  0.497906  0.478397  0.499259  0.473725  0.464475  0.454042  0.468422  0.193325  0.499492  0.242805  0.251423  0.144657 -0.091756  0.124284  0.484663  0.473193  0.623130  0.506606  0.145239  0.166299  0.158274  0.333739  0.499051  0.510955  0.138229  0.353789  0.154207 -0.005364  0.359869  0.503459 
Shapelet 127  -2.808140 -3.219835 -3.415366 -4.242372 -2.690974 -3.195692 -2.762293 -2.595750 -2.312346 -1.897686 -0.830222 -0.417603 -0.756761 -0.102328  1.304083  0.416983 -0.005137  0.763434  0.894263  0.829050  1.285209  1.366718  0.712682  0.852886  1.636486  1.381828  0.943614  1.393981  1.322818  1.041473  1.042008  1.038576  1.101046  0.490762  0.736641  0.673916  0.490452 -0.281556  0.615224  1.271743  2.600117  4.191621  2.994210  0.828307 -0.466809 -0.981671 -0.775565 -1.148757 -1.178682 -1.170975 -0.609674 -0.621939 -0.239370  0.122927  0.699062  1.641904  0.551072 -0.397277 -0.218187 -0.027471  0.143506  0.282978  0.476990  0.207678  0.154386  0.283265  0.465346  0.358360  0.527585  0.525018  0.518661  0.520402  0.522762  0.510241  0.334484  0.150085  0.151302  0.341768  0.150340  0.037536  0.137972  0.153830  0.027773  0.344522  0.341574  0.343170  0.312923  0.406559  0.390428  0.148680  0.123785  0.143008  0.143741  0.000068 


; cmd = ShapeletResearch/Execs/FastShapelet UCRArchive_2018//CricketX/CricketX_TRAIN.tsv 12 390 301 10 1 10 10 0 1 10 UCRArchive_2018//CricketX/tree.txt UCRArchive_2018//CricketX/time.txt
; time =>  812.312  31.600 278.816  20.790 463.332 
