;Shapelet Tree 

;random seed:1551069382, rand()=551046036, rand()=660726481
;command = ShapeletResearch/Execs/FastShapelet UCRArchive_2018//Lightning7/Lightning7_TRAIN.tsv 7 70 320 10 1 10 10 0 1 10 UCRArchive_2018//Lightning7/tree.txt UCRArchive_2018//Lightning7/time.txt 

;Local Class:   0  1  2  3  4  5  6 
;Real  Class:   5  0  3  4  6  2  1 

;Node ID class   obj  pos  len  dist_th 
TreeSize: 30 
NonL  1    --     33   65  223  13.9682 ==>  19   4   0   0  10   8   2  /   0   4  12   5   0   0   6 
NonL  2    --     11  103  142   9.2735 ==>  19   4   0   0   3   0   2  /   0   0   0   0   7   8   0 
NonL  3    --      8   38  219  13.1033 ==>   0   0  12   0   0   0   0  /   0   4   0   5   0   0   6 
NonL  4    --      2  106  125   5.3121 ==>   0   4   0   0   2   0   0  /  19   0   0   0   1   0   2 
NonL  5    --     11    5  306  14.4558 ==>   0   0   0   0   7   0   0  /   0   0   0   0   0   8   0 
Leaf  6     3    
NonL  7    --     11   19  137  10.4122 ==>   0   4   0   5   0   0   0  /   0   0   0   0   0   0   6 
NonL  8    --      1   35  283  14.1586 ==>   0   0   0   0   2   0   0  /   0   4   0   0   0   0   0 
NonL  9    --     16   57  177   4.9285 ==>   0   0   0   0   0   0   2  /  19   0   0   0   1   0   0 
Leaf 10     6    
Leaf 11     2    
NonL 14    --      8    0  317  19.0901 ==>   0   4   0   0   0   0   0  /   0   0   0   5   0   0   0 
Leaf 15     1    
Leaf 16     6    
Leaf 17     0    
Leaf 18     1    
Leaf 19     5    
Leaf 28     0    
Leaf 29     4    

;Shapelet id   <data>
Shapelet   1  -0.432909 -0.452021 -0.468738 -0.519811 -0.497262 -0.460845 -0.498065 -0.490609 -0.478559 -0.459885 -0.391289 -0.482961 -0.432534 -0.511462 -0.527877 -0.525207 -0.533843 -0.434165 -0.430475 -0.491655 -0.528303 -0.484413 -0.539147 -0.534098 -0.533869 -0.524927 -0.480070 -0.477559 -0.241653 -0.406384 -0.420480 -0.455322 -0.483035 -0.530616 -0.553816 -0.505356 -0.487748 -0.480927 -0.524924 -0.523861 -0.509594 -0.518202 -0.478126 -0.538973 -0.497454 -0.433446 -0.476547 -0.497952 -0.518616 -0.539433 -0.569167 -0.419678 -0.487291 -0.556365 -0.465271 -0.582642 -0.481022 -0.567549 -0.506904 -0.506824 -0.396282 -0.439375 -0.432961 -0.437338 -0.490757 -0.556587 -0.514432 -0.444298 -0.432285 -0.533414 -0.478973 -0.419796 -0.484405 -0.510463 -0.473276 -0.473532 -0.431096 -0.508675 -0.552621 -0.429829 -0.540064 -0.462444 -0.549031 -0.483970 -0.485562 -0.515461 -0.527349 -0.486578 -0.502156 -0.491411 -0.534748 -0.575048 -0.471207 -0.474177 -0.403201 -0.372474 -0.584353 -0.591633 -0.494330 -0.423375 -0.529153 -0.514469 -0.592319 -0.473226 -0.507621 -0.523519 -0.526093 -0.538845 -0.519924 -0.580409 -0.568378 -0.444441 -0.504627 -0.499566 -0.531911 -0.508921 -0.562567 -0.562206 -0.470926 -0.513004 -0.424919 -0.557094 -0.541044 -0.475811 -0.517538 -0.557258 -0.576823 -0.498363 -0.518758 -0.537676 -0.521703 -0.469311 -0.498876 -0.495354 -0.481760 -0.454085 -0.431360 -0.523108 -0.529943 -0.440578 -0.372226 -0.524244 -0.475993 -0.427044 -0.523474 -0.463697 -0.498335 -0.219768  0.867179  1.305659  1.675219  2.008672  0.583345  0.640328  2.872824  1.756139  1.263599  1.591123  1.823244  1.756218  0.873494  0.041097  0.774064  0.184006  0.248260  0.336822  0.404845  0.949463  0.888310  1.382199  1.007379  0.366360  0.693847  0.377907  0.753566  1.657201  0.404217  0.881418  0.974663  0.446014  0.397225  0.007336 -0.088441  0.009224 -0.073170  0.075013  0.198173  0.471787  0.220431  0.243008  0.213581 -0.001956  0.148588  0.146194 -0.031869  0.641230  0.524944  0.705258  0.406354  0.397858  0.571341  0.157604  0.282566  0.412944 -0.027872  0.579583  0.246759  0.204818  0.198947  0.902313  1.126508  1.161374  1.194365  0.946080  0.706668  0.585893  1.608294  1.348658  1.668333  1.934830  1.325702  1.318216  1.176056 
Shapelet   2  -0.282064 -0.283079 -0.240824 -0.333077 -0.239944 -0.349213 -0.389114 -0.387321 -0.316053 -0.364923 -0.296876 -0.372565 -0.287524 -0.366437 -0.294339 -0.385163 -0.369284 -0.260599 -0.297390 -0.337259 -0.218585 -0.330372 -0.359304 -0.390640 -0.281483 -0.202892 -0.280257 -0.345226 -0.329335 -0.383496 -0.363507 -0.419511 -0.281701 -0.256854 -0.361638 -0.212154 -0.307515 -0.359626 -0.349897 -0.351374 -0.246278 -0.299397 -0.331284 -0.386884 -0.331180 -0.324604 -0.253789  0.189011  0.293713 -0.206174 -0.331118 -0.194208 -0.349835 -0.398898 -0.362370 -0.235518 -0.279827 -0.241521 -0.207508 -0.348467 -0.372279 -0.307919 -0.371999 -0.302571 -0.332772 -0.288851 -0.231579 -0.232327 -0.339841 -0.296101 -0.294829 -0.310810 -0.339400 -0.296521 -0.223615 -0.328610 -0.294229 -0.312385 -0.323489 -0.296639 -0.263386 -0.331836 -0.258275 -0.269465 -0.245076 -0.237840 -0.005815 -0.059019 -0.265711 -0.299407 -0.304961 -0.274103 -0.267264 -0.290579 -0.298417 -0.186786 -0.178415  0.498278  0.654093 -0.049145 -0.313071 -0.223916 -0.214443 -0.084000  0.383448  0.795179  0.360431  0.858554  0.848878  0.576270  0.730176  0.600720  0.848295  1.082724  1.810398  5.920826  7.011451  6.028369  2.282358  2.338308  1.505740  0.938262  1.375180  0.630323  0.579656  0.185489  1.205886  0.734517  1.134230  2.920938  4.581233  5.240234  4.245874  3.079994  2.249954  1.986538  1.232692  1.168236  0.656314  0.654369  0.431369  0.467235 
Shapelet   3  -0.441409 -0.441409 -0.441409 -0.441409 -0.441409 -0.441409 -0.441409 -0.441409 -0.441409 -0.441409 -0.441409 -0.441409 -0.441409 -0.441409 -0.441409 -0.441409 -0.441409 -0.441409 -0.441409 -0.441409 -0.441409 -0.441409 -0.441409 -0.389655 -0.158206  0.048101  0.081951 -0.097472  0.116810 -0.047520  0.050786  0.034536  0.020151  0.008002  0.041634  0.091183 -0.005120 -0.147233 -0.077398 -0.009376 -0.052030  0.113917 -0.004716  0.108894 -0.040612 -0.031724 -0.046062  0.029073  0.060987  0.041571  0.006076  0.031645 -0.009973  0.043591 -0.055474  0.065998  0.075358 -0.064629  0.021237  0.019776  0.049131 -0.086442 -0.015460  0.053156  0.004796  0.018643  0.074379  0.021361 -0.023269  0.038480  0.057402  0.041982 -0.007280  0.036072 -0.012670  0.027781  0.045080  0.131324 -0.134454  0.050096  0.009926  0.080174  0.049944  0.025228  0.088905  0.063290  0.065914 -0.050376 -0.008448 -0.019130  0.161688  0.109028 -0.029497  0.059716 -0.014522  0.223463 -0.034054  0.172170  0.068167  0.031247  0.054481  0.022587 -0.095900 -0.069710 -0.006706  0.046453 -0.022268  0.044978  0.063085 -0.042044 -0.064077 -0.064898  0.024951  0.084805  0.111482  0.028954  0.318397  0.053189 -0.003139  0.122788 -0.037861  0.027093  0.246597  0.138023  0.057608  0.003648  0.215497  0.041163  0.020943 -0.035628  0.006949  0.186236  0.030221  0.118974 -0.119396  0.066891 -0.054277  0.001649  0.043129 -0.104916  0.041569 -0.032864  0.022597  0.059575  0.113853  0.240313  0.196736  0.362698  0.134884  0.132467  0.061484  0.195130  0.073379  0.015868  0.041389  0.008655 -0.027910 -0.035731  0.023796  0.185213  0.146894  0.054915  0.048255  0.200752 -0.038482 -0.034620  0.172996  0.053303  0.037426  0.222437  0.177879  0.021805  0.117335  0.227848  0.296720  0.154195  0.163910  0.269585  0.285670  0.081943  0.154548 -0.025401  0.107842  0.211585  0.154019 17.413299  0.113260  0.047013  0.069712  0.025593 -0.045795  0.001422 -0.008666  0.068128  0.008523 -0.071304  0.160954 -0.041190 -0.002114  0.021954  0.066869  0.070676 -0.087401 -0.006589  0.100040  0.283214  0.017360 -0.085652  0.084031  0.163393  0.062597  0.144808  0.051972 -0.025437  0.037386  0.037499 -0.067974  0.014485 -0.136762 
Shapelet   4  -0.576919 -0.474631 -0.544290 -0.273314 -0.414243 -0.516462 -0.459543 -0.432199 -0.430691 -0.581029 -0.400493 -0.536350 -0.481447 -0.506480 -0.457628 -0.459612 -0.030834 -0.251122 -0.487049 -0.493898 -0.502171 -0.243552 -0.465656 -0.235402 -0.514096 -0.500631 -0.125069 -0.097603 -0.429581 -0.095069 -0.561498 -0.476797 -0.367569 -0.112443  0.009263 -0.516703 -0.522533 -0.208704 -0.315253 -0.310098 -0.465801 -0.546994 -0.369902 -0.564823 -0.415933 -0.526994 -0.564013 -0.287265 -0.342069 -0.280118 -0.475978 -0.559097 -0.558693 -0.491837 -0.430797 -0.268009  0.097954 -0.436902 -0.505027 -0.549293 -0.571727 -0.529969 -0.171851 -0.384823 -0.352967 -0.172507 -0.515423 -0.519422 -0.590800 -0.346493 -0.568164 -0.426635 -0.216740 -0.440427 -0.458452 -0.341981 -0.327077 -0.210592 -0.473394 -0.419488 -0.335804 -0.370949 -0.388037 -0.401160 -0.414703 -0.432266 -0.502483 -0.423089 -0.466889 -0.459492 -0.466792  0.067109 -0.492522 -0.607082 -0.494655 -0.449443 -0.379553 -0.566784 -0.542558 -0.479029 -0.497915 -0.448253 -0.523373 -0.542869 -0.318740 -0.264930 -0.402690 -0.488420 -0.558610 -0.424617 -0.323586 -0.410400 -0.224450 -0.232812  0.009377  0.814467  6.182975  2.991363  3.426464  2.659413  2.260365  4.493396  2.606577  2.403653  1.551902 
Shapelet   5  -1.220432 -1.220432 -1.220432 -1.220432 -1.220432 -1.220432 -1.220432 -1.220432 -1.220432 -1.220432 -1.220432 -1.220432 -1.220432 -1.220432 -1.220432 -1.220432 -1.220432 -1.220432 -1.220432 -1.220432 -1.220432 -1.220432 -1.220432 -1.220432 -1.220432 -1.220432 -1.220432 -1.220432 -1.220432 -1.220432 -1.220432 -1.220432 -1.220432 -1.220432 -1.220432 -1.220432 -1.220432 -1.220432 -1.220432 -1.220432 -1.220432 -1.220432 -1.220432 -1.220432 -1.220432 -1.220432 -1.220432 -1.220432 -1.220432 -1.220432 -1.220432 -1.192580 -0.974947 -1.052585 -0.811044 -0.639975 -0.592834 -0.598489 -0.554879 -0.534688 -0.578236 -0.306259 -0.332569 -0.640034 -0.435957 -0.389386 -0.387735 -0.287722 -0.617112 -0.550284 -0.347505 -0.044283 -0.455239 -0.467269  0.035551 -0.550908 -0.263637 -0.270576 -0.427092 -0.537223 -0.383358 -0.183010 -0.128339 -0.227232 -0.358216 -0.163005 -0.316944 -0.470540 -0.385187 -0.376966 -0.465926 -0.411368 -0.361988 -0.296436 -0.476103 -0.357337 -0.412385 -0.413497 -0.546433 -0.496101 -0.156216 -0.333263 -0.271866 -0.236099 -0.381016 -0.376431 -0.366715 -0.448503 -0.232388 -0.576394 -0.383743 -0.101172 -0.105263 -0.079623 -0.416280 -0.042127 -0.393516 -0.296307 -0.423631 -0.173424 -0.017144 -0.274069 -0.529651 -0.214506  0.016931 -0.006727  0.014896  0.291409 -0.200663 -0.265269 -0.368769 -0.167961 -0.539968 -0.345936 -0.159333 -0.374943  0.156733 -0.196060  0.108845 -0.203437 -0.387464 -0.140414 -0.210337 -0.167075 -0.149250 -0.263597  0.403136 -0.035258 -0.307203  0.195058  0.307393 -0.235207 -0.260206 -0.379682 -0.057080 -0.337349 -0.404463  0.294466  0.161570  0.088889 -0.148057 -0.302886 -0.290978 -0.394324 -0.055004 -0.373019 -0.202647 -0.047025  0.144982  0.180766 -0.273435 -0.390960  0.118270 -0.239356 -0.171053  0.116349  0.164054  0.011810 -0.092499  0.149665  0.126125  0.023277 -0.199337  0.326457 -0.002336  0.240760  0.086436  0.092454 -0.136851  0.195369 -0.241730 -0.015817 -0.077027  0.403944  0.031596  0.321136 -0.052198 -0.298336  0.520019  0.116005  0.066634  0.141295  0.453537  0.188424 -0.004450 -0.117455  0.235774  0.265645  0.522349  0.284237  1.415501  0.009225  0.292855  0.068587 -0.075995  0.934955  0.474999  0.628643  0.274974  0.246424  1.051467  0.694210  0.040015  0.139493  0.430966  0.908747  0.663467  0.658146  0.448381  0.922098  0.275953  0.068595  0.354427  0.474439  0.765353  0.661581  0.495421  0.563011  0.313632  1.168992  0.580491  0.563514  0.336306  0.011780  0.283823  0.758263  0.736257  0.866859  0.051131  0.822725  0.394863  0.312638  0.285060  0.637222  1.255190  1.114503  1.401615  1.165759  0.097065  0.264029  0.718353  0.321362  0.581378  0.860502  0.960195  1.084399  0.773429  1.485237  0.516586  0.750429  1.060237  0.711891  0.811745  1.075032  0.802684  0.875227  0.233075  1.796516  0.668737  2.542464  0.869002  0.664808  1.249417  1.550941  1.786044  1.033248  1.687213  0.952625  1.923606  0.511186  0.592745  2.333879  3.458614  1.851739  2.103064  1.541687  2.326689  1.616088  2.443720  2.325943  3.639256  2.398345  6.053917  4.892663  2.805958  2.798814 
Shapelet   7  -0.428633 -0.428633 -0.428633 -0.428633 -0.428633 -0.428633 -0.428633 -0.428633 -0.428633 -0.428633 -0.428633 -0.428633 -0.428633 -0.428633 -0.428633 -0.428633 -0.428633 -0.428633 -0.428633 -0.428633 -0.427946 -0.418461 -0.422378 -0.401300 -0.404293 -0.413671 -0.386519 -0.398697 -0.387602 -0.369111 -0.363638 -0.361501 -0.334964 -0.207249 -0.250859 -0.290200 -0.286389 -0.260561 -0.221829 -0.180018 -0.209819 -0.220452 -0.219127 -0.255493 -0.220920 -0.164390 -0.177767 -0.207440 -0.183810 -0.146645  0.048349  0.071922 -0.072910 -0.139419 -0.162299 -0.145341 -0.246627 -0.205069 -0.257737 -0.192062 -0.173501 -0.227168 -0.146415 -0.162708 -0.077860  0.019062 -0.042003  0.130271  0.084658 -0.015854 -0.069882 -0.047348 -0.179577 -0.087471 -0.133037 -0.171740 -0.121068  0.098023  0.038285  0.267401  0.194361  0.252422  0.568528  0.363221  0.450013  0.409270  0.396830  0.166401  0.193968  0.334927  1.166738  1.269933  1.891502  3.759047 11.512921  7.355492  3.602616  3.358709  2.471563  1.687840  1.048059  0.321333  0.357320  0.305359  0.050726  0.134638 -0.087627 -0.060537 -0.074487 -0.047103  0.135725  0.409048  0.667766  2.550573  2.592826  1.273002  1.247086  2.905948  3.959650  2.807413  1.563724  0.955945  0.770339  0.432411  0.282689 -0.033371 -0.089946 -0.132476 -0.081685  0.056042  0.340260  0.455935  0.411021  0.291227  0.172395  0.116446 -0.083932 
Shapelet   8  -0.757191 -0.757191 -0.757191 -0.757191 -0.757191 -0.757191 -0.757191 -0.757191 -0.757191 -0.757191 -0.757191 -0.757191 -0.757191 -0.757191 -0.757191 -0.757191 -0.757191 -0.757191 -0.757191 -0.757191 -0.757191 -0.757191 -0.744086 -0.724632 -0.631253 -0.617178 -0.554077 -0.410216 -0.444642 -0.518508 -0.432909 -0.452021 -0.468738 -0.519811 -0.497262 -0.460845 -0.498065 -0.490609 -0.478559 -0.459885 -0.391289 -0.482961 -0.432534 -0.511462 -0.527877 -0.525207 -0.533843 -0.434165 -0.430475 -0.491655 -0.528303 -0.484413 -0.539147 -0.534098 -0.533869 -0.524927 -0.480070 -0.477559 -0.241653 -0.406384 -0.420480 -0.455322 -0.483035 -0.530616 -0.553816 -0.505356 -0.487748 -0.480927 -0.524924 -0.523861 -0.509594 -0.518202 -0.478126 -0.538973 -0.497454 -0.433446 -0.476547 -0.497952 -0.518616 -0.539433 -0.569167 -0.419678 -0.487291 -0.556365 -0.465271 -0.582642 -0.481022 -0.567549 -0.506904 -0.506824 -0.396282 -0.439375 -0.432961 -0.437338 -0.490757 -0.556587 -0.514432 -0.444298 -0.432285 -0.533414 -0.478973 -0.419796 -0.484405 -0.510463 -0.473276 -0.473532 -0.431096 -0.508675 -0.552621 -0.429829 -0.540064 -0.462444 -0.549031 -0.483970 -0.485562 -0.515461 -0.527349 -0.486578 -0.502156 -0.491411 -0.534748 -0.575048 -0.471207 -0.474177 -0.403201 -0.372474 -0.584353 -0.591633 -0.494330 -0.423375 -0.529153 -0.514469 -0.592319 -0.473226 -0.507621 -0.523519 -0.526093 -0.538845 -0.519924 -0.580409 -0.568378 -0.444441 -0.504627 -0.499566 -0.531911 -0.508921 -0.562567 -0.562206 -0.470926 -0.513004 -0.424919 -0.557094 -0.541044 -0.475811 -0.517538 -0.557258 -0.576823 -0.498363 -0.518758 -0.537676 -0.521703 -0.469311 -0.498876 -0.495354 -0.481760 -0.454085 -0.431360 -0.523108 -0.529943 -0.440578 -0.372226 -0.524244 -0.475993 -0.427044 -0.523474 -0.463697 -0.498335 -0.219768  0.867179  1.305659  1.675219  2.008672  0.583345  0.640328  2.872824  1.756139  1.263599  1.591123  1.823244  1.756218  0.873494  0.041097  0.774064  0.184006  0.248260  0.336822  0.404845  0.949463  0.888310  1.382199  1.007379  0.366360  0.693847  0.377907  0.753566  1.657201  0.404217  0.881418  0.974663  0.446014  0.397225  0.007336 -0.088441  0.009224 -0.073170  0.075013  0.198173  0.471787  0.220431  0.243008  0.213581 -0.001956  0.148588  0.146194 -0.031869  0.641230  0.524944  0.705258  0.406354  0.397858  0.571341  0.157604  0.282566  0.412944 -0.027872  0.579583  0.246759  0.204818  0.198947  0.902313  1.126508  1.161374  1.194365  0.946080  0.706668  0.585893  1.608294  1.348658  1.668333  1.934830  1.325702  1.318216  1.176056  1.506469  1.703137  1.743835  1.697566  2.844190  2.207702  2.070263  2.683828  2.417430  2.681562  3.016090  3.026561  3.738918  3.639129  3.518150  2.781788  2.460690  2.175552  1.691529  2.235912  1.922761  3.075985  2.716268  1.797226  2.439632  2.081701  2.737559  0.260029 -0.757060 -0.757191 
Shapelet   9  -0.730073 -0.599806 -0.624423 -0.514694 -0.487380 -0.374856 -0.428744 -0.319085 -0.454554 -0.476355 -0.546757 -0.375657 -0.562276 -0.538608 -0.484088 -0.493608 -0.587449 -0.484759 -0.500350 -0.449461 -0.464058 -0.448875 -0.407311 -0.429693 -0.491152 -0.556123 -0.419099 -0.447235 -0.442097 -0.487446 -0.502463 -0.503173 -0.410700 -0.456506 -0.478165 -0.516295 -0.462787 -0.462806 -0.345861 -0.448452 -0.447842 -0.393897 -0.418724 -0.503587 -0.443189 -0.482257 -0.535625 -0.528947 -0.457243 -0.439299 -0.467707 -0.553215 -0.506915 -0.421672 -0.408975 -0.573024 -0.480648 -0.334667 -0.452316 -0.412103 -0.420593 -0.557291 -0.435656 -0.428616 -0.453975 -0.418565 -0.508683 -0.557082 -0.513951 -0.381235 -0.448128 -0.441752 -0.368353 -0.355577 -0.507856 -0.408844 -0.419424 -0.526425 -0.525092 -0.445769 -0.418828 -0.420738 -0.475883 -0.468139 -0.317060 -0.331217 -0.313194 -0.217531 -0.290023 -0.213261 -0.191897  0.115022  0.324836 -0.069309  0.111584  0.439104  0.313765  0.163287  0.093910  0.109993  0.206297  0.084541  0.115774  0.064673  0.173551  0.461745  0.289189  0.227147  0.128654  0.083603  0.249760  0.233571  0.104913  0.024214  0.257126 -0.076919 -0.020318 -0.015344 -0.000697  0.148333  0.235562 -0.030741 -0.139079  0.062380 -0.128766 -0.074483 -0.094677  0.172895  0.242413 -0.094210  0.018624  0.121500 -0.177236 -0.187707 -0.197905 -0.093247 -0.108966 -0.214990  0.047998  0.068116  0.294684 -0.133590  0.264160  0.291108  0.485759  0.548741  0.634208  0.579399  1.002347  1.195509  1.098903  1.510733  1.073676  2.484409  1.672194  1.216968  2.278238  1.938420  1.265346  1.702744  3.137125  3.783225  3.413326  3.455726  2.606222  2.730381  2.266421  3.458721  2.262554  1.958896  2.201322  3.121733  1.333990  1.698081  1.510850  1.525926  1.623457 
Shapelet  14  -0.853228 -0.853228 -0.853228 -0.853228 -0.853228 -0.853228 -0.853228 -0.853228 -0.853228 -0.853228 -0.853228 -0.853228 -0.853228 -0.853228 -0.853228 -0.853228 -0.853228 -0.853228 -0.853228 -0.853228 -0.853228 -0.853228 -0.853228 -0.853228 -0.853228 -0.853228 -0.853228 -0.853228 -0.853228 -0.853228 -0.853228 -0.853228 -0.853228 -0.853228 -0.853228 -0.853228 -0.853228 -0.853228 -0.853228 -0.853228 -0.853228 -0.853228 -0.853228 -0.853228 -0.853228 -0.853228 -0.853228 -0.852095 -0.830539 -0.810405 -0.825303 -0.799840 -0.815649 -0.819145 -0.779009 -0.783342 -0.730366 -0.721547 -0.731338 -0.704177 -0.693413 -0.727023 -0.740098 -0.721469 -0.727471 -0.727779 -0.701470 -0.685544 -0.706875 -0.697592 -0.696918 -0.705962 -0.671580 -0.668038 -0.611509 -0.642712 -0.663611 -0.697390 -0.671804 -0.659937 -0.717806 -0.715179 -0.652980 -0.655941 -0.728948 -0.655065 -0.685257 -0.694545 -0.669210 -0.681177 -0.630250 -0.643054 -0.690288 -0.657260 -0.675369 -0.717114 -0.623852 -0.614159 -0.607451 -0.574345 -0.631853 -0.642418 -0.668546 -0.690864 -0.741192 -0.672501 -0.709918 -0.721348 -0.714544 -0.680576 -0.723577 -0.726368 -0.712184 -0.652031 -0.661545 -0.673172 -0.691511  1.099008  0.364983  0.668966  2.965856  3.652988  3.096534  0.555121  0.507903  1.498487  1.520875  1.526988  1.908558  1.987694  1.393179  2.846112  4.129157  2.550963  4.200775  2.611369  2.608539  2.913682  2.240696  1.967579  1.406958  1.513974  1.972438  2.137269  2.445197  3.599905  2.398995  1.865718  1.789109  2.000428  1.670821  2.236218  1.447220  1.773481  1.386107  0.917939  1.162493  2.489791  0.906302  1.227251  1.110861  0.801020  1.160497  0.756347  1.103591  1.139527  0.932136  1.106980  0.706125  0.761610  0.922730  0.624567  1.129253  1.952278  0.952084  0.752672  1.030228  0.934618  0.957819  0.430466  0.723232  0.790020  0.290758  0.325883  0.487443  0.796728  0.201162  0.936953  0.302519  0.508476  0.504475  0.335822  0.165369  0.347255  0.724539  0.322112  0.364305  0.296183  0.101874  0.075362 -0.108410  0.351619 -0.039509  0.266635  0.463307  0.252371  0.328860  0.367534  0.163383  0.142341  0.218275 -0.165862  0.146287  0.129497  0.193981 -0.050965  0.015094 -0.054976  0.163329  0.103776  0.054330 -0.223925 -0.067039 -0.140932 -0.184040 -0.253358 -0.298835 -0.281607  0.039477 -0.094543  0.140614  0.563755  0.407716  0.019497  0.843186  0.426918 -0.101982  0.109799  0.122711  0.160865  0.020282  0.447191  0.607479  0.519795  0.569076  0.085255  0.198920 -0.097987 -0.074963 -0.297209 -0.285690 -0.199445 -0.088785 -0.113746 -0.309029 -0.098319 -0.202987 -0.294055 -0.318517 -0.254863 -0.332310 -0.331338 -0.380250 -0.353595 -0.367910 -0.279691 -0.461211 -0.258956 -0.367233 -0.254495 -0.329307 -0.441408 -0.346241 -0.417948 -0.460625 -0.299259 -0.450797 -0.506906 -0.346740 -0.449347 -0.383987 -0.417538 -0.394269 -0.303624 -0.338415 -0.386434 -0.435250 -0.346922 -0.575177 -0.431710 -0.239794 -0.506547 -0.458638 -0.456624 -0.473977 -0.388199 -0.459817 -0.384320 -0.385011 -0.364610 -0.310585 -0.485800 -0.402872 -0.394560 -0.524005 -0.523374 -0.485183 -0.579659 -0.573016 -0.707818 -0.703149 -0.737139 -0.766351 -0.818936 -0.853228 -0.853228 -0.853228 


; cmd = ShapeletResearch/Execs/FastShapelet UCRArchive_2018//Lightning7/Lightning7_TRAIN.tsv 7 70 320 10 1 10 10 0 1 10 UCRArchive_2018//Lightning7/tree.txt UCRArchive_2018//Lightning7/time.txt
; time =>   79.981   2.814  17.806   1.464  56.855 
