;Shapelet Tree 

;random seed:1551068872, rand()=103265386, rand()=541696668
;command = ShapeletResearch/Execs/FastShapelet UCRArchive_2018//MiddlePhalanxOutlineCorrect/MiddlePhalanxOutlineCorrect_TRAIN.tsv 2 600 81 10 1 10 10 0 1 10 UCRArchive_2018//MiddlePhalanxOutlineCorrect/tree.txt UCRArchive_2018//MiddlePhalanxOutlineCorrect/time.txt 

;Local Class:   0  1 
;Real  Class:   1  0 

;Node ID class   obj  pos  len  dist_th 
TreeSize: 24 
NonL  1    --     10   26   50   2.2808 ==> 383 157  /   5  55 
NonL  2    --    416    4   53   1.0474 ==> 175  19  / 208 138 
Leaf  3     0    
Leaf  4     1    
NonL  5    --     12   31   43   0.9547 ==> 127  31  /  81 107 
NonL 10    --     22    1   15   0.2461 ==>   0   6  / 127  25 
NonL 11    --     19   34   22   0.6048 ==>  24   1  /  57 106 
Leaf 20     0    
Leaf 21     1    
Leaf 22     1    
Leaf 23     0    

;Shapelet id   <data>
Shapelet   1  -0.238058  0.041658  0.352505  0.674790  0.983303  1.317462  1.535703  1.576550  1.352474  1.241895  1.206008  1.221180  1.227890  1.362978  1.556710  1.590555  1.366187  1.037280  0.733726  0.412405  0.101528 -0.192601 -0.437888 -0.659776 -0.469895 -0.566002 -0.668850 -0.495745 -0.624443 -0.783543 -0.959682 -1.181103 -1.401590 -1.605222 -1.598903 -1.388519 -1.179557 -0.957523 -0.750953 -0.543070 -0.360424 -0.356135 -0.503944 -0.677224 -0.864508 -1.099671 -1.295008 -1.519309 -1.660174 -1.446376 
Shapelet   2   0.173740  0.413922  0.655888  0.905330  1.035496  1.305886  1.439469  1.379698  1.324292  1.379698  1.478936  1.383114  1.163386  0.952387  0.720554  0.493692  0.271858  0.034010 -0.229189 -0.412219 -0.382486 -0.329622 -0.183213 -0.000050  0.214858  0.444300  0.685602  0.917094  1.148586  1.273250  1.324102  1.248772  1.275147  1.326379  1.342318  1.254085  1.237198  1.322205  1.293743  1.133596  0.895842  0.676969  0.426995  0.152981 -0.076272 -0.255602 -1.107321 -1.107321 -1.107321 -1.107321 -1.107321 -1.107321 -1.107321 
Shapelet   5   1.234454  1.461732  1.529101  1.347573  1.314715  1.202331  1.150580  1.233260  1.352319  1.466326  1.627092  1.419167  1.080118  0.759197  0.452516  0.203649 -0.082945 -0.348593 -0.538389 -0.360015 -0.544085 -0.727359 -0.941592 -1.088395 -1.299046 -1.433027 -1.497404 -1.557506 -1.428296 -1.256297 -1.043319 -0.883839 -0.732197 -0.552537 -0.402733 -0.493375 -0.613506 -0.826912 -1.039675 -1.250907 -1.436876 -1.625053 -1.513435 
Shapelet  10  -0.637329 -0.443362 -0.168595  0.127749  0.486466  0.769973  1.009964  1.266395  1.413421  1.365135  1.329074  1.399974  1.530772  1.627343  1.448565 
Shapelet  11   1.355770  1.216706  1.245120  1.310417  1.386370  1.461776  1.570241  1.506856  1.270802  0.941391  0.618674  0.291148 -0.020258 -0.316009 -0.562199 -0.729022 -0.080036 -0.223745 -0.415813 -0.575177 -0.846967 -1.059034 


; cmd = ShapeletResearch/Execs/FastShapelet UCRArchive_2018//MiddlePhalanxOutlineCorrect/MiddlePhalanxOutlineCorrect_TRAIN.tsv 2 600 81 10 1 10 10 0 1 10 UCRArchive_2018//MiddlePhalanxOutlineCorrect/tree.txt UCRArchive_2018//MiddlePhalanxOutlineCorrect/time.txt
; time =>   15.516   1.081   5.196   0.782   7.993 
