;Shapelet Tree 

;random seed:1551074719, rand()=101053066, rand()=1665491038
;command = ShapeletResearch/Execs/FastShapelet UCRArchive_2018//CricketY/CricketY_TRAIN.tsv 12 390 301 10 1 10 10 0 1 10 UCRArchive_2018//CricketY/tree.txt UCRArchive_2018//CricketY/time.txt 

;Local Class:   0  1  2  3  4  5  6  7  8  9 10 11 
;Real  Class:   2  4  3  5  1  8 10  9  7 11  6 12 

;Node ID class   obj  pos  len  dist_th 
TreeSize: 256 
NonL  1    --      8   36  222  16.2599 ==>   0  30   1   0  14  26  26   8  30  15   2   0  /  34   0  35  36  14   7   6  23   2  17  30  34 
NonL  2    --    100   91   55   3.3673 ==>   0  25   0   0  11  23  22   8   2   1   0   0  /   0   5   1   0   3   3   4   0  28  14   2   0 
NonL  3    --     37   19   56   3.1342 ==>  12   0   1  12  12   3   5  23   0   9   0   0  /  22   0  34  24   2   4   1   0   2   8  30  34 
NonL  4    --      3   38  201  10.6170 ==>   0  20   0   0   0   5  18   0   2   0   0   0  /   0   5   0   0  11  18   4   8   0   1   0   0 
NonL  5    --      3   57  223  15.3467 ==>   0   4   1   0   0   2   4   0  28   0   2   0  /   0   1   0   0   3   1   0   0   0  14   0   0 
NonL  6    --      1   81   89   3.7962 ==>   0   0   0   0  12   0   4  21   0   2   0   0  /  12   0   1  12   0   3   1   2   0   7   0   0 
NonL  7    --      3    7  233  14.3317 ==>   0   0   0  18   1   0   0   0   0   0   0   0  /  22   0  34   6   1   4   1   0   2   8  30  34 
NonL  8    --      4  101  125   5.4351 ==>   0  20   0   0   0   5   6   0   0   0   0   0  /   0   0   0   0   0   0  12   0   2   0   0   0 
NonL  9    --     19   45   72   4.7431 ==>   0   0   0   0  11   7   2   8   0   0   0   0  /   0   5   0   0   0  11   2   0   0   1   0   0 
NonL 10    --     32    6   17   2.1937 ==>   0   2   1   0   0   0   1   0  28   0   1   0  /   0   2   0   0   0   2   3   0   0   0   1   0 
NonL 11    --      0   72   16   1.2486 ==>   0   0   0   0   0   0   0   0   0  14   0   0  /   0   1   0   0   3   1   0   0   0   0   0   0 
NonL 12    --     22  150  146  10.2386 ==>   0   0   0   0  12   0   0   5   0   0   0   0  /   0   0   0   0   0   0   4  16   0   2   0   0 
NonL 13    --     20   13  131   9.4683 ==>  12   0   1   0   0   0   0   0   0   0   0   0  /   0   0   0  12   0   3   1   2   0   7   0   0 
Leaf 14     5    
NonL 15    --     69  123  149  11.8982 ==>   3   0  17   5   0   4   1   0   2   3  30  31  /  19   0  17   1   1   0   0   0   0   5   0   3 
NonL 16    --      1   10   50   2.6870 ==>   0  16   0   0   0   0   0   0   0   0   0   0  /   0   4   0   0   0   5   6   0   0   0   0   0 
NonL 17    --      6   39   20   1.4217 ==>   0   0   0   0   0   0   0   0   2   0   0   0  /   0   0   0   0   0   0  12   0   0   0   0   0 
NonL 18    --     18  109   56   2.7939 ==>   0   0   0   0   0   7   1   0   0   0   0   0  /   0   0   0   0  11   0   1   8   0   0   0   0 
NonL 19    --      5   69  118   7.9764 ==>   0   0   0   0   0  10   2   0   0   1   0   0  /   0   5   0   0   0   1   0   0   0   0   0   0 
NonL 20    --      0   23   36   3.0874 ==>   0   0   1   0   0   0   0   0  28   0   0   0  /   0   2   0   0   0   0   1   0   0   0   1   0 
NonL 21    --      1   78  120   5.3721 ==>   0   2   0   0   0   2   0   0   0   0   0   0  /   0   0   0   0   0   0   3   0   0   0   1   0 
Leaf 22    11    
NonL 23    --      2    0  297  16.5402 ==>   0   1   0   0   0   1   0   0   0   0   0   0  /   0   0   0   0   3   0   0   0   0   0   0   0 
NonL 24    --      2   93   48   3.0626 ==>   0   0   0   0  12   0   0   0   0   0   0   0  /   0   0   0   0   0   0   0   5   0   0   0   0 
NonL 25    --      0    0  299  16.4914 ==>   0   0   0   0   0   0   4   0   0   0   0   0  /   0   0   0   0   0   0   0  16   0   2   0   0 
Leaf 26     2    
NonL 27    --     10   56  157  13.2419 ==>   0   0   0  12   0   0   1   0   0   0   0   0  /   0   0   0   0   0   3   0   2   0   7   0   0 
NonL 30    --     70    6  280  26.0640 ==>   3   0  17   0   0   0   0   0   0   0  22  27  /   0   0   0   5   0   4   1   0   2   3   8   4 
NonL 31    --      5  181   41   2.6213 ==>   0   0  15   1   0   0   0   0   0   0   0   0  /  19   0   2   0   1   0   0   0   0   5   0   3 
Leaf 32     4    
NonL 33    --      6  186   21   2.5217 ==>   0   0   0   0   0   5   6   0   0   0   0   0  /   0   4   0   0   0   0   0   0   0   0   0   0 
Leaf 34     7    
Leaf 35    10    
NonL 36    --      0    0  299   7.1152 ==>   0   0   0   0   0   0   1   0   0   0   0   0  /   0   0   0   0   0   7   0   0   0   0   0   0 
NonL 37    --     17   64   97   7.2456 ==>   0   0   0   0   9   0   1   0   0   0   0   0  /   0   0   0   0   2   0   0   8   0   0   0   0 
NonL 38    --      2   11   29   1.4106 ==>   0   0   0   0   0   0   2   0   0   0   0   0  /   0   0   0   0   0  10   0   0   0   1   0   0 
NonL 39    --      4  116  109   3.2255 ==>   0   0   0   0   0   1   0   0   0   0   0   0  /   0   5   0   0   0   0   0   0   0   0   0   0 
Leaf 40     7    
NonL 41    --      0   34   91   6.8824 ==>   0   2   0   0   0   0   0   0   0   0   0   0  /   0   0   0   0   0   0   1   0   0   0   1   0 
NonL 42    --      1   23   45   1.1450 ==>   0   0   0   0   0   2   0   0   0   0   0   0  /   0   2   0   0   0   0   0   0   0   0   0   0 
NonL 43    --      0    0  299   8.3309 ==>   0   0   0   0   0   0   0   0   0   0   1   0  /   0   0   0   0   0   0   3   0   0   0   0   0 
NonL 46    --      1  207   83   3.4131 ==>   0   1   0   0   0   0   0   0   0   0   0   0  /   0   0   0   0   0   1   0   0   0   0   0   0 
Leaf 47     1    
Leaf 48     1    
Leaf 49     9    
Leaf 50    10    
NonL 51    --     13   20  262  10.0504 ==>   0   0   0   0   0   0   0   0   0   2   0   0  /   0   0   0   0   0   0   0  16   0   0   0   0 
Leaf 54     5    
NonL 55    --      2  117   40   2.7986 ==>   0   0   0   0   0   0   0   0   0   7   0   0  /   0   0   0   0   0   3   0   2   0   0   0   0 
NonL 60    --      8  175   43   4.2428 ==>   3   0   2   0   0   0   0   0   0   0  19  21  /   0   0  15   0   0   0   0   0   0   0   3   6 
NonL 61    --      1  135  149   7.5729 ==>   0   0   0   5   0   0   0   0   0   0   8   3  /   0   0   0   0   0   4   1   0   2   3   0   1 
Leaf 62     3    
NonL 63    --      6  106  142  10.9934 ==>  19   0   0   0   0   0   0   0   0   0   0   2  /   0   0   2   0   1   0   0   0   0   5   0   1 
NonL 66    --      0  135   22   0.8519 ==>   0   0   0   0   0   0   6   0   0   0   0   0  /   0   0   0   0   0   5   0   0   0   0   0   0 
Leaf 67     4    
Leaf 72    10    
Leaf 73     8    
Leaf 74     1    
NonL 75    --      3  168  129   4.8181 ==>   0   0   0   0   2   0   0   0   0   0   0   0  /   0   0   0   0   0   0   0   8   0   0   0   0 
Leaf 76    10    
Leaf 77     8    
Leaf 78     8    
Leaf 79     4    
Leaf 82     4    
NonL 83    --      0    0  288  10.8294 ==>   0   0   0   0   0   0   1   0   0   0   0   0  /   0   0   0   0   0   0   0   0   0   0   1   0 
Leaf 84     8    
Leaf 85     4    
Leaf 86     6    
Leaf 87    10    
Leaf 92     4    
Leaf 93     8    
Leaf 102    11    
Leaf 103     9    
Leaf 110    11    
NonL 111    --      0   89   99   6.5077 ==>   0   0   0   0   0   3   0   0   0   0   0   0  /   0   0   0   0   0   0   0   2   0   0   0   0 
NonL 120    --     19  198   31   3.0426 ==>   0   0   1   0   0   0   0   0   0   0  13   1  /   3   0   1   0   0   0   0   0   0   0   6  20 
NonL 121    --     17   41   57   4.1609 ==>   0   0   0   0   0   0   0   0   0   0   3   3  /   0   0  15   0   0   0   0   0   0   0   0   3 
NonL 122    --      8   31  251   9.6597 ==>   0   0   0   0   0   0   0   0   0   0   8   3  /   0   0   0   5   0   0   0   0   0   0   0   0 
NonL 123    --      4  119   83   5.7250 ==>   0   0   0   0   0   4   1   0   0   0   0   0  /   0   0   0   0   0   0   0   0   2   3   0   1 
Leaf 126     2    
NonL 127    --      5   21   93   7.1537 ==>   0   0   0   0   0   0   0   0   0   5   0   0  /   0   0   2   0   1   0   0   0   0   0   0   1 
Leaf 132    10    
Leaf 133     8    
Leaf 150     1    
Leaf 151     9    
Leaf 166    10    
Leaf 167     6    
Leaf 222     8    
Leaf 223     9    
Leaf 240     6    
Leaf 241    12    
Leaf 242     6    
Leaf 243     3    
Leaf 244     6    
Leaf 245     5    
Leaf 246     8    
Leaf 247    11    
Leaf 254    11    
Leaf 255     3    

;Shapelet id   <data>
Shapelet   1  -2.707177 -2.795451 -2.523088 -2.550024 -2.417132 -2.103181 -1.811795 -1.339979 -1.079641 -0.656301 -0.344026 -0.342875 -0.320296  0.480882  0.782392  1.265824  1.427160  1.159663  1.108239  1.403578  1.441467  1.401801  1.394661  1.626148  1.928599  1.748512  1.579050  1.734685  1.467588  1.605606  1.849695  1.372925  1.115295  1.079540  1.648007  1.256726  0.886969  0.896833  1.113936  1.369039  1.357292  0.940317  1.169501  1.255664  1.223653  0.848735  2.690297  1.073804  1.941863  1.794229  1.551842  0.734121  0.933769  1.494466  1.342627  0.948772  1.184141  1.134371  1.441883  1.202400  2.487684  1.904801  1.483684  2.523493  1.799354  1.534841  1.446575  1.680544  1.703766  1.584611  1.278575  1.239026  1.130144  1.017840  0.883418  0.721316  0.516746  0.183521  0.105524 -0.329906 -0.465555 -0.564370 -1.438020 -1.385909 -1.406814 -2.222568 -2.391368 -2.530453 -2.911143 -2.842337 -2.499556 -2.829502 -2.850744 -2.405403 -2.080306 -1.963702 -1.822658 -1.433883 -1.237437 -1.130297 -0.945540 -0.879841 -0.871224 -0.840872 -0.774357 -0.717943 -0.763879 -0.746898 -0.631251 -0.428734 -0.296668 -0.111415 -0.194361 -0.020782  0.074455 -0.045399 -0.081836 -0.041258 -0.005341 -0.008197 -0.000694  0.027002  0.126390  0.173219  0.200413  0.139687  0.208481  0.155985  0.073236  0.081882  0.028869  0.024598  0.050940 -0.033033 -0.013832 -0.023193  0.064490 -0.001094 -0.009124 -0.018283 -0.096965 -0.102178 -0.121366 -0.126399 -0.024865  0.083798  0.091725  0.168523  0.255630  0.276059  0.188862  0.079676  0.054491  0.118565  0.013986  0.035294  0.073173  0.106748  0.112910  0.105081  0.116849  0.121669  0.076622 -0.086619 -0.052279 -0.052242 -0.166021 -0.044221 -0.020014 -0.039825  0.036121  0.103378  0.088872  0.098133  0.202175  0.213758  0.101051  0.074760 -0.076672 -0.206357  0.052074  0.049185  0.034377  0.034609  0.034151  0.043163 -0.090568 -0.071037  0.062771 -0.059372 -0.060211 -0.065847  0.068829 -0.017528 -0.016850 -0.019401  0.061828  0.069419  0.137847  0.069341  0.052895  0.035085  0.027272 -0.063549 -0.000427  0.013463 -0.006364  0.039191  0.043465  0.037500  0.041835  0.037755  0.039590 -0.083563 -0.108438 -0.111992 -0.104961 -0.103131 -0.111353 -0.123290 -0.110939 -0.097791 
Shapelet   2   0.348861  0.592956  0.558132  0.408578  0.310349  0.327085  0.362083  0.445746  0.492124  0.432451  0.400507  0.345794  0.403419  0.397285  0.496201  0.537983  0.470855  0.499724  0.440975  0.481276  0.467045  0.478791  0.434180  0.437490  0.418681  0.404011  0.446359  0.486352  0.410840  0.465473  0.512043  0.506621  0.482332  0.423261  0.359084  0.255101  0.272195  0.394329  0.094521 -0.046485  0.211347 -0.595682 -0.526935 -0.629116 -0.471929 -0.491669 -0.937686 -1.138327 -1.028763 -0.625263 -0.505208 -0.600645 -1.195025 -1.762751 -1.478964 
Shapelet   3   0.312348  0.256313  0.268429  0.341964  0.311124  0.342232  0.342013  0.354985  0.350482  0.379608  0.418420  0.455927  0.483478  0.458477  0.373438  0.351906  0.383049  0.363077  0.386437  0.327873  0.311256  0.247929  0.260284  0.229534  0.208335  0.112862  0.058644 -0.075885 -0.119791 -0.301904 -0.426180 -0.592482 -0.860892 -1.062194 -1.163809 -1.529491 -1.864021 -1.948588 -2.123645 -2.141235 -2.031343 -1.994914 -1.900120 -1.519042 -1.397685 -1.388523 -1.110355 -0.979241 -0.752714 -0.663697 -0.544462 -0.335010 -0.132913  0.153281  0.203334  0.325347 
Shapelet   4  -2.523088 -2.550024 -2.417132 -2.103181 -1.811795 -1.339979 -1.079641 -0.656301 -0.344026 -0.342875 -0.320296  0.480882  0.782392  1.265824  1.427160  1.159663  1.108239  1.403578  1.441467  1.401801  1.394661  1.626148  1.928599  1.748512  1.579050  1.734685  1.467588  1.605606  1.849695  1.372925  1.115295  1.079540  1.648007  1.256726  0.886969  0.896833  1.113936  1.369039  1.357292  0.940317  1.169501  1.255664  1.223653  0.848735  2.690297  1.073804  1.941863  1.794229  1.551842  0.734121  0.933769  1.494466  1.342627  0.948772  1.184141  1.134371  1.441883  1.202400  2.487684  1.904801  1.483684  2.523493  1.799354  1.534841  1.446575  1.680544  1.703766  1.584611  1.278575  1.239026  1.130144  1.017840  0.883418  0.721316  0.516746  0.183521  0.105524 -0.329906 -0.465555 -0.564370 -1.438020 -1.385909 -1.406814 -2.222568 -2.391368 -2.530453 -2.911143 -2.842337 -2.499556 -2.829502 -2.850744 -2.405403 -2.080306 -1.963702 -1.822658 -1.433883 -1.237437 -1.130297 -0.945540 -0.879841 -0.871224 -0.840872 -0.774357 -0.717943 -0.763879 -0.746898 -0.631251 -0.428734 -0.296668 -0.111415 -0.194361 -0.020782  0.074455 -0.045399 -0.081836 -0.041258 -0.005341 -0.008197 -0.000694  0.027002  0.126390  0.173219  0.200413  0.139687  0.208481  0.155985  0.073236  0.081882  0.028869  0.024598  0.050940 -0.033033 -0.013832 -0.023193  0.064490 -0.001094 -0.009124 -0.018283 -0.096965 -0.102178 -0.121366 -0.126399 -0.024865  0.083798  0.091725  0.168523  0.255630  0.276059  0.188862  0.079676  0.054491  0.118565  0.013986  0.035294  0.073173  0.106748  0.112910  0.105081  0.116849  0.121669  0.076622 -0.086619 -0.052279 -0.052242 -0.166021 -0.044221 -0.020014 -0.039825  0.036121  0.103378  0.088872  0.098133  0.202175  0.213758  0.101051  0.074760 -0.076672 -0.206357  0.052074  0.049185  0.034377  0.034609  0.034151  0.043163 -0.090568 -0.071037  0.062771 -0.059372 -0.060211 -0.065847  0.068829 -0.017528 -0.016850 -0.019401  0.061828  0.069419  0.137847  0.069341  0.052895  0.035085  0.027272 
Shapelet   5   1.684821  1.621445  2.427165  2.542641  2.201362  1.549611  1.161834  1.734123  3.412693  1.232508  1.485036  1.878792  1.945327  1.762231  1.392078  1.155804  0.543652  0.028350 -0.127712  0.232182  1.076379  2.132164  3.724743  1.106739  0.705964  1.233324  2.008283  1.869029  1.860974  1.005904  0.019647  0.171106  0.682981  0.944426  1.117236  1.407002  3.255780  1.633921  1.157149  1.500057  1.574118  1.527011  1.465648  1.507927  1.712306  1.982721  2.264538  1.684384  0.999493  1.245588  1.630807  1.252116  0.952158  1.301089  0.957477  0.411437  0.765729  0.788675 -0.214871 -0.239813  0.763776  0.327043 -0.506643 -0.248933 -0.095748 -0.417847 -0.647483 -0.498416 -0.495933 -1.067495 -1.172243 -1.130099 -1.204112 -1.060273 -1.105096 -1.146672 -1.098871 -1.505293 -1.614133 -1.416357 -1.603199 -1.611567 -1.686878 -2.048567 -1.708057 -1.836248 -2.167819 -1.821806 -1.605426 -2.074366 -1.912204 -1.169795 -1.504409 -1.634020 -0.656540 -0.087550  0.067544  0.740270  1.168312  0.837733  0.413071  0.586466  0.368502  0.202655  0.014792 -0.099150 -0.082332 -0.134689  0.114304  0.025232 -0.060007 -0.048429 -0.189549  0.013619  0.795011  0.864896  0.488851  0.033594 -0.209826 -0.305754 -0.125245 -0.202706 -0.231068 -0.252840 -0.357771 -0.351366 -0.147299 -0.159258 -0.103211 -0.084908 -0.175135 -0.212820 -0.172463 -0.170770 -0.183843 -0.198838 -0.034260 -0.017673  0.055518  0.065418  0.066993  0.131466 -0.089831 -0.091288 -0.054798 -0.147918 -0.118594 -0.114770 -0.045953 -0.060532 -0.025201 -0.036658  0.054632 -0.042835 -0.130363 -0.183606 -0.150395 -0.196984 -0.272070 -0.274710 -0.272372 -0.279469 -0.245322 -0.231067 -0.172920 -0.178381 -0.183160 -0.160234 -0.153742 -0.154405 -0.158856 -0.153592 -0.156617 -0.158211 -0.163298 -0.164414 -0.159805 -0.086966 -0.161220 -0.174451 -0.188031 -0.195568 -0.204036 -0.217419 -0.209025 -0.202896 -0.173156 -0.170822 -0.077232 -0.073808 -0.189790 -0.188519 -0.080323 -0.192495 -0.083840 -0.080515 -0.074384 -0.185191 -0.199064 -0.194470 -0.184086 -0.187181 -0.191672 -0.189261 -0.095283 -0.189721 -0.157574 -0.271221 -0.315050 -0.208410 -0.203607 -0.015073 -0.197963 -0.196557 -0.197717 -0.195575 -0.080123 -0.192434 -0.193430 -0.135783 -0.146059 -0.087683 -0.094999 
Shapelet   6  -0.248948 -0.382286 -0.528925 -0.470896 -0.480729 -0.460116 -0.344233 -0.178053 -0.047798  0.173943  0.402559  0.391368  0.468299  0.673083  0.786920  0.739712  0.769587  0.936306  1.115178  1.024805  0.957214  0.910950  0.950197  0.701371  0.816101  0.875746  0.654263  0.671520  0.734431  0.797909  0.826944  0.672414  0.807054  0.880759  0.811917  0.741027  0.850298  1.021150  0.906218  0.756541  0.828280  0.912887  0.846825  0.801967  0.866797  0.910186  0.903026  0.823148  0.868279  0.937754  0.909223  0.847346  0.896590  0.937307  0.907442  0.932995  0.933583  1.012083  0.980592  0.951366  0.937541  0.951431  0.962008  0.970744  0.947832  0.930442  0.920992  0.905589  0.933377  0.968163  0.926372  0.903700  0.967984  0.964197  0.949865  0.942810  0.983508  0.999885  1.001213  1.016513  0.998820  0.972673  1.077351  1.074728  1.000324  0.935075  0.958838  1.097369  0.987654 
Shapelet   7   0.325302  0.309719  0.045987  0.045747  0.051594  0.083750 -0.113626 -0.289066 -0.706271 -1.181122 -1.716352 -2.209619 -2.004914 -1.838287 -1.975027 -1.856868 -1.636705 -1.779111 -2.087528 -1.992334 -2.180229 -1.949837 -2.349362 -2.185308 -1.696765 -1.529730 -0.886392 -0.386546 -0.117702  0.237517  0.445694  0.618485  0.795585  0.733103  1.211892  1.395914  1.846641  1.850362  2.213068  2.239922  2.020662  2.025000  1.283395  1.395650  1.723448  1.441485 -4.019253 -2.377290 -0.748113  1.081749  0.475527  0.291121  0.329531  2.001934  2.089791  1.182780  1.101829 -4.991259 -2.344400 -0.647677 -0.282880  0.001080 -0.391178  0.248064  0.725125  0.852406  0.987225 -2.970141 -0.480318 -0.116123 -0.526781 -0.600978 -1.021678 -0.352844 -0.079453 -0.073334 -0.011921  0.020639 -0.597143 -1.072603 -1.054985 -1.370077 -1.545862 -1.713731 -1.954248 -1.970981 -1.624340 -1.925077 -2.700039 -2.656227 -2.158103 -2.327572 -2.798272 -2.458727 -2.227396 -1.833976 -1.551562 -1.320953 -1.259428 -1.077765 -1.154471 -0.984920 -0.965005 -0.895338 -0.659158 -0.423699 -0.506071 -0.669828 -0.575417 -0.715761 -0.495797 -0.133007  0.074824 -0.083373 -0.047013  0.036400 -0.009218  0.078672 -0.309172 -0.422299 -0.376134 -0.275773 -0.149021  0.038323  0.230129  0.140002  0.071762  0.049610 -0.074735  0.124019  0.392077  0.071776  0.185608  0.381305  0.244623  0.279763  0.361904  0.333098  0.317624  0.328921  0.225753  0.117873  0.242770  0.257485  0.308528  0.184841  0.046099 -0.035147  0.164570  0.066613  0.115566  0.193089  0.273613  0.360315  0.424327  0.527699  0.535553  0.538933  0.574263  0.452766  0.513338  0.534907  0.512553  0.519107  0.499038  0.524531  0.540313  0.528213  0.649551  0.775138  0.650221  0.622535  0.597754  0.659106  0.710625  0.754340  0.723993  0.747041  0.584357  0.398879  0.366338  0.136119  0.235357  0.423862  0.363137  0.354656  0.589607  0.615985  0.600781  0.631180  0.835671  0.762592  0.638119  0.435296  0.295237  0.295712  0.367819  0.357829  0.319353  0.279545  0.359750  0.569300  0.559322  0.331685  0.590314  0.338480  0.541892  0.504279  0.518097  0.741936  0.492223  0.463463  0.211667  0.243232  0.234232  0.220804  0.392815  0.518609  0.281391  0.279761  0.268815  0.281760  0.528310  0.446399  0.514234  0.432549  0.443541  0.354867  0.436915  0.499427  0.464838  0.282105  0.265913 
Shapelet   8  -1.534379 -1.380798 -1.216977 -1.077553 -1.022395 -1.008781 -0.934286 -0.728342 -0.451900 -0.605768 -0.639370 -0.833367 -0.974139 -0.691839 -0.493032 -0.331758 -0.211540 -0.269399 -0.218466 -0.235370 -0.190199 -0.211386 -0.185980 -0.113259 -0.144603 -0.174959 -0.194393 -0.126036  0.088800 -0.048479 -0.141385 -0.141752 -0.135406 -0.148733 -0.065993  0.071397  0.036616 -0.042947 -0.125261 -0.104017 -0.094112  0.015938  0.005053 -0.017353 -0.102930 -0.080985 -0.072628 -0.079827 -0.067079 -0.058287 -0.096649 -0.070111 -0.048942 -0.046538 -0.048972 -0.042167 -0.004082  0.084864  0.022030  0.047726  0.042849  0.122466  0.062624  0.037954  0.057164 -0.012032  0.040106  0.007452 -0.012724  0.009855 -0.001153  0.009726  0.021154  0.015392 -0.113433 -0.112882 -0.125930  0.013688 -0.122514 -0.060808 -0.068044 -0.003613  0.130348  0.108185  0.139743  0.140654  0.119813  0.085530  0.219367  0.203440  0.169479  0.176775  0.151647  0.207891  0.149687  0.086373  0.169192  0.116221  0.093081  0.129502  0.103619  0.099056  0.178490  0.180526  0.247409  0.095081  0.147684  0.130626  0.236588  0.121429  0.143349  0.144947  0.114031  0.091257  0.099624  0.069059  0.083958 -0.068650  0.066817  0.087515  0.076877  0.068718  0.057353  0.099934  0.104991 
Shapelet   9   0.595021  0.239041 -0.257404 -0.294785 -0.417853 -0.678085 -0.992703 -0.980296 -0.960560 -1.135972 -1.292215 -1.256782 -1.030244 -0.772105 -0.168646  0.557416  0.682166  0.514146  0.596096  0.964061  1.022840  0.943591  0.947691  1.120291  1.087375  1.080384  1.121460  1.062544  0.860420  1.134717  0.980520  0.698150  0.599588  0.846327  0.880092  0.901100  0.860607  0.865906  0.779737  0.769686  0.928845  0.670101  0.586350  0.812963  0.808293  0.756789  0.772786  0.924723  1.058413  1.028065  0.967931  0.857143  0.898898  0.886216  0.763984  0.862073  1.177111  2.226609  0.560847  0.674551  1.231740  0.525080  0.279843  0.736625  1.054285  1.194315  2.114440  0.931956  0.874331  1.104729  0.574377  0.842012 
Shapelet  10  -0.336750 -0.335602 -0.330319 -0.330279 -0.443844 -0.333167 -0.309963 -0.356115 -0.281619 -0.118764  0.012388 -0.090233 -0.071557  0.080213  0.606175  0.429388 -0.068452 
Shapelet  11   0.040256  0.277874  0.455202  0.724430  1.006423  0.950135  0.872495  0.794110  0.468588  0.044880 -0.286654 -0.362619 -0.609351 -0.881073 -1.296034 -1.319558 
Shapelet  12   0.325730  0.390067  0.304542  0.328660  0.389660  0.449163  0.491413  0.636064  0.704544  0.588405  0.462039  0.318327  0.465736  0.441108  0.414815  0.383590  0.305768  0.294339  0.337912  0.328865  0.439022  0.363318  0.369919  0.469759  0.459367  0.446155  0.542686  0.538045  0.522317  0.504058  0.458894  0.579919  0.590884  0.688549  0.730233  0.631202  0.646660  0.622483  0.575141  0.591525  0.549380  0.521289  0.525604  0.672785  0.700433  0.688181  0.704797  0.813939  0.563586  0.476936  0.592967  0.684259  0.665604  0.578758  0.595539  0.562475  0.620456  0.527125  0.734155  0.808510  0.662298  0.687435  0.769633  0.734800  0.571668  0.494939  0.568307  0.558190  0.534065  0.542179  0.566001  0.687087  0.658786  0.655111  0.835337  0.679044  0.695951  0.545492  0.578181  0.583283  0.577556  0.577529  0.736024  0.615611  0.735411  0.614516  0.593292  0.715319  0.555857  0.551972  0.523164  0.547011  0.509215  0.576595  0.577641  0.571165  0.582499  0.735192  0.738121  0.733700  0.739485  0.735490  0.615193  0.582792  0.573656  0.569680  0.784321  0.756074  0.747961  0.580944  0.642213  0.650366  0.808983  0.747974  0.584737  0.569371  0.646333  0.638377  0.570720  0.734408  0.653000  0.574134  0.579272  0.578278  0.678476  0.818967  0.742376  0.914675  0.735203  0.720290  0.565303  0.565517  0.610451  0.720945  0.683502  0.606112  0.763458  0.726554  0.721997  0.712867  0.698896  0.696772  0.679091  0.550473  0.704829  0.556358 
Shapelet  13   0.115166  0.273098  0.397315  0.330940  0.407246  0.544901  0.484544  0.544791  0.657890  0.807789  0.775841  0.618903  0.807914  0.726566  0.717836  0.773052  0.843181  0.926289  0.893978  0.932009  0.838249  0.833009  0.850315  0.911142  0.820417  0.907165  0.995026  1.776929  2.477775  1.700259  0.898913 -0.167029 -0.533894 -0.567923 -0.345484 -0.133717 -0.145893 -0.283940 -0.624776 -0.617132 -0.918552 -1.347959 -1.161126 -1.666211 -2.233547 -2.634504 -2.661071 -2.874130 -2.720696 -2.234802 -2.338845 -3.166089 -2.226644 -1.740422 -1.221684 -1.167587 -0.969879 -1.110021 -0.886742 -0.154717  0.778841 -0.183200 -0.423754  0.544739  1.053801  0.077029  0.948809  0.386342 -0.525462 -0.745380 -0.995089 -1.672097 -2.321553 -2.212004 -2.718761 -2.918705 -2.623752 -2.496459 -2.364354 -2.629012 -2.237711 -1.772815 -1.825174 -1.868303 -1.777411 -1.833312 -2.377933 -2.246915 -2.348276 -2.084551 -2.292092 -2.364750 -1.702755 -1.203802 -1.412555 -1.006634 -0.900088 -0.822252 -0.454172 -0.176894 -0.062549 -0.080665  0.295332 -0.396147  1.104228  0.605922  0.803232  0.517396  0.425106  1.122902  0.880879  1.020919  1.068771  0.527404  0.258283 -0.081307 -0.128138 -0.624930 -0.926531 -1.130199 -1.126890 -1.075193 -1.553633 -1.806164 -1.991616 -1.563727 -1.184878 -0.847207 -0.339501 -0.145280 -0.326030 
Shapelet  15   1.109524  0.742121  0.352395  0.221741  0.110352 -0.206537 -0.182096 -0.044965  0.057039  0.119842  0.085249  0.096493  0.158063  0.180408 -0.009546  0.090131  0.445026  0.659504  0.774143  1.034157  1.200659  1.583132  2.557806  0.803332  0.151410 -0.110562  0.511454  0.309984  0.659215  0.193105  0.089408  0.018871 -0.156977 -0.025539  0.047314 -0.004943 -0.087674 -0.264211  0.105673  0.094111  0.082873 -0.228111 -0.253839 -0.296347 -0.047600 -0.151712 -0.224233 -0.238139 -0.225353 -0.317586 -0.248801 -0.235184 -0.231820 -0.262551 -0.268605 -0.343291 -0.271365 -0.298980 -0.336568 -0.331511 -0.316904 -0.357012 -0.414768 -0.509264 -0.467049 -0.507274 -0.599410 -0.445200 -0.547375 -0.568745 -0.622010 -0.533594 -0.628251 -0.572731 -0.630882 -0.757717 -0.604517 -0.636482 -0.770187 -0.696316 -0.687068 -0.771228 -0.723288 -0.759360 -0.803669 -0.799580 -0.875368 -0.882374 -0.897051 -0.916493 -0.916941 -0.880265 -0.967047 -0.992981 -0.924982 -0.895850 -0.939851 -0.871771 -0.860751 -0.845078 -0.821595 -0.929890 -0.876759 -0.831449 -0.811515 -0.896010 -0.892724 -0.881762 -0.911161 -0.944241 -0.926586 -0.928953 -0.982097 -1.006741 -1.042846 -1.069706 -1.106942 -1.053225 -1.069491 -1.001220 -1.049704 -1.075684 -1.001178 -1.032194 -1.022606 -1.052698 -1.119960 -1.045926 -1.048457 -1.045334 -1.064661 -1.128344 -1.056580 -1.134887 -1.133771 -1.043478 -1.052028 -1.059329 -1.050165 -1.049328 -0.986785 -1.050439 -1.061880 -1.079877 -1.065305 -1.062077 -1.057791 -1.048402 -1.063893 
Shapelet  16  -0.318699 -0.211482 -0.161136 -0.147955 -0.144966 -0.125985 -0.128611  0.006502 -0.005302 -0.001052  0.073628  0.047312  0.115327  0.075249 -0.040856 -0.211891 -0.297225 -0.679674 -0.911805 -1.187880 -1.456856 -1.983428 -1.807826 -1.939009 -2.542358 -2.614596 -2.707177 -2.795451 -2.523088 -2.550024 -2.417132 -2.103181 -1.811795 -1.339979 -1.079641 -0.656301 -0.344026 -0.342875 -0.320296  0.480882  0.782392  1.265824  1.427160  1.159663  1.108239  1.403578  1.441467  1.401801  1.394661  1.626148 
Shapelet  17   1.263021  1.380087  1.436799  1.598031  1.736087  1.610791  1.802715  1.870032  2.072260  2.050471  2.044159  2.470057  3.182957  3.095010  2.722234  2.415539  2.626554  2.271567  1.948484  1.830617 
Shapelet  18  -0.580218 -0.529104 -0.600410 -0.539011 -0.536485 -0.482459 -0.350450 -0.350652 -0.357589 -0.377213 -0.346005 -0.262977 -0.205464 -0.205901 -0.177604 -0.055955  0.044774  0.089174  0.154853  0.215599  0.227408  0.310569  0.273068  0.260560  0.253516  0.243887  0.189327  0.179673  0.182534  0.097441  0.125182  0.151602  0.155789  0.149744  0.134226 -0.050320 -0.070666 -0.050351 -0.053502  0.100246  0.104286  0.109822  0.147569 -0.060882  0.120615  0.133362  0.132569  0.194318  0.192687  0.213632  0.223126  0.322556  0.312578  0.326251  0.337725  0.401159 
Shapelet  19  -1.396554 -1.184489 -1.096245 -0.921541 -0.784011 -0.640272 -0.704828 -0.600213 -0.461633 -0.450054 -0.349904 -0.152974 -0.178501 -0.017932  0.222905  0.425685  0.484567  0.384245  0.535656  0.706389  0.668988  0.685448  0.440128  0.575228  0.382807  0.438887  0.489071  0.464827  0.392414  0.276718  0.354965  0.348240  0.259362  0.129522  0.168952  0.039554  0.059662  0.097918  0.136511  0.203578  0.126528  0.185903  0.223267  0.223591  0.155760  0.219434  0.383445  0.339940  0.514206  0.466127  0.397184  0.438736  0.449835  0.442562  0.478203  0.608798  0.559326  0.638408  0.668508  0.686337  0.764440  0.749595  0.779109  0.803335  0.868393  0.862654  0.834963  0.874994  0.942986  0.981296  1.120603  1.286950  1.588758  1.630004  1.871280  1.730162  1.572017  1.638157  1.463116  1.438585  1.366826  1.210395  1.177042  0.479651  0.370156  0.355291 -0.006545 -0.366870 -0.553280 -0.909954 -1.135323 -1.214983 -1.390963 -1.899568 -1.810423 -1.654068 -1.857133 -2.038602 -2.082923 -2.194520 -2.611324 -2.824802 -2.816445 -2.399064 -2.482072 -2.775225 -2.697978 -2.909984 -2.660804 -2.629704 -2.503876 -1.965122 -1.673416 -1.352392 -1.341507 -1.424321 -1.146869 -1.075412 
Shapelet  20   1.164273  1.120448  1.843830  2.761128  2.832289  2.025740  1.018900  1.105363  0.043955 -0.875679 -1.234752 -1.449363 -2.075272 -1.958814 -1.891840 -2.235002 -2.408497 -2.423734 -2.917986 -3.102880 -2.122806 -2.254376 -2.177724 -1.823752 -1.416641 -0.765637 -0.405992 -0.098324  0.693882  1.146789  1.400350  1.021763  0.790855  1.181136  1.035025  0.805353 
Shapelet  21   0.763610  0.636896  0.819410  0.952731  0.937198  1.137550  1.028407  1.034303  0.694124  0.292833 -0.039895 -0.829717 -1.406967 -1.249461 -1.238745 -1.284195 -1.450399 -1.707722 -1.755569 -1.786556 -1.740060 -1.627982 -1.356793 -1.238482 -1.401512 -1.247353 -1.150151 -1.135389 -0.873449 -0.768474 -0.571744 -0.498871 -0.506086 -0.511022 -0.474328 -0.547922 -0.512666 -0.436366 -0.387359 -0.296214 -0.295699 -0.282352 -0.328076 -0.230630 -0.193587 -0.135190 -0.053918 -0.037849 -0.012626 -0.028958  0.013843 -0.004586  0.006311  0.016596  0.017762  0.013827  0.005141 -0.026399 -0.073566 -0.114454 -0.111053 -0.092885 -0.090696 -0.088141 -0.091830 -0.074030 -0.092095 -0.137659 -0.120359 -0.121185 -0.097795 -0.070400 -0.065352  0.011772 -0.020958 -0.006981  0.018913 -0.004810  0.000388 -0.027791 -0.063289 -0.055490 -0.039032 -0.047367 -0.041107  0.039059 -0.009406  0.004108 -0.031669  0.024710  0.038291  0.022880  0.109168  0.099885  0.111676  0.118976  0.051092  0.041662  0.102172  0.102492  0.088260  0.079033  0.103726  0.196406  0.134945  0.056634  0.066640 -0.025965 -0.032921 -0.047102 -0.067969 -0.022070 -0.020145 -0.050488 -0.066558 -0.046482  0.035536 -0.019092 -0.033986 -0.035504 
Shapelet  23   0.272552  0.290936  0.465314  0.568531  0.594916  0.571616  0.367494  0.219736  0.176535  0.182628  0.170322  0.144903  0.099141  0.070652  0.150552  0.171990  0.123809 -0.023307 -0.101610  0.007838  0.025435 -0.170535 -0.138782 -0.155171 -0.079420 -0.062955 -0.253323 -0.492321 -0.606605 -0.698486 -1.028172 -1.561827 -1.738005 -1.988132 -2.321024 -2.605537 -2.841018 -2.771792 -2.606120 -2.505334 -2.321927 -2.101292 -1.883404 -1.870902  0.167872  0.466804  0.627534  0.850672  0.574447  0.799396  0.796220  0.420446  0.349308  0.612508  0.504695  0.141140  0.147677  0.266903  0.145445 -0.051699  0.027269  0.011919  0.121221  0.133392  0.313864  0.236765  0.295531  0.095010  0.058369  0.051696 -0.048541 -0.089594 -0.015781 -0.026960 -0.113796 -0.185583 -0.171587 -0.224394 -0.224502 -0.194849 -0.247294 -0.272414 -0.197594 -0.067040 -0.051381  0.026703 -0.020922 -0.015588  0.066899  0.073949  0.146343  0.170479  0.066484  0.070938  0.189481  0.234455  0.016547 -0.213000 -0.231111 -0.081756 -0.433714  0.210611  0.302551 -0.387025 -0.254077  0.260663 -0.080559 -0.747422 -0.394891 -0.374948 -1.300713 -1.872968 -2.066347 -3.030898 -3.296967 -3.658671 -4.389054 -4.311346 -4.126625 -3.776547 -2.790641 -2.306833 -2.716356 -2.616404 -1.893519 -1.847178 -1.932871 -1.789004 -1.718260 -1.507539 -1.295989 -1.390460 -1.331861 -1.153388 -0.499330  0.026597  0.188997  0.352697  0.383447  0.449518  0.414170  0.263157  0.136012 -0.036802 -0.092422 -0.214710 -0.171885 -0.222464 -0.228534 -0.190091 -0.099170 -0.064411 -0.130845 -0.099636 -0.109535 -0.048865  0.110400  0.152656  0.129528  0.131189  0.175533  0.195717  0.233658  0.120673  0.027522  0.061040  0.032767 -0.077737  0.001984  0.124056  0.096770  0.078215  0.215883  0.214418  0.102428  0.179958  0.292950  0.289341  0.189491 -0.000396  0.162438  0.349683  0.300828  0.344622  0.330662  0.449977  0.486634  0.456672  0.327793  0.397292  0.378270  0.360944  0.391694  0.515200  0.592908  0.575814  0.597090  0.630312  0.640247  0.492800  0.483644  0.631130  0.591775  0.496703  0.545873  0.497791  0.489740  0.569656  0.715526  0.727952  0.728187  0.767626  0.782415  0.740503  0.580182  0.647946  0.593701  0.704665  0.662005  0.538816  0.570233  0.527265  0.481678  0.563453  0.729655  0.702107  0.665429  0.640445  0.717411  0.739295  0.727533  0.740510  0.857042  0.715851  0.788906  0.803292  0.650595  0.597009  0.604085  0.607886  0.565477  0.606123  0.630191  0.635594  0.628344  0.622712  0.647618  0.802806  0.639506  0.637699  0.613414  0.642678  0.652001  0.650337  0.641529  0.810559  0.646675  0.837622  0.825466  0.822769  0.717168  0.666640  0.765700  0.826514  0.656860  0.642182  0.794140  0.807895  0.643900  0.643830  0.809286  0.819432  0.828155  0.825040  0.835689  0.730603  0.828296  0.830215  0.670555  0.803943  0.644759  0.645118  0.643726  0.636417  0.643548  0.646930  0.809727  0.950114  0.805505  0.798276  0.777832  0.777312  0.782786  0.801351  0.807362  0.906408  0.802124 
Shapelet  24  -0.774541 -0.660971 -0.748304 -0.731904 -0.721792 -0.769476 -0.764867 -0.765793 -0.745070 -0.703809 -0.761752 -0.726954 -0.727062 -0.749083 -0.718672 -0.659795 -0.784129 -0.744962 -0.675688 -0.746704 -0.863769 -0.569422 -0.741052 -0.803954 -0.955550 -0.619472 -0.552166 -0.416450 -0.703784 -0.811415 -0.598287 -0.519542 -0.452331 -0.165470 -0.101591 -0.410015 -0.268024 -0.234196 -0.550769 -0.694633 -0.917157 -1.585556 -1.997339 -2.310076 -3.128756 -3.702370 -3.505169 -2.357951 
Shapelet  25   0.136688  0.011865  0.165112  0.376837  0.409374  0.264118  0.123825  0.272285  0.309667  0.358606  0.309915  0.258437  0.194676  0.050398  0.062743 -0.009013  0.042455  0.100986  0.025771 -0.003931 -0.049000  0.000874 -0.031176 -0.023949 -0.056358 -0.040517 -0.066712 -0.049669 -0.051298 -0.060279 -0.043969 -0.036178 -0.047318 -0.073249 -0.062372 -0.104751 -0.105930 -0.112859 -0.098568 -0.100428 -0.136456 -0.151945 -0.231154 -0.246437 -0.256792 -0.318086 -0.341159 -0.404976 -0.431949 -0.403362 -0.449364 -0.443583 -0.498911 -0.524556 -0.583170 -0.590782 -0.614282 -0.629895 -0.676349 -0.706500 -0.708172 -0.718151 -0.714960 -0.761638 -0.799223 -0.802873 -0.775911 -0.813726 -0.875172 -0.886943 -0.918314 -0.921865 -0.902508 -0.898066 -0.937389 -0.910619 -0.908507 -0.912198 -0.945642 -1.033008 -1.110421 -1.222749 -1.268528 -1.371940 -1.694117 -1.738415 -1.521196 -1.555315 -1.730333 -1.672327 -1.680507 -1.642273 -1.538611 -1.480934 -1.421909 -1.347008 -1.236219 -1.146561 -1.044851 -0.973908 -0.800161 -0.696637 -0.637630 -0.495574 -0.355113 -0.212945 -0.071662  0.038038  0.001315  0.163817  0.266849  0.174278  0.181219  0.182677  0.197883  0.311358  0.246357  0.212110  0.243122  0.194608  0.208375  0.344175  0.388052  0.454355  0.533974  0.529459  0.645554  0.686760  0.682483  0.668254  0.702162  0.732246  0.764684  0.751131  0.872269  0.890214  0.910258  1.035231  1.000192  1.047084  1.067062  1.010574  1.030560  1.037223  1.087178  1.038064  1.201477  1.183000  1.160286  1.319262  1.396290  1.429887  1.242956  1.365297  1.292018  1.261932  1.328736  1.382211  1.487327  1.466401  1.550422  1.641702  1.739807  1.646529  1.596071  1.621174  1.492614  1.287657  1.759624  1.880468  2.131635  2.152865  2.258741  2.124438  1.963849  1.805198  1.624775  1.538091  1.435880  1.318167  1.172568  0.753507  0.692907  0.584398  0.395996  0.434181  0.438309 -0.543646 -1.396616 -1.977626 -2.867926 -2.790794 -2.269385 -2.549310 -2.882558 -2.819426 -2.859693 -3.074282 -2.527718 -2.247335 -1.783404 -0.771534 -0.518550 -1.294647 -1.737365 -1.898071 -1.687047 -1.220829 -1.501417 -2.578585 -1.948127 -1.542034 -1.284765 -1.389231 -1.639645 -0.606320  0.140451  0.207017  0.501162  0.097974  0.354679  0.408518  0.458159  0.366252  0.560151  0.528747  0.390985  0.568085  0.650100  0.456505  0.242215  0.245791  0.374978  0.283413  0.283454  0.176224  0.282748  0.263335  0.382038  0.393890  0.244221  0.277981  0.420476  0.297981  0.259090  0.198078  0.425580  0.344079  0.301499  0.301539  0.309172  0.306434  0.233922  0.355356  0.422981  0.305800  0.309752  0.375916  0.433837  0.368354  0.322789  0.324490  0.315662  0.316769  0.373691  0.426097  0.294204  0.304340  0.480369  0.426718  0.304451  0.312582  0.363322  0.316669  0.324617  0.443481  0.438827  0.321228  0.317999  0.302197  0.431429  0.431749  0.311937  0.306201  0.185147  0.313836  0.328537  0.531605  0.422451  0.401071  0.401968  0.402198  0.394323  0.300953  0.305132  0.425926  0.415479  0.297210  0.289288 
Shapelet  27   1.269586  1.060317  0.978374  0.677543 -0.298278 -0.967770 -1.839182 -7.532523 -2.566171  0.368133 -0.299150  1.134781  1.626947  0.436064  0.486561  0.085279 -0.788542 -0.313092 -3.920502 -2.888947  0.412424 -0.608398  0.390334  0.705317  0.810266  0.542677 -0.025284  0.059668 -6.148159 -2.154471  0.810637  0.030107 -0.233806 -0.469791 -0.612877 -1.068767 -1.106106 -0.958025 -0.857079 -1.034819 -0.928883 -1.333492 -1.382147 -1.200873 -0.951426 -1.000891 -1.312229 -1.392948 -1.241277 -1.360025 -1.390645 -1.323071 -1.077561 -0.904891 -0.797333 -0.748038 -0.640577 -0.703167 -0.736179 -0.618928 -0.655289 -0.479750 -0.717528 -0.317834 -0.270367 -0.243136 -0.247065 -0.224902 -0.049179 -0.060312 -0.149803 -0.087175 -0.047699 -0.025893  0.052504  0.053094 -0.053935 -0.086432 -0.060846  0.029544  0.043639  0.128737  0.075929  0.118650  0.146977  0.222139  0.081042 -0.063143 -0.066920 -0.067398 -0.022197  0.035322  0.028341  0.075280  0.098425  0.069886  0.010590 -0.015712 -0.025587  0.018527 -0.015791  0.015898  0.107925  0.167396  0.204087  0.113931  0.016849  0.053054  0.191186  0.300238  0.169632  0.049918  0.087958  0.103614  0.156754  0.141192  0.175953  0.134028  0.086577  0.110900  0.124205  0.119457  0.155162  0.130309  0.180493  0.205769  0.261837  0.274134  0.266372  0.275480  0.300428  0.365639  0.334730  0.439791  0.391436  0.290227  0.394481  0.479028  0.374555  0.361908  0.377923  0.401092  0.401714  0.392435  0.287861  0.503071  0.472068  0.501559  0.445120  0.505896  0.391688  0.567559  0.569556  0.579344  0.579530  0.610599  0.622249 
Shapelet  30   0.760836  0.769022  0.759075  0.769000  0.761648  0.757372  0.717818  0.773506  0.892916  0.897512  0.943227  0.928169  0.963481  0.952371  0.946817  1.080890  1.037790  1.101510  1.079462  1.146980  1.214248  1.278635  1.214814  1.241570  1.252855  1.207147  1.134986  1.082589  1.081660  1.099089  1.166909  1.201856  1.193655  1.188576  1.146257  1.179293  1.076514  1.042337  1.005532  0.973100  0.924265  0.873438  0.893746  1.039980  0.804606  0.671288  0.832774  0.485029  0.042633  0.158847  0.111096 -0.150395 -0.252903 -0.315251 -0.657901 -0.967150 -0.901283 -1.047656 -1.130273 -1.047637 -1.294566 -1.160946 -1.240560 -1.425666 -1.226328 -1.108868 -1.050110 -1.012973 -0.961998 -0.945651 -0.769101 -0.538305 -0.539553 -0.514234 -0.553702 -0.562853 -0.424688 -0.574333 -0.579495 -0.550851 -0.720179 -0.722769 -0.760274 -0.910682 -0.822333 -0.983394 -1.209073 -1.129390 -1.094766 -1.394861 -1.626510 -1.589067 -1.602247 -1.570752 -1.568974 -1.632542 -1.504981 -1.441155 -1.432510 -1.533060 -1.360218 -1.250015 -1.097166 -1.189579 -1.213583 -1.056814 -0.933252 -1.119492 -1.260998 -1.241626 -1.289902 -1.375049 -1.442023 -1.285227 -1.432107 -1.420929 -1.359896 -1.297836 -1.213082 -1.198942 -1.135533 -1.136164 -0.868242 -0.906484 -0.917265 -0.953227 -0.988573 -1.067643 -1.144468 -1.103552 -1.026809 -1.048091 -0.841762 -0.771434 -0.656064 -0.412941 -0.496137 -0.532152 -0.728403 -0.482066 -0.381037 -0.276236 -0.331241 -0.190937 -0.500187 -0.404024 -0.391291 -1.034205 -1.434048 -1.615359 -1.690361 -1.321189 -0.390957 -1.220811 -1.553477 -0.538119 -1.334930 -1.113051 -0.484301 -1.436093 -1.304754 -0.668338 -1.352547 -1.962020 -2.050343 -1.734389 -1.136021 -1.535704 -1.988073 -2.034707 -2.474116 -1.836617 -0.726112 -0.702164  2.110399  4.206868  2.639440  1.331104  1.267799  1.379333  1.392541  1.026728  1.108173  1.210598  0.957548  0.672380  0.311182 -0.721863 -1.006486 -0.491853 -0.106975  0.032523 -0.112875  0.757877  0.274550  0.552629  1.167169  1.210032  1.368723  1.192888  0.813253  0.639255  0.615231  0.453637  0.448764  0.464692  0.614984  0.585199  0.445140  0.599351  0.514447  0.434153  0.572136  0.511717  0.419215  0.553653  0.561918  0.549478  0.734304  0.897758  0.744773  0.874060  0.741226  0.736477  0.595313  0.725990  0.589257  0.562276  0.399703  0.682670  0.373667  0.463409  0.563169  0.485840  0.641032  0.654208  0.637428  0.686493  0.519397  0.686252  0.688264  0.684403  0.686399  0.741175  0.859413  0.675750  0.684467  0.507909  0.537088  0.669844  0.677056  0.693357  0.688498  0.681448  0.685233  0.699058  0.685861  0.867144  0.865356  1.019800  1.005467  0.685438  0.343639  0.351083  0.046868 -0.032955  0.321512  0.322575  0.325780  0.324102  0.319690  0.314335  0.305493  0.393693  0.303524  0.303577  0.378327  0.370352  0.547476  0.474894 
Shapelet  31   2.910278  2.574892  2.149462  1.771659  1.339573  1.140182  0.775788  0.479196  0.477970  0.138966 -0.356306 -0.403525 -0.306278 -0.856025 -1.065468 -0.984884 -0.898726 -1.261643 -1.224380 -1.386184 -1.511174 -1.349254 -1.364288 -1.287249 -1.013462 -0.855864 -0.587581 -0.202386 -0.060610  0.241368  0.430282  0.873687  1.036761  1.176372  1.684957  2.186046  2.480395  2.541883  2.256481  1.388013  0.637381 
Shapelet  33  -0.194538 -0.071565 -0.103858 -0.012457 -0.019593 -0.062274 -0.216838  0.081791 -0.042394  0.089466  0.105164  0.246856  0.054237  0.115112  0.111611  0.186931  0.176528  0.080401  0.234042  0.200325  0.178285 
Shapelet  36  -0.095470  0.077830  0.067316  0.029607  0.018858  0.025767  0.047671  0.246191  0.057196 -0.098463  0.064875  0.221624  0.112282  0.139895  0.154734  0.370537  0.234519  0.386903  0.546914  0.559095  0.635345  0.599545  0.678835  0.556551  0.572302  0.588320  0.616469  0.649237  0.629416  0.432421  0.091491 -0.131051  0.113658 -0.652297 -1.673502 -1.714419 -1.762712 -2.353538 -2.804980 -2.636118 -2.779475 -2.644925 -2.295468 -2.369648 -2.077807 -1.700374 -1.451326 -1.128486 -0.460703 -0.112125 -0.423944 -0.274316  0.693384  1.104491  1.531360  1.539000  1.183178  1.512198  1.687190  1.697132  1.709656  1.746321  1.555555  1.407835  1.413679  1.233296  1.115758  1.021773  1.020896  0.893565  0.731232  0.680078  0.756218  0.655017  0.500284  0.522251  0.443183  0.553574  0.797030  0.811029  0.794300  0.767925  0.893810  0.898580  1.224020  1.108132  0.971348  1.004978  1.019377  0.852690  1.090446  0.849807  0.860351  1.215631  0.996729  0.880295  1.056349  0.880125  0.603896  0.502881  0.287332 -0.034131 -0.244647 -1.001671 -1.044078 -1.240492 -1.919437 -2.536849 -2.845192 -3.955713 -4.497613 -4.576923 -4.247973 -3.971826 -3.246548 -3.096774 -2.617574 -2.101431 -1.656936 -1.391760 -1.429999 -1.388119 -1.085702 -1.602284 -0.974828 -0.647296 -0.428879 -0.184311  0.179365  0.407003  0.423274  0.546891  0.684756  0.680998  0.497761  0.248480  0.119180  0.354510  0.424012  0.773810  0.929013  0.929838  0.639742  0.398564  0.332967  0.272813  0.263776  0.155451  0.020089  0.084623  0.084551  0.274757  0.306217  0.324848  0.261813  0.261090  0.264365  0.372356  0.319353  0.330998  0.381605  0.399329  0.352474  0.389325  0.399806  0.440508  0.288442  0.305347  0.296277  0.260559  0.272748  0.262738  0.265010  0.282209  0.279116  0.268658  0.262085  0.254762  0.226896  0.223483  0.244406  0.280515  0.291294  0.278482  0.291017  0.257839  0.242025  0.343522  0.438883  0.495480  0.759319  0.676563  0.183380  0.206204  0.357608  0.349490  0.363106  0.360840  0.279473  0.277411  0.374770  0.524806  0.215971  0.176429  0.304891  0.282078  0.185734  0.146674  0.117582  0.101837  0.096565  0.113796  0.109429  0.078653  0.044086  0.038659  0.038694  0.046388  0.038048  0.024851  0.043124  0.099120  0.206646  0.153541  0.060719  0.081993  0.126561  0.087910  0.078149  0.065775  0.065592  0.051263  0.042247  0.045480  0.043493  0.038595  0.015328 -0.006119 -0.023446  0.134257 -0.060464 -0.054743 -0.056439 -0.019004 -0.006404 -0.015349 -0.020267 -0.021917 -0.020347 -0.031468 -0.031252 -0.036128 -0.026902 -0.023232 -0.034670 -0.043713 -0.035551 -0.019280 -0.022543 -0.031343 -0.029260 -0.019728 -0.027745 -0.024215  0.083151  0.031332 -0.059084  0.132809  0.139965  0.142782  0.146123  0.142484  0.145372  0.146079  0.150338  0.148583  0.069655 -0.048856  0.129417 -0.001707  0.126601 -0.001948 -0.068647 -0.072038 -0.067488 -0.062820 -0.065531 -0.021331 -0.063893 -0.078091 -0.054360  0.096107  0.073444 -0.658798 -0.455109 -0.456495 -0.462901 -0.468795 -0.471443 
Shapelet  37  -1.829719 -2.179494 -2.704475 -2.489512 -2.691403 -2.815435 -2.671334 -2.631244 -2.497457 -2.312892 -2.052870 -1.966017 -1.613814 -1.173297 -1.173860 -1.069677 -0.950154 -0.641585 -0.551395 -0.713897 -0.575472 -0.516750 -0.717488 -0.905965 -1.122109 -1.334407 -0.357054  0.197342 -0.476964 -0.342987  0.133229 -0.255810 -0.499609 -0.242540 -0.332502 -0.390795 -0.360519 -0.446065 -0.372267 -0.480456 -0.390680 -0.470677 -0.531344 -0.444202 -0.313812 -0.401022 -0.348326 -0.605956 -0.329949 -0.475825 -0.513017 -0.417998 -0.364968 -0.413933 -0.415267 -0.347544 -0.318284 -0.343218 -0.256053 -0.288887 -0.275132 -0.271453 -0.277547 -0.266511 -0.224921 -0.241604 -0.172782 -0.166315 -0.264037 -0.133106 -0.256354 -0.384462 -0.230913  0.066639 -0.343736 -0.244621 -0.327736  0.341606 -0.208342 -0.523961 -0.433343 -0.201779 -0.100858 -0.258742 -0.139919  0.211860  0.132244  0.214684  0.276008 -0.542602 -0.617018 -0.400718 -0.923936 -1.539672 -1.731324 -2.615148 -4.818387 
Shapelet  38   0.814348  0.889113  0.552991  0.404515  0.390550  0.500061  0.287911  0.245562  0.233591  0.077027  0.208479  0.237970  0.169374 -0.114907 -0.501364 -0.790071 -1.121983 -0.934723 -1.699233 -2.677005 -1.977667 -1.592593 -2.427665 -2.493512 -1.801191 -1.864305 -2.076044 -1.622365 -1.046881 
Shapelet  39  -0.393445 -0.942533 -0.112953  0.036601 -0.063626  0.341505  0.302338  0.411425  0.488445  0.686808  0.691266  0.580442  0.429462  0.202032  0.187840  0.550466  0.668452  0.659801  0.527558  0.491786  0.541223  0.410426  0.294387  0.209135  0.141141  0.210210  0.164765  0.294683  0.278762  0.320607  0.341273  0.274541  0.338655  0.332704  0.284080  0.244637  0.177139  0.238309  0.334346  0.280629  0.264131  0.283738  0.274643  0.293144  0.293916  0.253571  0.234116  0.346901  0.333848  0.216976  0.169721  0.319517  0.217557  0.099860 -0.036818 -0.033357 -0.026655  0.045351  0.020436 -0.031419 -0.067939 -0.077469 -0.029182 -0.092646 -0.125536  0.001460  0.011163 -0.083838 -0.161147 -0.237855 -0.193159 -0.199428 -0.214181 -0.351798 -0.159929 -0.301703 -0.318100 -0.361653 -0.327767 -0.323781 -0.402543 -0.364213 -0.530803 -0.455183 -0.486529 -0.686807 -0.494325 -0.439735 -0.578692 -0.654585 -0.708165 -0.569487 -0.621969 -0.705168 -0.670032 -0.782567 -0.698688 -0.879063 -0.919183 -0.813929 -0.816665 -0.842595 -0.854877 -0.758618 -0.758063 -0.811784 -0.793862 -0.811872 -0.771198 
Shapelet  41  -1.541207 -1.352294 -1.739766 -2.254594 -2.381083 -2.366099 -2.542011 -2.726512 -2.534963 -2.067454 -1.324737 -1.078941 -0.405422  0.319342  0.583531  0.472886  0.407705  0.997919  1.042439  0.916045  0.825958  0.950956  0.880362  0.734716  0.885579  1.179966  1.331946  1.624338  1.447691  1.410423  1.255701  0.812678  1.171253  1.138111  4.777879 -0.961217  1.423938  0.696643  0.895955  1.572322  1.737433  2.104682  1.825440  1.118432  1.140095  0.765815  0.528248  1.016306  1.610700  1.814445 -1.527807  0.772898  0.390792  0.560972  1.032830  1.614116  1.594830  1.244400  1.771176  1.714756  0.994176  1.316160  1.541190  1.154611  1.523339  1.700757  3.010412 -0.807594  1.176199  1.324553  1.571437  1.349623  1.475081  1.620985  1.435861  1.324277  0.739218  0.647355  0.315557  0.145070 -0.192695 -0.384533 -0.337442 -0.431628 -0.860454 -1.136584 -1.672972 -2.078510 -2.189416 -2.206060 -1.952633 
Shapelet  42  -2.743990 -3.762871 -3.933750 -4.358573 -4.504088 -4.038699 -3.886153 -3.472334 -2.982019 -2.493763 -1.710718 -1.119309 -0.226628  0.262243  0.596076  1.063681  1.376551  1.642999  1.612075  1.619011  1.829685  1.828886  1.791851  1.979164  2.014744  2.118445  1.968019  1.800408  1.823752  1.611601  1.615955  1.666038  1.768032  1.816644  1.714981  1.810267  1.749266  1.700847  1.609193  1.451414  1.391931  1.466807  1.362376  1.378814  1.160619 
Shapelet  43  -0.835083 -0.785490 -0.849705 -0.952942 -0.981632 -0.961648 -0.726747 -0.035320  0.815941 -0.196422  0.376110  3.724309  5.471015  4.051941  1.245101  0.063694  0.385095 -0.430118 -0.611952 -0.470918 -0.342948 -0.528187 -0.553286 -0.385671 -0.214430  0.161554  0.766087  1.026528  1.031475  1.488300  1.975628  2.050756  2.177847  2.279998  2.318531  2.353005  2.822899  2.929157  3.029616  2.913418  2.669953  2.725099  2.741313  2.518328  2.375666  2.125401  1.959763  2.157399  1.781416  1.591724  1.440230  1.679124  1.529301  1.756664  1.869424  1.896425  1.311825  1.126361  1.243041  1.339429  1.330907  1.328893  1.218621  1.046244  1.198214  0.955703  1.017651  0.714729  0.674838  0.551944  0.530563  0.488723  0.651822  0.603239  0.513720  0.595960  0.691951  0.872234  1.073453  0.294687 -0.126506 -0.032420 -0.026366 -0.452078 -0.214211 -0.654409 -0.274148 -0.363122 -0.382770 -0.113397 -0.277848 -0.399057 -0.187523  0.374867 -0.235587 -0.769782 -0.733714 -0.926518 -0.870725 -0.726082 -0.610681 -0.786558 -0.510817 -0.305833 -0.312656 -0.470990 -0.129691 -0.279842 -0.529915 -0.756411 -1.080734 -0.839938 -0.571760 -0.835346 -0.814767 -0.989470 -0.756796 -0.711193 -0.298029  1.270355  0.908691 -0.174990 -0.668839 -0.914205 -0.868098 -0.754569 -0.574999 -0.542948 -0.497364 -0.445295 -0.424187 -0.403536 -0.215454 -0.200269 -0.032035  0.152677  0.368404  0.397116  0.431360  0.226480  0.104188  0.131786  0.101927  0.329168  0.296810  0.215663  0.164663  0.032998  0.027845  0.054717  0.221161  0.287115  0.095862  0.086891  0.098013  0.092881  0.107226  0.160637  0.224656  0.123796  0.143754  0.230030  0.315499  0.169295  0.119528  0.316596  0.507019  0.799557  0.029014 -0.523554 -0.724597 -0.727981 -0.554420 -0.137122 -0.514226 -0.530178 -0.554338 -0.569125 -0.495562 -0.245650 -0.206984 -0.140254 -0.120335 -0.144010 -0.120846 -0.182160 -0.211384 -0.248234 -0.209034 -0.072947 -0.172930 -0.262571 -0.319762 -0.070899 -0.220266 -0.261877 -0.238616 -0.021797 -0.419225 -0.486328 -0.484897 -0.449359 -0.428818 -0.332607 -0.279314 -0.211765 -0.247424 -0.099378 -0.441357 -0.470456 -0.480198 -0.448354 -0.456424 -0.513300 -0.577180 -0.587210 -0.587146 -0.572925 -0.588339 -0.612727 -0.578958 -0.569120 -0.565040 -0.583669 -0.546442 -0.507128 -0.300870 -0.496192 -0.514232 -0.537099 -0.537437 -0.253128 -0.580580 -0.574605 -0.578276 -0.587328 -0.630326 -0.669961 -0.373268 -0.627400 -0.770392 -0.759818 -0.762953 -0.693773 -0.670487 -0.687018 -0.696106 -0.699156 -0.696254 -0.414137 -0.716408 -0.725418 -0.708367 -0.701585 -0.722724 -0.739434 -0.724351 -0.694282 -0.700313 -0.716576 -0.712725 -0.695109 -0.709926 -0.703402 -0.708828 -0.744727 -0.767842 -0.755915 -0.742657 -0.736804 -0.728958 -0.738610 -0.734591 -0.732466 -0.726059 -0.729414 -0.738235 -0.748940 -0.766615 -0.781000 -0.770552 -0.770446 -0.785514 -0.791781 -0.783372 -0.774744 -0.779755 -0.433962 -0.742849 -0.802967 -0.814821 -0.824426 -0.822704 -0.801997 -0.789725 -0.791498 -0.803480 -0.814646 -0.822300 
Shapelet  46   0.344518  0.479142  0.695021  0.747549  0.740292  0.814827  0.699391  0.653389  0.707655  0.653085  0.476234  0.562750  0.733805  0.639814  0.391108  0.509828  0.635560  0.639412  0.594724  0.543949  0.513111  0.616029  0.584790  0.694171  0.854763  0.765640  0.534248  0.722930  0.687546  0.731104  0.784933  0.719723  0.962557  0.829728  0.832129  0.783048  0.855331  0.750467  0.886753  1.014022  0.635749  0.686456  0.826206  0.790667  0.696218  0.938530  0.749068  0.649862  0.889620  0.936126  0.813062  0.941754  0.942627  0.812731  0.812406  0.800334  0.908973  0.802744  0.792956  0.774929  0.821092  0.794758  0.764913  0.899391  0.800348  0.673339  0.806065  0.938030  0.702765  0.674239  0.939793  0.938813  0.790633  0.949540  0.950044  0.807698  0.783838  0.952235  0.939992  0.929239  0.798289  1.062264  0.933406 
Shapelet  51   0.487593  0.514855  0.536434  0.520536  0.448492  0.506164  0.493899  0.516255  0.570299  0.610333  0.580308  0.586402  0.469122  0.308771  0.266014 -0.073212 -0.403825 -0.702524 -0.919277 -1.045587 -1.186074 -1.434763 -1.636599 -1.833452 -1.999804 -2.198424 -2.349564 -2.188689 -1.880046 -1.485768 -1.257213 -0.967900 -0.771638 -0.322294 -0.174690  0.065295  0.386833  0.408750  0.475742  0.523308  0.764227  1.059525  0.725173  0.676615  1.625873  1.524883  0.672233  0.380158  0.498009  0.300691  0.330745  0.346351  0.416999  0.370410  0.461982  0.681197  0.454419  0.286827  0.295671  0.353943  0.366224  0.247112  0.114364  0.036312 -0.162644 -0.260095 -0.452135 -0.478650 -0.651270 -0.734791 -0.721043 -0.844644 -0.764333 -0.756072 -0.430019 -0.384369 -0.301419 -0.135916  0.071490  0.064475  0.013593  0.233916  0.096658  0.146162  0.350124 -0.065904 -0.089623  0.165068 -0.672686 -0.406963 -0.786994 -1.009621 -1.179032 -1.504239 -1.572081 -1.714805 -1.751560 -1.903767 -1.840425 -1.707473 -1.723216 -1.697401 -1.602721 -1.692531 -1.575906 -1.251886 -1.266228 -1.382751 -1.233159 -0.968872 -0.992634 -0.945687 -0.674941 -0.540580 -0.438407 -0.265610 -0.133059  0.112420  0.260588  0.415966  0.703652  0.712295  0.599184  0.600684  0.828706  1.013676  1.214497  0.677932  0.221997  0.043227 -0.055344  0.222785  0.286727  0.304686  0.253588  0.440785  0.222669  0.241843  0.462463  0.155676  0.016332  0.003698  0.033346 -0.650628 -0.915498 -1.651637 -2.515353 -2.957778 -3.505911 -3.437810 -3.578625 -3.319229 -3.420431 -3.202744 -2.558705 -2.022177 -3.423200 -2.645272 -2.476126 -2.311180 -1.510146 -0.646783 -0.106400  0.263682  0.759771  0.868604  0.977353  0.932983  0.641589  0.781363  0.761692  0.740441  1.344399  1.482992  1.028941  0.665158  0.488802  0.317936  0.282033  0.601554  0.595625  0.471057  0.746432  0.883861  0.511731  0.766056  0.959802  1.031747  0.854984  0.679376  0.695586  0.653252  0.523899  0.498906  0.291017  0.146939  0.331457  0.254378  0.130498  0.241596  0.301158  0.249097  0.400890  0.500189  0.597791  0.702470  0.734496  0.718735  0.660409  0.494286  0.444927  0.374265  0.419748  0.619145  0.618575  0.589354  0.494427  0.477756  0.473864  0.589358  0.565783  0.689461  0.672598  0.716009  0.607360  0.602737  0.613437  0.607402  0.609583  0.606291  0.610599  0.604711  0.614056  0.614073  0.381302  0.605012  0.594637  0.501778  0.496371  0.514831  0.618764  0.622551  0.494430  0.496202  0.529762  0.483927  0.554825  0.559781  0.606158  0.606819  0.605951  0.608915  0.613207  0.740198  0.679929  0.616689  0.612752  0.612056  0.484605  0.525078  0.603256  0.603438 
Shapelet  55   0.512207  0.338980  0.361162  0.499435  0.261602  0.329747  0.105207  0.347679 -0.048085 -0.276511 -0.203239 -0.611756 -0.839008 -0.726132 -1.240543 -1.478916 -1.355791 -1.341976 -1.395123 -1.157833 -1.142117 -1.158616 -1.014234 -1.149494 -1.296702 -1.371587 -1.415810 -1.514890 -1.285455 -1.210792 -1.098640 -0.898266 -0.623603 -0.593813 -0.365704 -0.131926 -0.029613  0.438376  0.832552  0.391561 
Shapelet  60   1.065520  0.947223  0.939385  0.910536  0.791647  0.932280  0.855579  0.963763  0.853301  0.993244  0.982127  0.831470  0.926210  0.891283  0.968108  0.971330  0.908240  0.882124  0.772277  0.789635  0.781804  0.795913  0.788725  0.686358  0.645654  0.646522  0.668079  0.680539  0.738900  0.711892  0.690322  0.653527  0.705545  0.672933  0.282719  0.649372  0.668688  0.663793  0.629293  0.590544  0.584459  0.584499  0.593125 
Shapelet  61   1.914228  1.826133 -0.369950 -1.009410 -0.081054  2.040922  1.105990  1.577338  1.891005  1.769658  1.185039  1.183588  1.562353  1.484405  0.997030  0.738393  0.033967  0.178267 -0.041925 -0.029415  0.058675  0.036266  0.227915  0.355482  0.391544  0.635843  0.936570  0.875877  0.930675  1.124715  1.333730  1.153197  1.122257  1.163767  1.071675  1.074774  1.220272  1.127536  1.065524  0.835358  0.521175  0.453263  0.713003  0.690930  0.538803  0.406467 -0.056006  0.377531  0.870497  0.154663  0.149809  0.869404  0.831885  1.000319  1.496362  0.756731  1.295800  1.697641  0.807725 -0.337043 -0.037155 -0.778480 -0.649537 -1.971830 -0.813987 -0.025772 -0.191124 -0.065086 -0.831926 -1.246369 -1.950682 -1.387192 -1.409041 -1.257208 -1.076615 -0.740924 -0.633149 -0.639028 -0.532807 -0.593626 -0.859006 -0.734738 -0.678397 -0.652825 -0.698540 -0.700513 -0.562272 -0.493994 -0.508313 -0.565431 -0.594700 -0.519231 -0.558447 -0.641953 -0.715209 -0.669914 -0.703098 -0.738522 -0.755175 -0.679644 -0.778302 -0.797512 -0.805572 -0.836028 -0.877407 -0.861017 -0.892149 -0.825710 -0.995207 -0.966336 -0.916707 -1.010245 -1.000110 -0.933653 -1.018319 -0.960986 -1.031466 -1.026056 -1.018128 -1.160382 -1.041992 -1.034797 -1.029735 -1.023084 -1.034340 -1.041880 -1.029794 -1.030609 -1.159806 -1.079392 -1.181982 -1.050292 -1.187108 -1.048384 -1.084057 -1.031820 -1.049898 -1.151992 -1.085990 -1.054966 -1.056769 -1.090157 -1.069173 -1.079376 -1.205324 -1.209433 -1.184433 -1.198349 -1.107444 
Shapelet  63  -0.849647 -0.727890 -1.057648 -0.755239 -1.130672 -1.552551 -1.691125 -1.614707 -1.602754 -1.545189 -1.721263 -1.600125 -1.491971 -1.738139 -1.849037 -1.450482 -1.626188 -1.756147 -1.576703 -1.368949 -1.453376 -1.420864 -0.937037 -0.757155 -0.720423 -0.981059  0.182934  1.217965  0.905351  0.969024  1.502776  2.221341  2.335808  2.773590  2.779132  3.062221  2.633767  2.819243  2.380231  1.712461  1.381055  1.045539  0.601332  0.512503  0.247252 -0.504947 -1.114997 -1.130281 -1.454925 -1.898827 -1.631280 -1.128863 -0.560935 -1.211537 -1.088072  0.027460  0.567950  1.077230  1.246818  1.354668 -0.300602 -0.327721  1.299948  2.159705  1.458691  0.416773  1.542766  1.639349  0.346518 -0.494450 -0.005689  0.258358 -0.674572 -0.649671  0.040928 -0.099450 -0.716177 -1.526083 -1.693315 -0.923774  0.150004 -0.470665 -0.868722 -0.695951 -0.212605 -0.069314  0.191101  0.243751  0.496131  0.912432  0.951391  1.023888  0.843861  0.374457 -0.056726  0.159889  0.104338  0.379410  0.245319  0.179348  0.168835  0.006867 -0.259436  0.069940  0.538663  0.358191  0.625915  0.558479  0.549355  0.397387  0.337036  0.298928 -0.056935 -0.023633  0.531772  0.705843  0.372704  0.559986  0.799576  0.496700  0.206431  0.335570  0.280131  0.310129  0.537609  0.820267  0.683820  0.636547  0.636359  0.933566  0.905671  0.587367  0.332182  0.612870  0.539830  0.611376  0.487194  0.940872  0.766697  0.514550  0.679845  0.808214 
Shapelet  66   1.757734  1.652287  1.575461  1.406515  1.431404  1.401443  1.448198  1.413223  1.260516  0.959982  0.711033  0.660571  0.466223  0.249689  0.009842 -0.431216 -0.549922 -0.877490 -0.953843 -1.136100 -1.631433 -1.670754 
Shapelet  75   0.592601  0.396207  0.355241  0.503849  0.556530  0.473408  0.565773  0.446814  0.324163  0.340883  0.290276  0.407643  0.394648  0.437291  0.450084  0.415420  0.393196  0.319712  0.262824  0.248562  0.205546  0.216731  0.152097  0.069376 -0.011810  0.121548  0.302111  0.137109 -0.012932 -0.050066 -0.060975 -0.016879 -0.008541 -0.267340 -0.210712 -0.141359 -0.053437 -0.050266 -0.106674 -0.273898 -0.139902 -0.196453 -0.385899 -0.386836 -0.230159 -0.257241 -0.465990 -0.541445 -0.298731 -0.429384 -0.442560 -0.494052 -0.526244 -0.434258 -0.237470 -0.404732 -0.457714 -0.391530 -0.342272 -0.325423 -0.412610 -0.253613 -0.385514 -0.485904 -0.525225 -0.540132 -0.543938 -0.352137 -0.518722 -0.614643 -0.653035 -0.703961 -0.608508 -0.632281 -0.658644 -0.678882 -0.427718 -0.658764 -0.693243 -0.568087 -0.578642 -0.483751 -0.490866 -0.496876 -0.711167 -0.701996 -0.493111 -0.509785 -0.723727 -0.710459 -0.706141 -0.496128 -0.636863 -0.710751 -0.796438 -0.788828 -0.716434 -0.741988 -0.384558 -0.598192 -0.955617 -1.017911 -0.871783 -0.515654 -0.362597 -0.513737 -0.742579 -0.745186 -0.695042 -0.710193 -0.548015 -0.773025 -0.728231 -0.545784 -0.560305 -0.788667 -0.786295 -0.585467 -0.549493 -0.740728 -0.743212 -0.588535 -0.582514 -0.775938 -0.798731 -0.793087 -0.772231 -0.560271 -0.576044 
Shapelet  83  -1.140016 -1.022139 -1.061689 -1.178893 -1.210243 -1.185791 -1.019128 -0.921473 -0.982793 -1.004605 -1.081893 -1.031131 -0.853444 -0.793725 -0.828031 -0.659800 -0.546395 -0.468674 -0.469114 -0.397050 -0.349232 -0.234029 -0.188648 -0.225796 -0.229965 -0.159916 -0.127657 -0.169396 -0.062700 -0.007728  0.112024  0.434680  1.352193  3.206519  3.257516  1.797289  0.557977  0.036375  1.249377  1.707360  1.106949  0.562250  0.872429  0.342538  0.070384  0.415769  0.740465  0.383245 -0.126948  0.284909  0.308403  0.303625  0.066103  0.735364  0.752024  0.482949  0.630095  0.634729  0.892408  0.615109  0.513489  0.680106  0.481199  0.494425  0.593934  0.306236  0.506507  0.450113  0.440867  0.367188  0.446320  0.381792  0.422083  0.463149  0.478803  0.649159  0.598413  0.580992  0.630331  0.632040  0.606764  0.578536  0.624256  0.697233  0.701206  0.757842  0.703850  0.797524  0.864420  0.905530  0.970157  0.887738  1.040310  0.941651  0.894907  0.892499  0.929450  0.856504  0.842957  0.931104  0.942376  0.894374  0.856756  0.932170  0.900639  1.027397  1.018550  0.996196  1.018040  1.028213  1.093763  1.004115  1.069593  0.982882  0.972088  1.093094  1.108276  1.199107  1.210473  1.126070  1.142806  1.173353  1.164851  1.193680  1.203769  1.213248  1.257364  1.278121  1.180476  1.233284  1.230567  1.290372  1.357448  1.365075  1.418528  1.435295  1.374191  1.402472  1.376860  1.405203  1.336982  1.210293  1.433223  1.478353  1.651968  1.443788  1.283810  1.476099  1.413892  1.153947  0.270092 -0.740891 -1.572220 -2.568411 -2.938179 -3.076890 -1.873389 -1.757574 -2.853968 -2.866643 -2.598117 -1.872744 -1.645788 -0.723870 -0.842795 -1.817073 -0.652317  2.685708  0.047868  0.775082  0.981522  0.537086  0.596422  0.817676  1.890561  2.644524  2.606432  1.461477  0.514625 -0.839577 -1.311671 -1.345944  0.372934  0.134491 -0.459735 -0.442116 -0.311593 -0.241485 -0.472670 -0.647275 -0.548223 -0.432241 -0.447072 -0.451173 -0.435466 -0.436935 -0.346457 -0.386180 -0.435259 -0.520966 -0.517785 -0.541172 -0.488950 -0.485143 -0.460681 -0.465613 -0.552008 -0.534167 -0.560418 -0.537562 -0.582341 -0.577974 -0.542423 -0.601441 -0.630261 -0.646087 -0.634426 -0.619999 -0.615676 -0.635164 -0.628122 -0.610298 -0.594504 -0.603296 -0.614234 -0.694443 -0.570473 -0.469343 -0.595578 -0.664386 -0.609374 -0.625507 -0.532390 -0.595240 -0.536321 -0.653783 -0.669387 -0.680822 -0.697375 -0.767271 -0.720497 -0.727615 -0.598854 -0.590213 -0.690562 -0.696959 -0.708949 -0.706814 -0.706567 -0.716092 -0.641393 -0.643796 -0.716284 -0.633103 -0.720151 -0.693443 -0.606613 -0.714006 -0.713553 -0.604489 -0.605090 -0.714217 -0.717933 -0.715307 -0.717980 -0.731132 -0.711012 -0.618816 -0.614278 -0.727747 -0.722752 -0.730111 -0.730583 -0.728722 -0.728584 -0.729881 -0.713791 -0.620342 -0.744998 -0.746033 -0.744567 -0.744624 -0.751587 -0.752446 -0.861476 -0.747279 -0.640499 -0.743607 
Shapelet 111  -1.135497 -1.064493 -0.980006 -0.718279 -0.495277 -0.436462 -0.403059 -0.312579 -0.244508 -0.222606 -0.111771 -0.139471  0.014075  0.070291  0.039580  0.153938  0.281525  0.294911  0.327962  0.382891  0.453161  0.416309  0.320774  0.365317  0.435673  0.429413  0.587558  0.622312  0.517673  0.510084  0.606383  0.599505  0.771803  0.810492  0.704016  0.765449  0.700934  0.660475  0.662558  0.577308  0.621410  0.695457  0.577634  0.545902  0.531562  0.550130  0.497416  0.601348  0.583102  0.572252  0.748123  0.758439  0.784100  0.760807  0.758675  0.823416  0.733637  0.819446  0.777845  0.764870  0.910151  0.897882  0.931547  0.892310  0.888753  0.845164  0.833315  0.871275  0.915281  1.106790  1.210574  1.273049  1.273667  1.338868  1.335487  1.421815  1.435199  1.349842  1.189737  1.503437  1.677379  1.136856  1.025617  1.212066  0.946318  1.168813  1.534575  1.027084  0.374594  0.321245  0.069785 -0.563734 -0.805267 -0.628057 -1.457264 -2.051830 -1.304817 -1.250420 -2.014737 
Shapelet 120   0.798074  0.748017  0.749085  0.775595  0.790918  0.862688  0.829475  0.802948  0.757700  0.821669  0.781564  0.759857  0.752590  0.309576  0.770324  0.259576  0.204094  0.182970  0.195802  0.216953  0.215953  0.110944  0.143453  0.042268  0.314164  0.675404  0.682790  0.276619  0.301800  0.304907  0.265669 
Shapelet 121   0.698189  1.071077  1.137169  0.740286  0.612339  0.712349  0.587978  0.544736  0.255632  0.015608 -0.077743 -0.144999 -0.390123 -0.389012 -0.746583 -0.881931 -1.092750 -1.116791 -1.192323 -1.067552 -1.085084 -0.847814 -0.985850 -1.185543 -1.117914 -1.340437 -1.059238 -1.335491 -1.274653 -1.022675 -0.949352 -0.907333 -0.813413 -0.655222 -0.563694 -0.483953 -0.292289 -0.127830 -0.230700 -0.035421 -0.130679 -0.079741 -0.515194 -0.669452 -0.573157 -0.905170 -1.623707 -1.928558 -1.507945 -2.292740 -2.262661 -2.028106 -1.972184 -1.970299 -1.593026 -1.495575 -1.515450 
Shapelet 122   0.624901  0.643197  0.568142  0.581905  0.665841  0.668557  0.642583  0.667429  0.698380  0.607634  0.591769  0.589847  0.562092  0.547203  0.478450  0.493375  0.496273  0.573064  1.247666  1.593733  1.906792  1.820215  1.387383  0.970482  0.792792  0.692073  0.544275  0.375543  0.099876 -0.218242 -0.131723  0.098133 -0.039584 -0.437443 -0.116575  0.020596  0.096401 -0.086398  0.021732  0.164840  0.262906  0.283379  0.342922  0.398299  0.449093  0.530893  0.517483  0.480718  0.559686  0.686266  0.614551  0.582138  0.797557  0.895145  0.801743  0.660144  0.808701  1.014436  1.107293  1.072027  1.014005  1.036961  1.036289  1.021611  1.024131  1.199099  1.179215  1.085407  1.039848  1.171724  1.169741  1.152386  1.188311  1.182615  1.164752  1.223516  1.248427  1.214310  1.231013  1.060746  1.006408  1.122786  1.114743  1.099232  1.190429  1.151353  1.131005  1.226685  1.299886  1.344325  1.444889  1.440552  1.467213  1.567908  1.579249  1.495209  1.457122  1.500474  1.571729  1.498553  1.467281  1.475799  1.507678  1.652662  1.885730  1.902151  1.902999  1.437879  1.083784  1.039419  1.254927  1.298269  1.048332  0.774055  0.630214  0.417601  0.806709  0.971050  0.973977  0.945992  0.788665  0.736962  1.164740  1.343840  1.553988  1.296886  1.361873  0.834792  0.525735  0.581238  0.589718  0.676139  1.260530  1.583130  1.546250  1.398710  1.300665  0.839238  0.672375  0.316714  0.883512 -0.021274 -0.275988 -0.511190 -0.149678  0.216761  0.295791 -0.142497 -0.415105 -0.575030 -0.610926 -0.688954 -0.554843 -0.373597 -0.254304 -0.338776 -0.340358 -0.237259 -0.270295 -0.092233 -0.064891 -0.460707 -0.518575 -0.488189 -0.367724 -0.585315 -0.525184 -0.701254 -0.603881 -0.591954 -0.723135 -0.539485 -0.605313 -0.713502 -0.815540 -0.744558 -0.884722 -0.688067 -0.840706 -0.863055 -0.753325 -0.900611 -1.048240 -0.966618 -1.167040 -1.115213 -0.928409 -0.785266 -0.840403 -0.956065 -0.892078 -0.961428 -0.717710 -0.930334 -0.860345 -0.934206 -0.815069 -0.884628 -0.931941 -0.960816 -0.959877 -1.050165 -0.927912 -1.124500 -1.010187 -1.076450 -1.085152 -1.122366 -1.173103 -1.211181 -1.190983 -1.022964 -1.092698 -1.041062 -1.135172 -1.175820 -1.164049 -1.165849 -1.185196 -1.196025 -1.200464 -1.194181 -1.266817 -1.125694 -1.212687 -1.204332 -1.198453 -1.345035 -1.203801 -1.306257 -1.198522 -1.044800 -1.194971 -1.200731 -1.220141 -1.376832 -1.226011 -1.220110 -1.166201 -1.200874 -1.177137 -1.227716 -1.377788 -1.227754 -1.229848 -1.194350 -1.244253 -1.256102 -1.246409 -1.376176 -1.221441 
Shapelet 123   0.909413  0.936078  1.038246  0.963062  1.068320  1.156040  1.156708  1.117786  1.153001  1.157877  1.200972  1.186034  1.280487  1.270392  1.218054  1.286399  1.327995  1.342634  1.521278  1.540781  1.636752  1.644971  1.672583  1.651795  1.657887  1.718945  1.535787  1.696901  1.725607  1.696462  1.940833  2.081823  2.090361  1.863986  2.043367  1.870812  1.864800  1.950066  2.126074  2.217379  2.361243  2.504923  2.690439  2.620171  2.146183  1.845537  1.917060  1.441983  1.024190  1.235410  1.422513  1.285894  1.126560  0.915405  0.458952  0.133171  0.113610  0.013299 -0.514453 -0.429315 -0.551090 -0.627329 -0.589838 -0.693563 -1.164132 -1.167778 -1.582353 -1.779451 -1.530274 -1.794910 -1.946582 -1.849705 -2.432847 -3.002366 -2.559727 -1.969523 -1.610023 -1.310807 -0.771852 -0.534928 -0.963821 -1.302719 -1.370628 
Shapelet 127   0.359339  0.324358  0.220293  0.094472 -0.014923 -0.058448 -0.242511 -0.438920 -0.731819 -0.994349 -1.029969 -1.381517 -1.647791 -1.647979 -1.821864 -1.910365 -1.695914 -1.603603 -1.402630 -1.225046 -1.152715 -0.846989 -0.376679 -0.130493 -0.043463  0.281381  0.425784  0.556235  0.862762  0.966531  0.929871  1.067168  1.101408  1.308045  1.368403  1.286090  1.028489  0.931663  0.912612  0.807202  0.725184  0.711429  0.655911  1.188947  1.287315  0.909180  0.867161  1.241269  1.093584  0.835439  0.713468  0.531525  0.421973  0.401836 -0.011865 -0.575011 -0.529211 -0.529283 -0.751094 -0.499922 -0.424868 -0.222715 -0.132079 -0.060229 -0.046046 -0.040218  0.105397  0.082384  0.160054  0.253502  0.144811  0.402507  0.529957  0.369091  0.346799  0.402739  0.109911  0.288346  0.267431 -0.153468  0.093271 -0.265319 -0.614105 -0.580961 -1.087859 -1.383115 -1.140287 -1.477023 -1.250792 -1.126582 -1.035537 -0.849882 -0.910808 


; cmd = ShapeletResearch/Execs/FastShapelet UCRArchive_2018//CricketY/CricketY_TRAIN.tsv 12 390 301 10 1 10 10 0 1 10 UCRArchive_2018//CricketY/tree.txt UCRArchive_2018//CricketY/time.txt
; time =>  800.681  30.877 276.627  20.119 455.956 
