;Shapelet Tree 

;random seed:1551068855, rand()=754699501, rand()=901221001
;command = ShapeletResearch/Execs/FastShapelet UCRArchive_2018//DistalPhalanxOutlineCorrect/DistalPhalanxOutlineCorrect_TRAIN.tsv 2 600 81 10 1 10 10 0 1 10 UCRArchive_2018//DistalPhalanxOutlineCorrect/tree.txt UCRArchive_2018//DistalPhalanxOutlineCorrect/time.txt 

;Local Class:   0  1 
;Real  Class:   1  0 

;Node ID class   obj  pos  len  dist_th 
TreeSize: 30 
NonL  1    --      8   23   22   0.8854 ==> 305  62  /  73 160 
NonL  2    --    135   37   42   0.2916 ==> 168   3  / 137  59 
NonL  3    --      8   33   25   0.8862 ==>  43  14  /  30 146 
Leaf  4     1    
NonL  5    --    134   21   58   3.1801 ==>  53  54  /  84   5 
NonL  6    --      0    0   17   0.7954 ==>  43   6  /   0   8 
NonL  7    --     10    1   77   1.9024 ==>  24  30  /   6 116 
NonL 10    --     15   22   24   0.6116 ==>  40  11  /  13  43 
Leaf 11     1    
NonL 12    --      1   35   23   0.6763 ==>  31   0  /  12   6 
Leaf 13     0    
NonL 14    --     51    7   64   0.6275 ==>  10   0  /  14  30 
Leaf 15     0    
Leaf 20     1    
Leaf 21     0    
Leaf 24     1    
Leaf 25     1    
Leaf 28     1    
Leaf 29     0    

;Shapelet id   <data>
Shapelet   1  -0.651845 -0.641217 -0.575749 -0.409574 -0.196920  0.112379  0.395367  0.722143  1.037393  1.346172  1.598599  1.603275  1.522361  1.402241  1.457931  1.551316  1.431857  1.213156  1.260014  1.473472  1.293929  0.955014 
Shapelet   2   1.396306  1.429066  1.436041  1.502732  1.418889  1.271755  0.999213  0.753485  0.523509  0.270177  0.031224 -0.214876 -0.405118 -1.092418 -1.092418 -1.092418 -1.092418 -1.092418 -1.092418 -1.092418 -1.092418 -1.092418 -1.092418 -1.092418 -1.092418 -1.092418 -1.092418 -1.092418 -1.092418 -1.092418 -1.092418 -1.092418 -1.092418 -1.092418 -1.092418 -1.092418 -1.092418 -1.092418 -1.092418 -1.092418 -1.092418 -1.092418 
Shapelet   3   1.231609  1.486368  1.566945  1.412905  1.433846  1.442381  1.504578  1.507594  1.550272  1.508504  1.095209  0.802438  0.439105  0.046068 -0.280789 -0.627791 -0.775343 -0.001219 -0.119011 -0.271457 -0.552165 -0.817907 -1.123653 -1.426440 -1.702249 
Shapelet   5  -0.320102 -0.367370 -0.273602 -0.090127  0.149177  0.384145  0.626302  0.697190  0.889527  1.100053  1.343471  1.461792  1.394744  1.323856  1.347476  1.347805  1.360425  1.416005  1.450873  1.398887  1.251267  1.042744  0.824290  0.752030  0.559254  0.410729  0.168490 -0.053640 -0.264632 -1.123495 -1.123495 -1.123495 -1.123495 -1.123495 -1.123495 -1.123495 -1.123495 -1.123495 -1.123495 -1.123495 -1.123495 -1.123495 -1.123495 -1.123495 -1.123495 -1.123495 -1.123495 -1.123495 -1.123495 -1.123495 -1.123495 -1.123495 -1.123495 -1.123495 -1.123495 -1.123495 -1.123495 -1.123495 
Shapelet   6  -0.791748 -0.755816 -0.480617 -0.180228  0.160160  0.533688  0.789282  0.956684  1.166513  1.275585  1.396250  1.423321  1.421985  1.301988  1.225389  0.786126  0.525858 
Shapelet   7  -0.404328 -0.307017 -0.214205  0.046808  0.350323  0.692255  0.885119  1.067797  1.215986  1.141116  1.218882  1.218623  1.088065  1.016401  0.872813  0.647271  0.450322  0.337241  0.148824 -0.096573 -0.340678 -0.569477 -0.640056 -0.527492 -0.305879 -0.032354  0.265473  0.554458  0.876226  1.200113  1.190444  1.397061  1.305386  1.295252  1.261178  1.165573  1.287754  1.594837  1.668570  1.830720  1.682531  1.506316  1.267744  0.942254  0.547478  0.251047 -0.017928 -0.210171 -0.391712 -0.458154 -0.621700 -0.735971 -0.862496 -1.024801 -1.086331 -1.238471 -1.391506 -1.497700 -1.439619 -1.335048 -1.166367 -1.025680 -0.910376 -0.819528 -0.745433 -0.736229 -0.897501 -0.956084 -1.162913 -1.312851 -1.393673 -1.386067 -1.375136 -1.272422 -1.115287 -0.978059 -0.815236 
Shapelet  10  -0.539053 -0.735698 -0.692267 -0.538722 -0.338146 -0.061319  0.227443  0.523735  0.825048  1.129771  1.370272  1.375008  1.343892  1.388127  1.363073  1.375340  1.373682  1.462864  1.397173  1.367714  1.375529  1.293641  0.980346  0.607044 
Shapelet  12   1.566945  1.412905  1.433846  1.442381  1.504578  1.507594  1.550272  1.508504  1.095209  0.802438  0.439105  0.046068 -0.280789 -0.627791 -0.775343 -0.001219 -0.119011 -0.271457 -0.552165 -0.817907 -1.123653 -1.426440 -1.702249 
Shapelet  14   0.882300  1.145362  1.264954  1.309124  1.387220  1.279797  1.206202  1.089644  0.961505  0.725225  0.511748  0.230743 -0.069769 -0.276657 -0.432785 -0.523050 -0.434840 -0.249809 -0.017085  0.210322  0.441937  0.696420  0.926894  1.179778  1.414134  1.419125  1.332579  1.303774  1.276143  1.349184  1.379978  1.405946  1.465154  1.492524  1.499375  1.368267  1.090394  0.857996  0.564595  0.316604  0.027770 -0.232259 -0.467071 -1.075827 -1.075827 -1.075827 -1.075827 -1.075827 -1.075827 -1.075827 -1.075827 -1.075827 -1.075827 -1.075827 -1.075827 -1.075827 -1.075827 -1.075827 -1.075827 -1.075827 -1.075827 -1.075827 -1.075827 -1.075827 


; cmd = ShapeletResearch/Execs/FastShapelet UCRArchive_2018//DistalPhalanxOutlineCorrect/DistalPhalanxOutlineCorrect_TRAIN.tsv 2 600 81 10 1 10 10 0 1 10 UCRArchive_2018//DistalPhalanxOutlineCorrect/tree.txt UCRArchive_2018//DistalPhalanxOutlineCorrect/time.txt
; time =>   16.826   1.152   6.233   0.912   8.023 
