;Shapelet Tree 

;random seed:1551068594, rand()=1842422119, rand()=388516897
;command = ShapeletResearch/Execs/FastShapelet UCRArchive_2018//ArrowHead/ArrowHead_TRAIN.tsv 3 36 252 10 1 10 10 0 1 10 UCRArchive_2018//ArrowHead/tree.txt UCRArchive_2018//ArrowHead/time.txt 

;Local Class:   0  1  2 
;Real  Class:   0  1  2 

;Node ID class   obj  pos  len  dist_th 
TreeSize: 6 
NonL  1    --      3   56   31   1.1960 ==>  11  12   0  /   1   0  12 
NonL  2    --      1   41   77   1.2723 ==>   0  12   0  /  11   0   0 
Leaf  3     2    
Leaf  4     1    
Leaf  5     0    

;Shapelet id   <data>
Shapelet   1   1.333068  1.311510  1.205986  1.176023  1.112185  1.061711  0.996692  0.951080  0.868980  0.736908  0.686616  0.550799  0.447577  0.361795  0.360907  0.295037  0.337846  0.408960  0.452909  0.450168  0.439501  0.330737  0.230326  0.031435 -0.085498 -0.253123 -0.374597 -0.466526 -0.604628 -0.618457 -0.676281 
Shapelet   2   0.932830  0.967863  1.052073  1.098509  1.117308  1.170456  1.182296  1.162625  1.194007  1.192271  1.224365  1.240579  1.240579  1.222965  1.255715  1.288868  1.254630  1.253648  1.287975  1.304784  1.304072  1.321048  1.285873  1.285368  1.267836  1.248239  1.225661  1.162599  1.140646  1.095316  1.097015  1.021601  0.988837  0.926406  0.877163  0.816547  0.785541  0.727752  0.661806  0.597562  0.577957  0.509235  0.509662  0.440186  0.387571  0.335921  0.303311  0.222846  0.190076  0.144647  0.118382  0.076166  0.046068  0.032005 -0.046298 -0.110637 -0.160194 -0.246346 -0.322254 -0.412196 -0.457794 -0.550512 -0.623051 -0.651515 -0.762086 -0.847730 -0.922186 -0.965051 -1.020766 -1.092869 -1.155644 -1.166156 -1.186926 -1.154629 -1.172637 -1.181318 -1.194338 


; cmd = ShapeletResearch/Execs/FastShapelet UCRArchive_2018//ArrowHead/ArrowHead_TRAIN.tsv 3 36 252 10 1 10 10 0 1 10 UCRArchive_2018//ArrowHead/tree.txt UCRArchive_2018//ArrowHead/time.txt
; time =>   10.029   0.397   1.958   0.178   7.251 
