;Shapelet Tree 

;random seed:1551078785, rand()=1340600962, rand()=1864048293
;command = ShapeletResearch/Execs/FastShapelet UCRArchive_2018//Mallat/Mallat_TRAIN.tsv 8 55 1025 10 1 10 10 0 1 10 UCRArchive_2018//Mallat/tree.txt UCRArchive_2018//Mallat/time.txt 

;Local Class:   0  1  2  3  4  5  6  7 
;Real  Class:   6  4  8  7  3  2  5  1 

;Node ID class   obj  pos  len  dist_th 
TreeSize: 24 
NonL  1    --     10   69  738  10.4891 ==>   0  11   7   0   0   0   2   6  /   6   0   0   9   6   8   0   0 
NonL  2    --      0  330   44   0.2202 ==>   0  11   0   0   0   0   0   0  /   0   0   7   0   0   0   2   6 
NonL  3    --      5  659  356   2.7203 ==>   0   0   0   0   6   8   0   0  /   6   0   0   9   0   0   0   0 
Leaf  4     4    
NonL  5    --      1  166  714  10.3288 ==>   0   0   7   0   0   0   0   0  /   0   0   0   0   0   0   2   6 
NonL  6    --      0  511  379   4.8021 ==>   0   0   0   0   6   0   0   0  /   0   0   0   0   0   8   0   0 
NonL  7    --      0  509  137   2.9647 ==>   6   0   0   0   0   0   0   0  /   0   0   0   9   0   0   0   0 
Leaf 10     8    
NonL 11    --      1   56  234   5.0891 ==>   0   0   0   0   0   0   0   6  /   0   0   0   0   0   0   2   0 
Leaf 12     3    
Leaf 13     2    
Leaf 14     6    
Leaf 15     7    
Leaf 22     1    
Leaf 23     5    

;Shapelet id   <data>
Shapelet   1   0.732071  0.776130  0.814154  0.845784  0.871702  0.892629  0.909123  0.921860  0.931108  0.937129  0.940639  0.942163  0.941835  0.939844  0.936230  0.931113  0.925169  0.919020  0.913087  0.907780  0.903135  0.899140  0.896110  0.894196  0.893266  0.893266  0.893998  0.895426  0.898227  0.903069  0.910303  0.920382  0.933637  0.950293  0.970866  0.995594  1.023974  1.055489  1.089632  1.125862  1.164100  1.204239  1.245855  1.288605  1.332143  1.376080  1.420262  1.464440  1.508030  1.550523  1.591408  1.630302  1.667377  1.702839  1.736775  1.769320  1.800388  1.829889  1.857942  1.884614  1.909943  1.933985  1.956683  1.978017  1.998113  2.017057  2.035002  2.051987  2.067706  2.081852  2.093962  2.103695  2.111338  2.117093  2.121048  2.123162  2.122552  2.118327  2.110216  2.097743  2.080283  2.057436  2.028346  1.992736  1.952002  1.907584  1.861050  1.813870  1.766026  1.717618  1.669181  1.621370  1.576164  1.535504  1.500446  1.472197  1.451229  1.437819  1.434181  1.440932  1.456314  1.478571  1.500216  1.517837  1.538823  1.569175  1.625093  1.712243  1.804603  1.878240  1.892394  1.825525  1.723556  1.628255  1.604285  1.685735  1.780394  1.804923  1.668344  1.317417  0.885352  0.500482  0.255652  0.224868  0.315358  0.428306  0.534670  0.593527  0.623696  0.654056  0.657760  0.624323  0.566039  0.488883  0.411393  0.351169  0.302723  0.261995  0.234827  0.221435  0.218591  0.223831  0.230140  0.231787  0.231151  0.230115  0.227628  0.224157  0.219766  0.214293  0.209752  0.207514  0.206515  0.206010  0.205675  0.205030  0.204707  0.205374  0.206837  0.209180  0.212805  0.217955  0.225193  0.234836  0.246297  0.258991  0.272330  0.285757  0.299472  0.313606  0.328006  0.342461  0.356122  0.368113  0.378081  0.385511  0.389802  0.390523  0.386743  0.378054  0.365462  0.349966  0.333039  0.315846  0.297306  0.276648  0.254093  0.229933  0.206377  0.185864  0.168039  0.153901  0.148097  0.154163  0.175675  0.214525  0.264763  0.319967  0.378820  0.437348  0.487749  0.523993  0.537980  0.524999  0.494239  0.455331  0.409890  0.363688  0.327089  0.307623  0.317470  0.362660  0.425920  0.489595  0.547334  0.587326  0.595403  0.561408  0.466043  0.300020  0.087136 -0.148429 -0.392879 -0.627334 -0.839465 -1.020229 -1.146746 -1.206836 -1.217696 -1.196236 -1.155766 -1.111779 -1.065299 -1.016487 -0.978144 -0.956732 -0.947204 -0.945590 -0.944998 -0.939388 -0.934664 -0.936026 -0.943358 -0.957850 -0.977979 -1.001440 -1.029768 -1.063092 -1.098267 -1.132787 -1.163506 -1.187956 -1.207868 -1.224985 -1.239853 -1.253387 -1.264933 -1.273748 -1.280581 -1.285790 -1.289264 -1.291114 -1.290834 -1.288199 -1.284283 -1.279996 -1.276090 -1.273131 -1.270322 -1.266813 -1.262386 -1.256609 -1.249226 -1.240114 -1.228594 -1.214348 -1.198028 -1.180258 -1.161746 -1.143147 -1.124214 -1.104765 -1.085003 -1.065109 -1.045754 -1.027653 -1.010967 -0.996049 -0.983610 -0.974182 -0.968531 -0.967042 -0.968819 -0.972922 -0.978497 -0.984663 -0.991372 -0.998529 -1.005530 -1.011851 -1.016695 -1.019214 -1.019144 -1.016015 -1.008802 -0.996695 -0.978681 -0.954214 -0.924323 -0.890108 -0.852612 -0.812876 -0.770773 -0.726267 -0.679956 -0.632403 -0.584803 -0.538424 -0.493586 -0.450954 -0.411990 -0.377800 -0.349915 -0.329064 -0.313329 -0.300696 -0.289278 -0.277190 -0.264495 -0.251142 -0.235964 -0.217961 -0.195325 -0.166141 -0.130119 -0.086375 -0.032386  0.033736  0.114333  0.210470  0.318694  0.435327  0.557451  0.681803  0.807318  0.932929  1.055644  1.173120  1.283608  1.385182  1.477507  1.559634  1.627873  1.679206  1.710853  1.721109  1.712847  1.689282  1.652169  1.603995  1.546297  1.480417  1.409621  1.336235  1.260148  1.181427  1.099715  1.014880  0.929365  0.845359  0.764029  0.686433  0.611907  0.539538  0.469629  0.401929  0.335532  0.269775  0.203323  0.135396  0.067429  0.000824 -0.063577 -0.124756 -0.182623 -0.237208 -0.287660 -0.333586 -0.375451 -0.413658 -0.448876 -0.481698 -0.511764 -0.538803 -0.562938 -0.584262 -0.603329 -0.620764 -0.636703 -0.651479 -0.665802 -0.680248 -0.695548 -0.712190 -0.729700 -0.747577 -0.765583 -0.783355 -0.800801 -0.817869 -0.834121 -0.849310 -0.863659 -0.877354 -0.890623 -0.903670 -0.916287 -0.928280 -0.939656 -0.950377 -0.960502 -0.970119 -0.979158 -0.987609 -0.995619 -1.003302 -1.010792 -1.018179 -1.025313 -1.032040 -1.038309 -1.044030 -1.049123 -1.053538 -1.057141 -1.059862 -1.061826 -1.063155 -1.063916 -1.064208 -1.064101 -1.063648 -1.062993 -1.099041 -1.104438 -1.108555 -1.111356 -1.112804 -1.112907 -1.111678 -1.109136 -1.105296 -1.100173 -1.093788 -1.086070 -1.077015 -1.066847 -1.055747 -1.043898 -1.031406 -1.017961 -1.003252 -0.987229 -0.969751 -0.950619 -0.929733 -0.906845 -0.881922 -0.855580 -0.828476 -0.801163 -0.774256 -0.748206 -0.723429 -0.700251 -0.679066 -0.660412 -0.644719 -0.633014 -0.625806 -0.621565 -0.619048 -0.617899 -0.617706 -0.619980 -0.626456 -0.634859 -0.645050 -0.663230 -0.693952 -0.741647 -0.808232 -0.882976 -0.954619 -1.020820 -1.075023 -1.104843 -1.101099 -1.049850 -0.944147 -0.802580 -0.644312 -0.479130 -0.321237 -0.181561 -0.068197  0.000047  0.013000 -0.014715 -0.068659 -0.137584 -0.208504 -0.281079 -0.355545 -0.420940 -0.471624 -0.510926 -0.541030 -0.568808 -0.599041 -0.621906 -0.629186 -0.618215 -0.586221 -0.539747 -0.486575 -0.423459 -0.352502 -0.288333 -0.242065 -0.226730 -0.249671 -0.291136 -0.330581 -0.363441 -0.377736 -0.354636 -0.280714 -0.132369  0.101704  0.389635  0.698926  1.012039  1.304369  1.558071  1.759982  1.879105  1.898802  1.842943  1.735185  1.593710  1.439939  1.276142  1.103382  0.940074  0.795977  0.664718  0.541430  0.417308  0.284764  0.152939  0.029966 -0.083457 -0.184927 -0.276246 -0.360351 -0.434523 -0.498198 -0.555708 -0.610398 -0.666690 -0.727825 -0.790159 -0.850052 -0.906094 -0.956168 -1.000320 -1.038944 -1.069961 -1.092355 -1.107290 -1.115688 -1.119032 -1.118631 -1.113534 -1.102974 -1.087098 -1.065964 -1.040625 -1.012297 -0.981257 -0.948145 -0.914236 -0.880592 -0.848568 -0.819178 -0.791965 -0.766445 -0.742613 -0.720231 -0.699321 -0.679999 -0.661806 -0.644600 -0.629169 -0.616237 -0.606345 -0.600083 -0.597591 -0.598918 -0.604505 -0.614498 -0.628452 -0.645920 -0.666368 -0.689252 -0.714495 -0.741982 -0.771306 -0.890107 -0.891406 -0.892628 -0.893770 -0.894826 -0.895691 -0.896272 -0.896518 -0.896393 -0.895956 -0.895283 -0.894404 -0.893369 -0.892221 -0.890999 -0.889779 -0.888618 -0.887505 -0.886436 -0.885392 -0.884358 -0.883384 -0.882510 -0.881756 -0.881128 -0.880568 -0.880011 -0.879410 -0.878710 -0.877883 -0.876899 -0.875700 -0.874235 -0.872461 -0.870330 -0.867827 -0.864923 -0.861534 -0.857589 -0.853018 -0.847777 -0.841939 -0.835579 -0.828742 -0.821483 -0.813830 -0.805800 -0.797467 -0.788873 -0.779993 -0.770802 -0.761251 -0.751303 -0.741025 -0.730470 -0.719648 -0.708558 -0.697111 -0.685202 -0.672826 -0.659924 -0.646322 -0.631877 -0.616406 -0.599792 -0.582202 -0.563805 -0.544640 -0.524795 -0.504316 -0.483210 -0.461624 -0.439586 -0.416789 -0.392933 -0.367687 -0.340744 -0.312127 -0.281839 -0.249734 -0.215689 -0.179407 -0.140583 -0.099180 -0.055069 -0.007868  0.042694  0.096955  0.155050  0.216408  0.280412  0.346633  0.414537  0.483775  0.554024  0.624642  0.695146  0.765443  0.835403  0.904968  0.974040  1.042059  1.108510  1.173128  1.235612  1.295841  1.353756  1.408919  1.461108  1.510796  1.558332  1.603798  1.647172  1.687995  1.725551  1.759221  1.788553  1.811301  1.825766 
Shapelet   2  -1.087142 -1.084519 -1.080283 -1.075289 -1.070254 -1.065750 -1.062201 -1.058944 -1.055266 -1.050990 -1.045751 -1.039292 -1.031469 -1.021692 -1.009679 -0.996004 -0.981220 -0.965932 -0.950705 -0.935358 -0.919757 -0.904109 -0.888591 -0.873745 -0.860152 -0.847930 -0.837356 -0.829042 -0.823447 -0.821208 -0.822641 -0.826980 -0.833412 -0.841223 -0.849660 -0.858645 -0.868067 -0.877381 -0.886120 -0.893639 -0.899250 -0.902732 -0.903701 -0.901296 
Shapelet   3  -1.048884 -1.056523 -1.062901 -1.067567 -1.070422 -1.071348 -1.070689 -1.068860 -1.065924 -1.062077 -1.057675 -1.053014 -1.048544 -1.044612 -1.041137 -1.038040 -1.035283 -1.032813 -1.030842 -1.029562 -1.029011 -1.029221 -1.030095 -1.031503 -1.033410 -1.035738 -1.038346 -1.041107 -1.043840 -1.046401 -1.048803 -1.051057 -1.053166 -1.055131 -1.056833 -1.058166 -1.059081 -1.059536 -1.059567 -1.059225 -1.058503 -1.057424 -1.056040 -1.054392 -1.052554 -1.050573 -1.048397 -1.045974 -1.043273 -1.040254 -1.036930 -1.033314 -1.029383 -1.025125 -1.020542 -1.015633 -1.010404 -1.004860 -0.998992 -0.992791 -0.986255 -0.979376 -0.972147 -0.964561 -0.956620 -0.948320 -0.939648 -0.930595 -0.921148 -0.911306 -0.901116 -0.890623 -0.879863 -0.868876 -0.857681 -0.846298 -0.834768 -0.823120 -0.811354 -0.799473 -0.787454 -0.775287 -0.763029 -0.750723 -0.738387 -0.726032 -0.713593 -0.700996 -0.688249 -0.675313 -0.662050 -0.648348 -0.634063 -0.619106 -0.603641 -0.587831 -0.571719 -0.555394 -0.538916 -0.522306 -0.505716 -0.489181 -0.472420 -0.455154 -0.437078 -0.417910 -0.397692 -0.376445 -0.354029 -0.330330 -0.305087 -0.278018 -0.249142 -0.218359 -0.185189 -0.149277 -0.110317 -0.068165 -0.023416  0.023255  0.071657  0.121317  0.171248  0.220635  0.268710  0.314875  0.359614  0.403521  0.445875  0.486729  0.528232  0.571992  0.619299  0.670849  0.723564  0.774091  0.823147  0.869288  0.906008  0.928400  0.931039  0.911127  0.878074  0.841806  0.803954  0.770271  0.752296  0.758578  0.801842  0.888491  1.000902  1.120901  1.240982  1.348517  1.430334  1.476810  1.468806  1.396482  1.279656  1.138346  0.984561  0.834347  0.695974  0.575297  0.490495  0.451146  0.444349  0.457701  0.481089  0.502876  0.523014  0.542144  0.551163  0.546016  0.531829  0.512894  0.495306  0.484699  0.477940  0.472171  0.468993  0.468264  0.469706  0.473545  0.477051  0.478609  0.480947  0.486156  0.495811  0.511097  0.529092  0.546765  0.563718  0.578534  0.589263  0.594596  0.590964  0.576892  0.556255  0.533029  0.513873  0.502897  0.497383  0.494642  0.481018  0.452024  0.426587  0.420863  0.477317  0.613579  0.767846  0.885790  0.884646  0.720923  0.511672  0.364978  0.386503  0.646207  1.012956  1.357406  1.598101  1.664813  1.638431  1.606244  1.587985  1.612316  1.651135  1.667861  1.673927  1.671655  1.660945  1.648045  1.623805  1.581353  1.526486  1.462970  1.393471  1.322080  1.249173  1.175132  1.102526  1.033329  0.969465  0.912782  0.864730  0.825908  0.794852  0.769791  0.749381  0.731960  0.716532  0.702187  0.686875  0.669220  0.649478  0.627832  0.604812  0.580786  0.554332  0.524229  0.489940  0.451065  0.408530  0.363439  0.316129  0.267271  0.217731  0.168239  0.120054  0.074085  0.030020 -0.012427 -0.053480 -0.093374 -0.131496 -0.167290 -0.200674 -0.231535 -0.260090 -0.286651 -0.311183 -0.333810 -0.354959 -0.374992 -0.394402 -0.413549 -0.432177 -0.450034 -0.467017 -0.482979 -0.498046 -0.512359 -0.525820 -0.538419 -0.550268 -0.561453 -0.572162 -0.582537 -0.592470 -0.601881 -0.610743 -0.619053 -0.627028 -0.634898 -0.642750 -0.650719 -0.658976 -0.667648 -0.676949 -0.687007 -0.697677 -0.708808 -0.720289 -0.731983 -0.743890 -0.756008 -0.768220 -0.780450 -0.792674 -0.804853 -0.817007 -0.829131 -0.841091 -0.852774 -0.864091 -0.874975 -0.885497 -0.895738 -0.905718 -0.915482 -0.925072 -0.934519 -0.943906 -0.953284 -0.962601 -0.971808 -0.980866 -0.989731 -0.998425 -1.006968 -1.015341 -1.023535 -1.031549 -1.039380 -1.047035 -1.054520 -1.061817 -1.068911 -1.075788 -1.082438 -1.088860 -1.095053 -1.101015 -1.106742 -1.112229 -1.117470 
Shapelet   5   1.129325  1.134967  1.153568  1.182900  1.220695  1.259622  1.295968  1.336321  1.385973  1.458818  1.559459  1.664061  1.750574  1.782775  1.741141  1.665027  1.590394  1.573308  1.643306  1.720198  1.731748  1.598273  1.273817  0.877050  0.522172  0.292818  0.255416  0.327343  0.420668  0.509227  0.556313  0.579060  0.603466  0.605622  0.576241  0.526148  0.460483  0.395754  0.347541  0.310678  0.281287  0.264252  0.259485  0.264052  0.275698  0.288127  0.296164  0.301637  0.305966  0.308031  0.308133  0.306514  0.303250  0.300221  0.298802  0.298191  0.297841  0.297716  0.297553  0.297821  0.299025  0.300915  0.303486  0.307201  0.312375  0.319499  0.328867  0.339923  0.352100  0.364885  0.377774  0.390868  0.404223  0.417628  0.430838  0.443129  0.453752  0.462398  0.468626  0.471902  0.471836  0.467610  0.458873  0.446522  0.431444  0.414989  0.398208  0.380061  0.359805  0.337620  0.313757  0.290293  0.269523  0.251061  0.235838  0.228341  0.231989  0.250194  0.284768  0.329975  0.379618  0.432566  0.485044  0.529293  0.559329  0.567216  0.548370  0.512100  0.468162  0.418195  0.368031  0.328235  0.306501  0.315175  0.360378  0.424641  0.490094  0.550214  0.592998  0.604239  0.573733  0.482010  0.319638  0.110265 -0.122096 -0.363684 -0.595711 -0.806132 -0.986137 -1.113083 -1.174929 -1.188632 -1.170834 -1.134706 -1.095539 -1.054221 -1.010806 -0.977823 -0.961549 -0.956998 -0.960245 -0.964450 -0.963623 -0.963517 -0.969191 -0.980493 -0.998559 -1.021863 -1.048116 -1.078783 -1.113965 -1.150580 -1.186170 -1.217649 -1.242586 -1.262600 -1.279319 -1.293247 -1.305231 -1.314566 -1.320478 -1.323634 -1.324352 -1.322617 -1.318638 -1.311982 -1.302521 -1.291372 -1.279488 -1.267720 -1.256705 -1.245655 -1.233731 -1.220728 -1.206227 -1.190043 -1.172126 -1.151836 -1.128903 -1.104050 -1.077958 -1.051432 -1.025203 -0.999028 -0.972740 -0.946568 -0.920727 -0.895999 -0.873215 -0.852580 -0.834516 -0.819839 -0.809160 -0.803352 -0.802849 -0.806632 -0.813622 -0.822879 -0.833400 -0.845052 -0.857662 -0.870471 -0.882844 -0.893993 -0.903071 -0.909807 -0.913726 -0.913707 -0.908843 -0.898084 -0.880823 -0.858002 -0.830640 -0.799659 -0.765999 -0.729534 -0.690216 -0.648616 -0.605256 -0.561188 -0.517535 -0.474561 -0.432847 -0.393717 -0.358176 -0.327620 -0.302709 -0.281689 -0.262723 -0.244030 -0.223876 -0.202447 -0.179797 -0.154970 -0.127111 -0.094379 -0.054835 -0.008191  0.046441  0.111474  0.188681  0.280376  0.387551  0.506607  0.633731  0.765808  0.899413  1.033483  1.166935  1.296724  1.420441  1.536114  1.641592  1.736463  1.819650  1.887242  1.936056  1.963098  1.966554  1.949570  1.915655  1.866755  1.805609  1.733934  1.653235  1.567106  1.478106  1.386111  1.291189  1.192994  1.091411  0.989091  0.888432  0.790686  0.697042  0.606992  0.519759  0.435889  0.355319  0.277118  0.200633  0.124554  0.048159 -0.026797 -0.098597 -0.166271 -0.228612 -0.285264 -0.336065 -0.379878 -0.416169 -0.445746 -0.469373 -0.487984 -0.502498 -0.512742 -0.518620 -0.520639 -0.519174 -0.514817 -0.508253 -0.499650 -0.489395 -0.478499 -0.467831 -0.458288 -0.450552 -0.444265 -0.439017 -0.434807 -0.431436 -0.428778 -0.426790 -0.425013 -0.423242 -0.422067 -0.422042 -0.423567 -0.427085 -0.432640 -0.440224 -0.450156 -0.462552 -0.477157 -0.493727 -0.511927 -0.531430 -0.552263 -0.574422 -0.597714 -0.621987 -0.647006 -0.672503 -0.698396 -0.724517 -0.750465 -0.775890 -0.800444 -0.823855 -0.846236 -0.867725 -0.888252 -0.907856 -0.926652 -0.944703 -0.962237 -0.897642 -0.889632 -0.883030 -0.877969 -0.874672 -0.873526 -0.874824 -0.878961 -0.886145 -0.895957 -0.907948 -0.921758 -0.936974 -0.953475 -0.971134 -0.989575 -1.008492 -1.027647 -1.046775 -1.065758 -1.084426 -1.102371 -1.119238 -1.134669 -1.148409 -1.160595 -1.171391 -1.180964 -1.189466 -1.196713 -1.202561 -1.206994 -1.210042 -1.212076 -1.213483 -1.214383 -1.214980 -1.215523 -1.216171 -1.217339 -1.219165 -1.221045 -1.222369 -1.222267 -1.220043 -1.216134 -1.210832 -1.204150 -1.195933 -1.184732 -1.169070 -1.148494 -1.122205 -1.089058 -1.048280 -0.998391 -0.938839 -0.871809 -0.799564 -0.724464 -0.648780 -0.572438 -0.495554 -0.419368 -0.345059 -0.275172 -0.212364 -0.157423 -0.111801 -0.078368 -0.059304 -0.057704 -0.075074 -0.107734 -0.151847 -0.203761 -0.259827 -0.320558 -0.386138 -0.453741 -0.521244 -0.585620 -0.643320 -0.695665 -0.741492 -0.771032 -0.776543 -0.751633 -0.692410 -0.608963 -0.512441 -0.402935 -0.286338 -0.179021 -0.093510 -0.045898 -0.045200 -0.069783 -0.097124 -0.122753 -0.133357 -0.106392 -0.025684  0.135839  0.391116  0.701684  1.028185  1.352652  1.646820  1.883561  2.042975  2.084711  1.987872  1.792064  1.537278  1.248097  0.957140  0.680222  0.428545  0.238493  0.129309  0.075952  0.054526  0.045619  0.026826 -0.001471 -0.037395 -0.098189 -0.190924 -0.303770 -0.426469 -0.546105 -0.650201 -0.742445 -0.826413 -0.896789 -0.952445 -0.995575 -1.027594 -1.053994 -1.079093 -1.099849 -1.113932 -1.121312 -1.121383 -1.116299 -1.108526 -1.097763 -1.084707 -1.071883 -1.061245 -1.055430 -1.056280 -1.062009 -1.070774 -1.081780 -1.093772 -1.106509 -1.119905 -1.132488 -1.143422 -1.153363 -1.162825 -1.172506 -1.183020 -1.193586 -1.203492 -1.212657 -1.220871 -1.228328 -1.235316 -1.241574 -1.247051 -1.252191 -1.257316 -1.262865 -0.901140 -0.907869 -0.914676 -0.921563 -0.928521 -0.935356 -0.941891 -0.948036 -0.953707 -0.958924 -0.963730 -0.968078 -0.971964 -0.975450 -0.978579 -0.981439 -0.984074 -0.986359 -0.988169 -0.989433 -0.990065 -0.990030 -0.989309 -0.987819 -0.985517 -0.982450 -0.978668 -0.974212 -0.969135 -0.963446 -0.957150 -0.950297 -0.942913 -0.934992 -0.926527 -0.917518 -0.907963 -0.897890 -0.887329 -0.876289 -0.864796 -0.852907 -0.840681 -0.828190 -0.815498 -0.802611 -0.789540 -0.776316 -0.762969 -0.749565 -0.736173 -0.722798 -0.709471 -0.696288 -0.683322 -0.670647 -0.658295 -0.646131 -0.634006 -0.621859 -0.609576 -0.597002 -0.584006 -0.570380 -0.555987 -0.540938 -0.525337 -0.509209 -0.492607 -0.475496 -0.457818 -0.439641 -0.420941 -0.401485 -0.381048 -0.359343 -0.336122 -0.311426 -0.285269 -0.257569 -0.228239 -0.196970 -0.163444 -0.127595 -0.089269 -0.048133 -0.003952  0.043598  0.094650  0.148686  0.205155  0.263647  0.323670  0.384954  0.447246  0.509995  0.572785  0.635482  0.697917  0.760040  0.821740  0.882454  0.941680  0.999127  1.054503  1.107804  1.159092  1.208023  1.254483  1.299026  1.342066  1.383791  1.424272  1.462995  1.499221  1.532627  1.562814  1.587479  1.604868  1.618466  1.629377  1.633500  1.629201  1.605599  1.557720  1.520963  1.532299  1.547236  1.506598  1.637665  2.104483  2.139273  1.239082  0.748684  1.534356  2.179633  1.814988  1.309216  1.093850  0.919777  0.803483  0.757204  0.692638  0.641351  0.630525  0.648809  0.699660  0.768534  0.835961  0.898551  0.950717  0.978823  0.977044  0.954442  0.920019  0.881003  0.845763  0.815252  0.789654  0.775916  0.776987  0.787153  0.801127  0.814693  0.822699  0.823118  0.814730  0.793104  0.756575  0.710792  0.661489  0.611138  0.564271  0.527289  0.505069  0.504677  0.529858  0.571490  0.620150  0.674783  0.729685  0.773985  0.799637  0.789612  0.735928  0.662686  0.592350  0.541120  0.527028  0.536213  0.547833  0.629357 
Shapelet   6  -0.978939 -1.041001 -1.046967 -1.052296 -1.056876 -1.060576 -1.063373 -1.065268 -1.066136 -1.065946 -1.064861 -1.063040 -1.060751 -1.058204 -1.055283 -1.051918 -1.048103 -1.043887 -1.039715 -1.036038 -1.033050 -1.031027 -1.030228 -1.030832 -1.033312 -1.037867 -1.043975 -1.051135 -1.058581 -1.065718 -1.073177 -1.081422 -1.090255 -1.099523 -1.108207 -1.115121 -1.120833 -1.124977 -1.124339 -1.116426 -1.099117 -1.071173 -1.036351 -0.998762 -0.958183 -0.916673 -0.880840 -0.855698 -0.847407 -0.859292 -0.882188 -0.906516 -0.930379 -0.948103 -0.949682 -0.927832 -0.870810 -0.772883 -0.650358 -0.519954 -0.389278 -0.270290 -0.174272 -0.109461 -0.092814 -0.133100 -0.213738 -0.317983 -0.435425 -0.552291 -0.661857 -0.759285 -0.829323 -0.863726 -0.872457 -0.864994 -0.848497 -0.831665 -0.814748 -0.797195 -0.786619 -0.785923 -0.788000 -0.786487 -0.774644 -0.745906 -0.701944 -0.644606 -0.570320 -0.478477 -0.371713 -0.252226 -0.127078 -0.001130  0.131463  0.274791  0.430358  0.598248  0.766627  0.922956  1.064999  1.185961  1.271115  1.309336  1.285316  1.191005  1.045650  0.869344  0.672336  0.469627  0.272794  0.090676 -0.056855 -0.158314 -0.226573 -0.274243 -0.310266 -0.345633 -0.380368 -0.413649 -0.454786 -0.507984 -0.567343 -0.627877 -0.683668 -0.728893 -0.765697 -0.796299 -0.818413 -0.831976 -0.839260 -0.842144 -0.843742 -0.846964 -0.851934 -0.858762 -0.868962 -0.882999 -0.899892 -0.918688 -0.938058 -0.956672 -0.974502 -0.991493 -1.006746 -1.019840 -1.031035 -1.040533 -1.048884 -1.056523 -1.062901 -1.067567 -1.070422 -1.071348 -1.070689 -1.068860 -1.065924 -1.062077 -1.057675 -1.053014 -1.048544 -1.044612 -1.041137 -1.038040 -1.035283 -1.032813 -1.030842 -1.029562 -1.029011 -1.029221 -1.030095 -1.031503 -1.033410 -1.035738 -1.038346 -1.041107 -1.043840 -1.046401 -1.048803 -1.051057 -1.053166 -1.055131 -1.056833 -1.058166 -1.059081 -1.059536 -1.059567 -1.059225 -1.058503 -1.057424 -1.056040 -1.054392 -1.052554 -1.050573 -1.048397 -1.045974 -1.043273 -1.040254 -1.036930 -1.033314 -1.029383 -1.025125 -1.020542 -1.015633 -1.010404 -1.004860 -0.998992 -0.992791 -0.986255 -0.979376 -0.972147 -0.964561 -0.956620 -0.948320 -0.939648 -0.930595 -0.921148 -0.911306 -0.901116 -0.890623 -0.879863 -0.868876 -0.857681 -0.846298 -0.834768 -0.823120 -0.811354 -0.799473 -0.787454 -0.775287 -0.763029 -0.750723 -0.738387 -0.726032 -0.713593 -0.700996 -0.688249 -0.675313 -0.662050 -0.648348 -0.634063 -0.619106 -0.603641 -0.587831 -0.571719 -0.555394 -0.538916 -0.522306 -0.505716 -0.489181 -0.472420 -0.455154 -0.437078 -0.417910 -0.397692 -0.376445 -0.354029 -0.330330 -0.305087 -0.278018 -0.249142 -0.218359 -0.185189 -0.149277 -0.110317 -0.068165 -0.023416  0.023255  0.071657  0.121317  0.171248  0.220635  0.268710  0.314875  0.359614  0.403521  0.445875  0.486729  0.528232  0.571992  0.619299  0.670849  0.723564  0.774091  0.823147  0.869288  0.906008  0.928400  0.931039  0.911127  0.878074  0.841806  0.803954  0.770271  0.752296  0.758578  0.801842  0.888491  1.000902  1.120901  1.240982  1.348517  1.430334  1.476810  1.468806  1.396482  1.279656  1.138346  0.984561  0.834347  0.695974  0.575297  0.490495  0.451146  0.444349  0.457701  0.481089  0.502876  0.523014  0.542144  0.551163  0.546016  0.531829  0.512894  0.495306  0.484699  0.477940  0.472171  0.468993  0.468264  0.469706  0.473545  0.477051  0.478609  0.480947  0.486156  0.495811  0.511097  0.529092  0.546765  0.563718  0.578534  0.589263  0.594596  0.590964  0.576892  0.556255  0.533029  0.513873  0.502897  0.497383  0.494642  0.481018  0.452024  0.426587  0.420863  0.477317  0.613579  0.767846  0.885790  0.884646  0.720923  0.511672  0.364978  0.386503  0.646207  1.012956  1.357406  1.598101  1.664813  1.638431  1.606244  1.587985  1.612316  1.651135  1.667861  1.673927  1.671655  1.660945 
Shapelet   7  -1.036486 -1.039864 -1.042981 -1.080736 -1.074673 -1.068586 -1.062450 -1.056252 -1.050076 -1.044004 -1.038052 -1.032264 -1.026682 -1.021339 -1.016391 -1.011926 -1.007800 -1.003914 -1.000147 -0.996463 -0.993257 -0.990918 -0.989628 -0.989626 -0.991035 -0.993911 -0.998624 -1.005289 -1.013422 -1.022567 -1.031951 -1.040996 -1.050346 -1.060466 -1.071219 -1.082477 -1.093144 -1.101964 -1.109430 -1.115114 -1.115843 -1.109160 -1.092923 -1.065889 -1.031780 -0.994669 -0.954393 -0.913024 -0.877017 -0.851278 -0.841865 -0.852057 -0.872927 -0.895147 -0.916870 -0.932571 -0.932522 -0.909659 -0.852547 -0.755619 -0.634794 -0.506388 -0.377832 -0.260801 -0.166316 -0.102429 -0.085689 -0.124652 -0.203121 -0.304735 -0.419331 -0.533452 -0.640507 -0.735747 -0.804252 -0.837956 -0.846602 -0.839461 -0.823526 -0.807295 -0.791024 -0.774183 -0.764225 -0.763993 -0.766509 -0.765524 -0.754436 -0.726802 -0.684243 -0.628553 -0.556215 -0.466617 -0.362355 -0.245595 -0.123254 -0.000104  0.129574  0.269782  0.421982  0.586246  0.750999  0.903970  1.042975  1.161368  1.244728  1.282163  1.258685  1.166416  1.024191  0.851679  0.658907  0.460556  0.267957  0.089764 -0.054575 -0.153815 -0.220558 -0.267150 -0.302344 -0.336900 -0.370840 -0.403361 -0.443576 -0.495601 -0.553661 -0.612877 -0.667454 -0.711695 -0.747698 -0.777637 -0.799276 -0.812552 -0.819687 -0.822518 -0.824093 -0.827259 -0.832134 
Shapelet  11  -0.287217 -0.237544 -0.187918 -0.138498 -0.089379 -0.040536  0.008025  0.056346  0.104409  0.151916  0.198570  0.244201  0.288598  0.331595  0.373066  0.412771  0.450577  0.486647  0.521149  0.554248  0.586120  0.616750  0.646132  0.674395  0.701632  0.727948  0.753465  0.778190  0.802182  0.825672  0.848851  0.871908  0.894971  0.917880  0.940458  0.962640  0.984308  1.005383  1.025810  1.045409  1.064074  1.081916  1.099034  1.115530  1.131498  1.146856  1.161527  1.175540  1.188895  1.201631  1.213801  1.225338  1.236232  1.246661  1.256764  1.266699  1.276557  1.286094  1.295064  1.303373  1.310879  1.317505  1.323219  1.327817  1.331240  1.333786  1.335749  1.337526  1.339451  1.341397  1.343287  1.345185  1.347197  1.349871  1.353771  1.359087  1.366136  1.375373  1.387126  1.401959  1.420116  1.440885  1.463522  1.487244  1.511300  1.535766  1.560645  1.585552  1.610106  1.633405  1.654502  1.673092  1.688647  1.700181  1.706946  1.707880  1.702461  1.691874  1.677371  1.660179  1.641497  1.621243  1.599419  1.576548  1.553181  1.530776  1.510784  1.493833  1.480750  1.472112  1.468301  1.471259  1.481525  1.497320  1.516828  1.533487  1.544262  1.555092  1.570908  1.606553  1.667223  1.730113  1.774539  1.762016  1.673244  1.554691  1.448236  1.418322  1.498951  1.598697  1.634450  1.518015  1.196122  0.793213  0.429783  0.190492  0.143902  0.205471  0.284912  0.356920  0.385625  0.390424  0.399841  0.391733  0.357872  0.307463  0.243791  0.182439  0.137853  0.104845  0.079684  0.066214  0.063834  0.070141  0.083299  0.097611  0.108468  0.117326  0.125264  0.131288  0.135637  0.138471  0.139833  0.141300  0.144032  0.147400  0.150977  0.154796  0.158652  0.162783  0.167461  0.172374  0.177405  0.182887  0.189047  0.196186  0.204497  0.213593  0.223078  0.232621  0.241894  0.250960  0.259856  0.268454  0.276589  0.283739  0.289368  0.293244  0.295051  0.294456  0.291229  0.284802  0.274958  0.262367  0.247689  0.231990  0.216080  0.199123  0.180526  0.160372  0.138836  0.117639  0.098668  0.081697  0.067524  0.059638  0.060688  0.073391  0.099178  0.133536  0.171605  0.212361  0.252781  0.286976  0.310397  0.316927  0.303011  0.275580  0.241901  0.203186  0.163791  0.131580  0.112273  0.115089  0.144601  0.187743  0.231158  0.270093  0.295643  0.297027  0.266529  0.189510  0.058944 -0.106992 


; cmd = ShapeletResearch/Execs/FastShapelet UCRArchive_2018//Mallat/Mallat_TRAIN.tsv 8 55 1025 10 1 10 10 0 1 10 UCRArchive_2018//Mallat/tree.txt UCRArchive_2018//Mallat/time.txt
; time =>  1347.154  15.632  57.259   4.944 1264.361 
