;Shapelet Tree 

;random seed:1551068677, rand()=2125173853, rand()=2131504588
;command = ShapeletResearch/Execs/FastShapelet UCRArchive_2018//DistalPhalanxOutlineAgeGroup/DistalPhalanxOutlineAgeGroup_TRAIN.tsv 3 400 81 10 1 10 10 0 1 10 UCRArchive_2018//DistalPhalanxOutlineAgeGroup/tree.txt UCRArchive_2018//DistalPhalanxOutlineAgeGroup/time.txt 

;Local Class:   0  1  2 
;Real  Class:   2  3  1 

;Node ID class   obj  pos  len  dist_th 
TreeSize: 48 
NonL  1    --     71   36   28   2.0497 ==> 108  42  30  /   5 215   0 
NonL  2    --     50   31   36   1.3175 ==>  14   0  28  /  94  42   2 
Leaf  3     3    
NonL  4    --     33   32   44   0.9789 ==>  12   0   2  /   2   0  26 
NonL  5    --     52   29   44   1.4028 ==>  44  36   1  /  50   6   1 
NonL  8    --      0   49   16   1.2903 ==>  11   0   0  /   1   0   2 
Leaf  9     1    
NonL 10    --      0   21   24   0.5814 ==>  31   9   1  /  13  27   0 
NonL 11    --      0   12   59   1.7808 ==>  32   0   0  /  18   6   1 
Leaf 16     2    
NonL 17    --      1    4   48   0.4433 ==>   1   0   0  /   0   0   2 
NonL 20    --      0    5   39   0.8129 ==>  12   9   0  /  19   0   1 
NonL 21    --      1    3   13   0.4873 ==>   0  14   0  /  13  13   0 
Leaf 22     2    
NonL 23    --      0   38   14   0.7348 ==>  13   0   0  /   5   6   1 
Leaf 34     2    
Leaf 35     1    
Leaf 40     2    
Leaf 41     2    
Leaf 42     3    
Leaf 43     2    
Leaf 46     2    
Leaf 47     3    

;Shapelet id   <data>
Shapelet   1   1.354210  1.303786  1.369497  1.399301  1.351704  1.438997  1.128044  1.106590  1.006900  0.661967  0.355574 -0.064640 -0.390688 -0.680509  0.215610  0.072755 -0.116091 -0.285153 -0.600538 -0.894727 -1.195146 -1.527168 -1.725572 -1.662231 -1.475717 -1.198550 -0.928513 -0.661560 
Shapelet   2   1.575173  1.723640  1.644523  1.425579  1.295821  1.230153  1.302658  1.272830  1.486589  1.695690  1.663833  1.563001  1.359085  0.994529  0.635909  0.302835  0.016345 -0.309366 -0.548145 -0.486234 -0.411324 -0.554081 -0.777157 -0.925098 -1.050348 -1.152615 -1.323209 -1.409689 -1.346080 -1.241184 -1.079478 -0.987595 -0.871752 -0.740566 -0.599312 -0.676927 
Shapelet   4   1.479522  1.475484  1.428026  1.347682  1.452253  1.402220  1.398299  1.430425  1.527623  1.529554  1.464717  1.177571  0.772102  0.400691  0.051751 -0.287651 -0.554492 -0.685864 -0.143406 -0.099459 -0.325512 -0.470051 -0.696924 -1.050253 -1.296319 -1.566179 -1.594683 -1.415812 -1.124629 -0.932750 -0.946443 -0.823205 -0.659589 -0.468529 -0.200987 -0.328906 -0.566780 -0.794765 -1.075884 -1.341554 -1.480246 -1.578146 -1.486818 -1.274375 
Shapelet   5   0.405108  0.721366  1.063457  1.360980  1.498102  1.482379  1.486820  1.481459  1.463898  1.490802  1.654011  1.573198  1.536696  1.165967  0.801312  0.483368  0.107840 -0.201578 -0.470768 -0.666956 -0.920371 -0.037552  0.021462 -0.166047 -0.476537 -0.650620 -0.917870 -1.146117 -1.435978 -1.684896 -1.587557 -1.332656 -1.118703 -0.858243 -0.740162 -0.478324 -0.261154 -0.136182 -0.249464 -0.399655 -0.699220 -0.941353 -1.187519 -1.396546 
Shapelet   8  -0.742853 -0.225760 -0.326602 -0.510218 -0.706719 -0.945297 -1.176838 -1.277347 -1.252434 -1.439074 -1.489946 -1.355795 -1.195761 -0.936264 -0.696355 -0.538175 
Shapelet  10  -0.395930 -0.670333 -0.970110 -0.951937 -0.830743 -0.640400 -0.325318  0.003661  0.356890  0.678442  1.043655  1.332349  1.507050  1.483644  1.270233  1.255942  1.419503  1.492478  1.553863  1.536702  1.582389  1.462095  1.174752  0.821579 
Shapelet  11   1.371482  1.299804  1.124172  0.987188  0.887509  0.828574  0.625277  0.538258  0.267475 -0.098460 -0.508826 -0.548228 -0.512263 -0.663248 -0.693428 -0.468921 -0.159659  0.205186  0.433633  0.792358  1.154436  1.481556  1.433183  1.309612  1.232485  1.286977  1.311289  1.298714  1.242462  1.360164  1.419015  1.523808  1.206162  0.764357  0.376542  0.000213 -0.321793 -0.638098 -0.259085 -0.176006 -0.405627 -0.613535 -0.791095 -1.129364 -1.480627 -1.745559 -1.795926 -1.578579 -1.283115 -0.958343 -0.625607 -0.464478 -0.170305 -0.056878 -0.241983 -0.499772 -0.742387 -0.962115 -1.256791 
Shapelet  17  -0.158797  0.210826  0.485979  0.729024  1.077290  1.173611  1.391669  1.472613  1.380492  1.256121  1.089962  0.868986  0.743619  0.684317  0.473236  0.309141  0.070224 -0.211691 -0.585087 -0.853334 -0.842086 -0.760502 -0.505069 -0.292778  0.058336  0.419700  0.744829  1.100712  1.493614  1.700993  1.671093  1.614283  1.581108  1.393449  1.457734  1.423277  1.447838  1.527430  1.463928  1.238893  0.924443  0.554607  0.189683 -0.163566 -0.434946 -0.681195 -0.372227 -0.427756 
Shapelet  20   0.265797  0.537780  0.861696  1.010122  1.122370  1.269951  1.377136  1.328467  1.270120  1.145325  1.005621  0.893541  0.762051  0.427164  0.195973 -0.137507 -0.395930 -0.670333 -0.970110 -0.951937 -0.830743 -0.640400 -0.325318  0.003661  0.356890  0.678442  1.043655  1.332349  1.507050  1.483644  1.270233  1.255942  1.419503  1.492478  1.553863  1.536702  1.582389  1.462095  1.174752 
Shapelet  21  -0.260545 -0.237628  0.005918  0.289665  0.652716  0.719129  0.881939  0.965397  1.228422  1.471777  1.524010  1.476838  1.316655 
Shapelet  23   1.565412  1.706714  1.691115  1.479830  1.220533  0.810283  0.605067  0.661576  0.306742 -0.062537 -0.449236 -0.722918 -0.241653 -0.307752 


; cmd = ShapeletResearch/Execs/FastShapelet UCRArchive_2018//DistalPhalanxOutlineAgeGroup/DistalPhalanxOutlineAgeGroup_TRAIN.tsv 3 400 81 10 1 10 10 0 1 10 UCRArchive_2018//DistalPhalanxOutlineAgeGroup/tree.txt UCRArchive_2018//DistalPhalanxOutlineAgeGroup/time.txt
; time =>   10.271   0.685   3.958   0.536   4.661 
