;Shapelet Tree 

;random seed:1551071222, rand()=1219244989, rand()=1823965629
;command = ShapeletResearch/Execs/FastShapelet UCRArchive_2018//WordSynonyms/WordSynonyms_TRAIN.tsv 25 267 271 10 1 10 10 0 1 10 UCRArchive_2018//WordSynonyms/tree.txt UCRArchive_2018//WordSynonyms/time.txt 

;Local Class:   0  1  2  3  4  5  6  7  8  9 10 11 12 13 14 15 16 17 18 19 20 21 22 23 24 
;Real  Class:   6  1  8 12  2 10  4 15  7  9 16 11 17 14 23 18 13 21  5 20  3 25 19 24 22 

;Node ID class   obj  pos  len  dist_th 
TreeSize: 448 
NonL  1    --    101   25  213   8.8796 ==>   0   0   1   3  51   0   1   0   0   0   2   0   0   0   0   0   0   0   0   0   0   0   0   0   1  /  17   6  23   5   9  12  34   4   4   6  12   6   5  10   6   5   3   4   5   7   5   2   4   7   7 
NonL  2    --     16  153   92   1.7618 ==>   0   0   0   3   0   0   0   0   0   0   0   0   0   0   0   0   0   0   0   0   0   0   0   0   1  /   0   0   1   0  51   0   1   0   0   0   2   0   0   0   0   0   0   0   0   0   0   0   0   0   0 
NonL  3    --     15   86  136  12.1497 ==>  17   1  23   5   9   5  34   0   0   4  12   3   5   0   4   4   3   0   3   7   3   1   2   7   4  /   0   5   0   0   0   7   0   4   4   2   0   3   0  10   2   1   0   4   2   0   2   1   2   0   3 
NonL  4    --      3    0  269   4.4688 ==>   0   0   0   0   0   0   0   0   0   0   0   0   0   0   0   0   0   0   0   0   0   0   0   0   1  /   0   0   0   3   0   0   0   0   0   0   0   0   0   0   0   0   0   0   0   0   0   0   0   0   0 
Leaf  5     2    
NonL  6    --     52    0  263  17.5989 ==>   1   0  21   0   0   1   0   0   0   0   5   0   0   0   0   0   3   0   3   1   0   0   1   0   2  /  16   1   2   5   9   4  34   0   0   4   7   3   5   0   4   4   0   0   0   6   3   1   1   7   2 
NonL  7    --      3    0   81   4.3827 ==>   0   5   0   0   0   7   0   1   1   0   0   3   0   0   0   1   0   0   0   0   0   0   0   0   3  /   0   0   0   0   0   0   0   3   3   2   0   0   0  10   2   0   0   4   2   0   2   1   2   0   0 
Leaf  8    22    
Leaf  9    12    
NonL 12    --      0  153   38   0.8802 ==>   1   0  21   0   0   0   0   0   0   0   0   0   0   0   0   0   3   0   0   0   0   0   1   0   0  /   0   0   0   0   0   1   0   0   0   0   5   0   0   0   0   0   0   0   3   1   0   0   0   0   2 
NonL 13    --      9   95  158  10.4801 ==>  16   0   2   3   5   1   6   0   0   3   7   3   0   0   2   0   0   0   0   6   2   1   0   2   1  /   0   1   0   2   4   3  28   0   0   1   0   0   5   0   2   4   0   0   0   0   1   0   1   5   1 
NonL 14    --     16   83  185   9.9888 ==>   0   0   0   0   0   7   0   0   0   0   0   0   0   0   0   1   0   0   0   0   0   0   0   0   3  /   0   5   0   0   0   0   0   1   1   0   0   3   0   0   0   0   0   0   0   0   0   0   0   0   0 
NonL 15    --      2    5   53   2.4097 ==>   0   0   0   0   0   0   0   0   0   2   0   0   0  10   0   0   0   0   0   0   0   0   2   0   0  /   0   0   0   0   0   0   0   3   3   0   0   0   0   0   2   0   0   4   2   0   2   1   0   0   0 
NonL 24    --     20  101  129   9.4923 ==>   1   0  21   0   0   0   0   0   0   0   0   0   0   0   0   0   0   0   0   0   0   0   0   0   0  /   0   0   0   0   0   0   0   0   0   0   0   0   0   0   0   0   3   0   0   0   0   0   1   0   0 
NonL 25    --      1  154  100   5.2094 ==>   0   0   0   0   0   0   0   0   0   0   5   0   0   0   0   0   0   0   0   1   0   0   0   0   0  /   0   0   0   0   0   1   0   0   0   0   0   0   0   0   0   0   0   0   3   0   0   0   0   0   2 
NonL 26    --      0   21  148   7.8251 ==>  10   0   2   0   0   1   0   0   0   0   0   2   0   0   2   0   0   0   0   0   2   0   0   2   0  /   6   0   0   3   5   0   6   0   0   3   7   1   0   0   0   0   0   0   0   6   0   1   0   0   1 
NonL 27    --      8   83  100   8.3414 ==>   0   1   0   2   4   0  28   0   0   1   0   0   3   0   2   4   0   0   0   0   0   0   1   0   0  /   0   0   0   0   0   3   0   0   0   0   0   0   2   0   0   0   0   0   0   0   1   0   0   5   1 
NonL 28    --      2   82  182   7.2727 ==>   0   0   0   0   0   7   0   0   0   0   0   0   0   0   0   0   0   0   0   0   0   0   0   0   0  /   0   0   0   0   0   0   0   0   0   0   0   0   0   0   0   1   0   0   0   0   0   0   0   0   3 
NonL 29    --      1   44  160  11.8238 ==>   0   0   0   0   0   0   0   1   1   0   0   3   0   0   0   0   0   0   0   0   0   0   0   0   0  /   0   5   0   0   0   0   0   0   0   0   0   0   0   0   0   0   0   0   0   0   0   0   0   0   0 
NonL 30    --      0   88   15   0.2818 ==>   0   0   0   0   0   0   0   0   0   0   0   0   0  10   0   0   0   0   0   0   0   0   0   0   0  /   0   0   0   0   0   0   0   0   0   2   0   0   0   0   0   0   0   0   0   0   0   0   2   0   0 
NonL 31    --      3  195   42   2.7919 ==>   0   0   0   0   0   0   0   3   0   0   0   0   0   0   0   0   0   4   2   0   0   0   0   0   0  /   0   0   0   0   0   0   0   0   3   0   0   0   0   0   2   0   0   0   0   0   2   1   0   0   0 
Leaf 48     8    
NonL 49    --      1   13  256  10.5215 ==>   0   0   0   0   0   0   0   0   0   0   0   0   0   0   0   0   0   0   0   0   0   0   1   0   0  /   0   0   0   0   0   0   0   0   0   0   0   0   0   0   0   0   3   0   0   0   0   0   0   0   0 
NonL 50    --      2   27  214  15.3508 ==>   0   0   0   0   0   0   0   0   0   0   5   0   0   0   0   0   0   0   0   0   0   0   0   0   0  /   0   0   0   0   0   0   0   0   0   0   0   0   0   0   0   0   0   0   0   1   0   0   0   0   0 
NonL 51    --      4   57  152   9.7828 ==>   0   0   0   0   0   1   0   0   0   0   0   0   0   0   0   0   0   0   0   0   0   0   0   0   2  /   0   0   0   0   0   0   0   0   0   0   0   0   0   0   0   0   0   0   3   0   0   0   0   0   0 
NonL 52    --      0   18   21   0.2017 ==>  10   0   0   0   0   0   0   0   0   0   0   0   0   0   0   0   0   0   0   0   0   0   0   2   0  /   0   0   2   0   0   1   0   0   0   0   0   2   0   0   2   0   0   0   0   0   2   0   0   0   0 
NonL 53    --     19  117   57   2.4958 ==>   6   0   0   3   0   0   5   0   0   0   1   1   0   0   0   0   0   0   0   1   0   0   0   0   0  /   0   0   0   0   5   0   1   0   0   3   6   0   0   0   0   0   0   0   0   5   0   1   0   0   1 
NonL 54    --     19  178   59   1.4561 ==>   0   1   0   2   4   0   3   0   0   1   0   0   0   0   0   0   0   0   0   0   0   0   1   0   0  /   0   0   0   0   0   0  25   0   0   0   0   0   3   0   2   4   0   0   0   0   0   0   0   0   0 
NonL 55    --      3   31  238  19.1586 ==>   0   0   0   0   0   0   0   0   0   0   0   0   0   0   0   0   0   0   0   0   1   0   0   5   0  /   0   0   0   0   0   3   0   0   0   0   0   0   2   0   0   0   0   0   0   0   0   0   0   0   1 
Leaf 56    10    
NonL 57    --      2    2  254   8.1337 ==>   0   0   0   0   0   0   0   0   0   0   0   0   0   0   0   1   0   0   0   0   0   0   0   0   0  /   0   0   0   0   0   0   0   0   0   0   0   0   0   0   0   0   0   0   0   0   0   0   0   0   3 
NonL 58    --      1    0  265  13.2749 ==>   0   0   0   0   0   0   0   0   0   0   0   3   0   0   0   0   0   0   0   0   0   0   0   0   0  /   0   0   0   0   0   0   0   1   1   0   0   0   0   0   0   0   0   0   0   0   0   0   0   0   0 
Leaf 59     1    
Leaf 60    14    
NonL 61    --      1    2  249  14.4802 ==>   0   0   0   0   0   0   0   0   0   2   0   0   0   0   0   0   0   0   0   0   0   0   0   0   0  /   0   0   0   0   0   0   0   0   0   0   0   0   0   0   0   0   0   0   0   0   0   0   2   0   0 
NonL 62    --      6   88  166   8.6586 ==>   0   0   0   0   0   0   0   0   0   0   0   0   0   0   0   0   0   4   0   0   0   0   0   0   0  /   0   0   0   0   0   0   0   3   0   0   0   0   0   0   0   0   0   0   2   0   0   0   0   0   0 
NonL 63    --      1  157   47   3.3209 ==>   0   0   0   0   0   0   0   0   0   0   0   0   0   0   2   0   0   0   0   0   2   0   0   0   0  /   0   0   0   0   0   0   0   0   3   0   0   0   0   0   0   0   0   0   0   0   0   1   0   0   0 
Leaf 98    19    
Leaf 99    13    
Leaf 100    16    
Leaf 101    20    
NonL 102    --      1    0  264   5.0168 ==>   0   0   0   0   0   1   0   0   0   0   0   0   0   0   0   0   0   0   0   0   0   0   0   0   0  /   0   0   0   0   0   0   0   0   0   0   0   0   0   0   0   0   0   0   0   0   0   0   0   0   2 
Leaf 103     5    
NonL 104    --      5    0  267  12.6780 ==>   0   0   0   0   0   0   0   0   0   0   0   0   0   0   0   0   0   0   0   0   0   0   0   2   0  /  10   0   0   0   0   0   0   0   0   0   0   0   0   0   0   0   0   0   0   0   0   0   0   0   0 
NonL 105    --      3   51   82   3.0993 ==>   0   0   2   0   0   1   0   0   0   0   0   2   0   0   0   0   0   0   0   0   0   0   0   0   0  /   0   0   0   0   0   0   0   0   0   0   0   0   0   0   2   0   0   0   0   0   2   0   0   0   0 
NonL 106    --      3   25  160   9.1210 ==>   6   0   0   0   0   0   0   0   0   0   1   0   0   0   0   0   0   0   0   1   0   0   0   0   0  /   0   0   0   3   0   0   5   0   0   0   0   1   0   0   0   0   0   0   0   0   0   0   0   0   0 
NonL 107    --      1   83  185   9.2222 ==>   0   0   0   0   3   0   0   0   0   0   6   0   0   0   0   0   0   0   0   0   0   1   0   0   0  /   0   0   0   0   2   0   1   0   0   3   0   0   0   0   0   0   0   0   0   5   0   0   0   0   1 
NonL 108    --      7    0  268  20.8257 ==>   0   1   0   0   4   0   0   0   0   1   0   0   0   0   0   0   0   0   0   0   0   0   0   0   0  /   0   0   0   2   0   0   3   0   0   0   0   0   0   0   0   0   0   0   0   0   0   0   1   0   0 
NonL 109    --      4  163   97   1.4308 ==>   0   0   0   0   0   0   0   0   0   0   0   0   0   0   1   4   0   0   0   0   0   0   0   0   0  /   0   0   0   0   0   0  25   0   0   0   0   0   3   0   1   0   0   0   0   0   0   0   0   0   0 
NonL 110    --      3   34  231   6.9054 ==>   0   0   0   0   0   0   0   0   0   0   0   0   0   0   0   0   0   0   0   0   1   0   0   0   0  /   0   0   0   0   0   0   0   0   0   0   0   0   0   0   0   0   0   0   0   0   0   0   0   5   0 
NonL 111    --      1   27  237   9.5713 ==>   0   0   0   0   0   3   0   0   0   0   0   0   0   0   0   0   0   0   0   0   0   0   0   0   0  /   0   0   0   0   0   0   0   0   0   0   0   0   2   0   0   0   0   0   0   0   0   0   0   0   1 
Leaf 114    18    
Leaf 115    22    
Leaf 116    11    
NonL 117    --      1   17  252   9.6977 ==>   0   0   0   0   0   0   0   0   1   0   0   0   0   0   0   0   0   0   0   0   0   0   0   0   0  /   0   0   0   0   0   0   0   1   0   0   0   0   0   0   0   0   0   0   0   0   0   0   0   0   0 
Leaf 122     9    
Leaf 123    19    
Leaf 124    21    
NonL 125    --      0    1   75   4.8583 ==>   0   0   0   0   0   0   0   3   0   0   0   0   0   0   0   0   0   0   0   0   0   0   0   0   0  /   0   0   0   0   0   0   0   0   0   0   0   0   0   0   0   0   0   0   2   0   0   0   0   0   0 
NonL 126    --      2   17   96   4.4535 ==>   0   0   0   0   0   0   0   0   0   0   0   0   0   0   2   0   0   0   0   0   0   0   0   0   0  /   0   0   0   0   0   0   0   0   0   0   0   0   0   0   0   0   0   0   0   0   2   0   0   0   0 
NonL 127    --      2    0  267   9.8160 ==>   0   0   0   0   0   0   0   0   0   0   0   0   0   0   0   0   0   0   0   0   0   1   0   0   0  /   0   0   0   0   0   0   0   0   3   0   0   0   0   0   0   0   0   0   0   0   0   0   0   0   0 
Leaf 204    10    
Leaf 205    22    
Leaf 208    24    
Leaf 209     6    
NonL 210    --      4   68  114   7.8532 ==>   0   0   2   0   0   1   0   0   0   0   0   0   0   0   0   0   0   0   0   0   0   0   0   0   0  /   0   0   0   0   0   0   0   0   0   0   0   2   0   0   0   0   0   0   0   0   0   0   0   0   0 
NonL 211    --      1   72   72   5.9015 ==>   0   0   0   0   0   0   0   0   0   0   0   0   0   0   2   0   0   0   0   0   0   0   0   0   0  /   0   0   0   0   0   0   0   0   0   0   0   0   0   0   0   0   0   0   0   0   2   0   0   0   0 
NonL 212    --      1   10  256  22.9884 ==>   6   0   0   0   0   0   0   0   0   0   0   0   0   0   0   0   0   0   0   0   0   0   0   0   0  /   0   0   0   0   0   0   0   0   0   0   1   0   0   0   0   0   0   0   0   1   0   0   0   0   0 
NonL 213    --      8    0  267  18.4575 ==>   0   0   0   3   0   0   0   0   0   0   0   1   0   0   0   0   0   0   0   0   0   0   0   0   0  /   0   0   0   0   0   0   5   0   0   0   0   0   0   0   0   0   0   0   0   0   0   0   0   0   0 
NonL 214    --      5  103  160   6.8387 ==>   0   0   0   0   3   0   0   0   0   0   0   0   0   0   0   0   0   0   0   0   0   1   0   0   0  /   0   0   0   0   0   0   0   0   0   0   6   0   0   0   0   0   0   0   0   0   0   0   0   0   0 
NonL 215    --      2  139   83   3.4986 ==>   0   0   0   0   0   0   1   0   0   0   0   0   0   0   0   0   0   0   0   5   0   0   0   0   0  /   0   0   0   0   2   0   0   0   0   3   0   0   0   0   0   0   0   0   0   0   0   0   0   0   1 
NonL 216    --      3   16   44   2.1708 ==>   0   1   0   0   0   0   0   0   0   1   0   0   0   0   0   0   0   0   0   0   0   0   0   0   0  /   0   0   0   0   4   0   0   0   0   0   0   0   0   0   0   0   0   0   0   0   0   0   0   0   0 
NonL 217    --      1    4   93   2.7892 ==>   0   0   0   2   0   0   0   0   0   0   0   0   0   0   0   0   0   0   0   0   0   0   1   0   0  /   0   0   0   0   0   0   3   0   0   0   0   0   0   0   0   0   0   0   0   0   0   0   0   0   0 
NonL 218    --      1   31  150   8.8082 ==>   0   0   0   0   0   0   0   0   0   0   0   0   0   0   0   4   0   0   0   0   0   0   0   0   0  /   0   0   0   0   0   0   0   0   0   0   0   0   0   0   1   0   0   0   0   0   0   0   0   0   0 
NonL 219    --      2   45   52   0.7424 ==>   0   0   0   0   0   0   2   0   0   0   0   0   3   0   0   0   0   0   0   0   0   0   0   0   0  /   0   0   0   0   0   0  23   0   0   0   0   0   0   0   1   0   0   0   0   0   0   0   0   0   0 
Leaf 220     3    
Leaf 221    24    
Leaf 222    10    
NonL 223    --      1    3  262  11.5242 ==>   0   0   0   0   0   0   0   0   0   0   0   0   0   0   0   0   0   0   0   0   0   0   0   0   1  /   0   0   0   0   0   0   0   0   0   0   0   0   2   0   0   0   0   0   0   0   0   0   0   0   0 
Leaf 234     7    
Leaf 235    15    
Leaf 250    15    
Leaf 251     5    
Leaf 252    23    
Leaf 253     3    
Leaf 254    25    
Leaf 255     7    
Leaf 420     8    
Leaf 421    11    
Leaf 422    23    
Leaf 423     3    
Leaf 424     6    
Leaf 425    16    
Leaf 426    12    
Leaf 427     4    
Leaf 428     2    
Leaf 429    16    
Leaf 430    20    
Leaf 431     9    
Leaf 432     1    
Leaf 433     2    
Leaf 434    12    
Leaf 435     4    
Leaf 436    18    
Leaf 437    23    
Leaf 438    17    
Leaf 439     4    
Leaf 446    22    
Leaf 447    17    

;Shapelet id   <data>
Shapelet   1  -0.439080 -0.430712 -0.418762 -0.402655 -0.383156 -0.361295 -0.336362 -0.307765 -0.275034 -0.238448 -0.196409 -0.148118 -0.093473 -0.034460  0.028291  0.093334  0.159210  0.223862  0.286899  0.348811  0.410490  0.472318  0.534617  0.597272  0.658889  0.716923  0.768448  0.811359  0.843936  0.865537  0.876552  0.879385  0.876302  0.869408  0.859629  0.848291  0.835140  0.819216  0.798933  0.773918  0.744059  0.709492  0.670381  0.627593  0.582242  0.534849  0.485598  0.434740  0.383517  0.332608  0.282658  0.233698  0.187111  0.142818  0.100194  0.057498  0.014506 -0.029970 -0.077246 -0.128914 -0.184483 -0.243126 -0.304099 -0.366670 -0.428759 -0.487361 -0.540925 -0.588661 -0.630401 -0.663949 -0.689629 -0.708243 -0.722389 -0.730333 -0.733046 -0.731894 -0.729950 -0.726560 -0.721943 -0.716946 -0.713625 -0.711539 -0.708829 -0.705170 -0.701614 -0.699609 -0.696934 -0.693773 -0.690943 -0.692102 -0.693929 -0.695678 -0.696754 -0.700622 -0.704514 -0.707177 -0.708123 -0.710285 -0.713106 -0.714175 -0.712182 -0.708241 -0.703415 -0.694419 -0.680147 -0.661270 -0.641710 -0.618711 -0.591402 -0.558818 -0.524576 -0.484595 -0.436841 -0.379768 -0.315835 -0.244669 -0.165762 -0.079258  0.012967  0.110249  0.214298  0.326125  0.445534  0.570981  0.702494  0.838617  0.977306  1.115395  1.251935  1.385476  1.514753  1.637818  1.754429  1.864401  1.968136  2.066239  2.160704  2.253821  2.347141  2.440636  2.532888  2.621431  2.702205  2.770367  2.821060  2.851546  2.859983  2.845875  2.809032  2.751915  2.676865  2.586458  2.482417  2.367802  2.245111  2.116114  1.981177  1.840794  1.695008  1.542865  1.382860  1.214370  1.038707  0.857497  0.673545  0.490668  0.315626  0.153549  0.008889 -0.116182 -0.217702 -0.296158 -0.354178 -0.396684 -0.425600 -0.444429 -0.456980 -0.466825 -0.473425 -0.475400 -0.473099 -0.467631 -0.459050 -0.445332 -0.428233 -0.409929 -0.393333 -0.375114 -0.356606 -0.339413 -0.326796 -0.315848 -0.307653 -0.304275 -0.308654 -0.318618 -0.332820 -0.351474 -0.375506 -0.403613 -0.433805 -0.466938 -0.504405 -0.546972 -0.592178 -0.639676 -0.688689 -0.738681 -0.785783 -0.828388 -0.865480 -0.896916 -0.921586 
Shapelet   2  -0.522292 -0.511530 -0.499012 -0.485927 -0.470348 -0.451401 -0.430540 -0.409581 -0.385872 -0.357799 -0.325721 -0.291680 -0.252610 -0.206781 -0.153949 -0.096480 -0.031585  0.041927  0.124045  0.211608  0.305216  0.403989  0.506677  0.610230  0.715087  0.821528  0.930315  1.040855  1.155026  1.273885  1.397919  1.525530  1.656148  1.788367  1.920206  2.048294  2.170633  2.285678  2.392241  2.488762  2.575283  2.652842  2.722747  2.785762  2.843304  2.897116  2.948030  2.995112  3.036364  3.068906  3.087825  3.086233  3.056759  2.993496  2.891674  2.748774  2.565878  2.349370  2.108613  1.855251  1.601951  1.362420  1.147145  0.962894  0.812113  0.695426  0.608788  0.546018  0.499729  0.465971  0.439871  0.418044  0.397410  0.380119  0.365730  0.353607  0.341567  0.331841  0.323173  0.313788  0.300941  0.287443  0.273574  0.259204  0.243335  0.230283  0.221650  0.217062  0.214113  0.214480  0.217484  0.220124 
Shapelet   3  -0.234933 -0.218990 -0.201879 -0.182948 -0.162984 -0.143448 -0.123437 -0.102762 -0.081661 -0.060532 -0.038398 -0.015851  0.005984  0.026942  0.047041  0.065753  0.082286  0.097343  0.110526  0.120859  0.127384  0.130032  0.127910  0.120096  0.106824  0.088257  0.063967  0.033090 -0.004008 -0.047817 -0.098732 -0.156205 -0.218409 -0.283935 -0.351465 -0.418644 -0.483608 -0.545119 -0.602379 -0.653198 -0.697032 -0.734328 -0.765757 -0.792013 -0.815021 -0.836802 -0.857215 -0.875952 -0.892708 -0.907523 -0.918540 -0.926176 -0.931799 -0.936231 -0.939673 -0.943285 -0.948420 -0.953992 -0.959481 -0.964877 -0.970604 -0.974687 -0.977193 -0.978896 -0.979733 -0.979156 -0.977836 -0.977073 -0.976202 -0.975237 -0.974556 -0.974597 -0.974210 -0.973367 -0.972467 -0.971526 -0.970304 -0.968927 -0.967679 -0.965909 -0.963122 -0.959138 -0.954245 -0.948289 -0.941533 -0.934439 -0.927096 -0.918941 -0.909427 -0.898642 -0.886223 -0.872179 -0.857117 -0.842368 -0.828133 -0.814659 -0.802664 -0.792506 -0.783664 -0.776102 -0.771705 -0.770307 -0.771534 -0.775360 -0.782642 -0.790777 -0.797689 -0.803792 -0.809074 -0.811866 -0.811520 -0.811648 -0.810141 -0.805358 -0.797407 -0.788935 -0.777574 -0.762438 -0.746608 -0.730791 -0.712654 -0.690823 -0.669505 -0.645473 -0.617012 -0.584550 -0.550339 -0.511427 -0.465954 -0.415268 -0.358224 -0.292222 -0.215720 -0.130360 -0.034047  0.073715 
Shapelet   4  -1.100568 -1.101994 -1.102306 -1.100662 -1.096975 -1.091551 -1.084484 -1.076388 -1.068055 -1.061297 -1.055880 -1.051555 -1.047746 -1.044465 -1.041634 -1.038168 -1.033527 -1.027504 -1.021881 -1.015746 -1.008741 -1.000406 -0.991266 -0.981734 -0.970726 -0.957730 -0.942541 -0.927253 -0.911079 -0.894063 -0.876299 -0.858906 -0.842824 -0.827315 -0.811851 -0.795785 -0.780122 -0.763167 -0.743900 -0.721453 -0.695976 -0.667877 -0.636784 -0.602774 -0.565997 -0.527396 -0.486655 -0.443692 -0.398384 -0.350796 -0.301045 -0.249063 -0.194835 -0.138283 -0.079372 -0.017924  0.046005  0.112024  0.179257  0.246406  0.311840  0.373736  0.430394  0.480415  0.523122  0.558286  0.586118  0.607023  0.621559  0.630253  0.633411  0.631217  0.623646  0.611129  0.593914  0.572237  0.546068  0.515374  0.479963  0.439109  0.391774  0.336311  0.272127  0.198405  0.114776  0.021160 -0.081346 -0.190372 -0.303143 -0.416345 -0.527389 -0.631684 -0.726029 -0.808077 -0.877257 -0.933383 -0.976425 -1.007797 -1.029435 -1.045245 -1.055224 -1.060759 -1.063009 -1.064193 -1.065065 -1.064642 -1.063017 -1.060331 -1.059916 -1.058450 -1.055343 -1.050184 -1.044839 -1.039595 -1.032235 -1.022427 -1.010125 -0.999951 -0.987639 -0.972348 -0.953421 -0.933029 -0.911782 -0.887065 -0.858405 -0.825716 -0.794183 -0.759746 -0.721798 -0.679991 -0.636831 -0.593752 -0.548849 -0.501949 -0.453034 -0.406207 -0.358258 -0.307952 -0.253921 -0.196439 -0.135551 -0.069211  0.003635  0.083781  0.169858  0.263224  0.364208  0.472820  0.588004  0.708367  0.833136  0.961051  1.090793  1.220169  1.348763  1.475999  1.601446  1.724162  1.843122  1.957727  2.066875  2.169252  2.262585  2.346422  2.420337  2.484447  2.538753  2.583766  2.620855  2.650698  2.673241  2.686093  2.688571  2.678554  2.653562  2.610133  2.545650  2.459439  2.350960  2.220424  2.066670  1.893566  1.704508  1.503847  1.295468  1.084800  0.879216  0.684801  0.506668  0.345898  0.207028  0.090624 -0.004408 -0.081797 -0.144432 -0.193879 -0.232897 -0.263797 -0.290931 -0.311826 -0.326874 -0.336372 -0.342025 -0.343063 -0.337658 -0.326183 -0.309175 -0.289821 -0.263982 -0.232010 -0.194570 -0.153867 -0.109003 -0.058528 -0.003728  0.053851  0.110364  0.169300  0.229358  0.289053  0.345905  0.400915  0.455436  0.508247  0.557840  0.600956  0.639978  0.672999  0.697801  0.711732  0.714933  0.708367  0.692131  0.666941  0.633383  0.595197  0.554178  0.511710  0.468418  0.425358  0.383134  0.341284  0.299087  0.255418  0.210726  0.164638  0.116933  0.067372  0.016511 -0.035047 -0.087262 -0.140214 -0.194439 -0.249160 -0.304569 -0.360843 -0.418291 -0.476277 -0.534039 -0.591368 -0.648064 -0.704459 -0.758896 -0.811108 -0.860829 -0.908044 -0.951370 -0.989350 -1.021545 
Shapelet   6  -1.578363 -1.581759 -1.568511 -1.533785 -1.479637 -1.414208 -1.346946 -1.281516 -1.217826 -1.156592 -1.099409 -1.050808 -1.016346 -0.996361 -0.988190 -0.989320 -0.995899 -1.006615 -1.022793 -1.042389 -1.063190 -1.084454 -1.102414 -1.115730 -1.126475 -1.132873 -1.135032 -1.135592 -1.131726 -1.123121 -1.112703 -1.097741 -1.078482 -1.057975 -1.033227 -1.005360 -0.978687 -0.951128 -0.923829 -0.898167 -0.867878 -0.831832 -0.791423 -0.743431 -0.690601 -0.635185 -0.572080 -0.500619 -0.419886 -0.324720 -0.216527 -0.097235  0.034399  0.174220  0.317458  0.460380  0.595746  0.718035  0.824940  0.915924  0.994917  1.067713  1.138484  1.210405  1.283184  1.352703  1.415463  1.468054  1.507238  1.533820  1.549599  1.555470  1.554735  1.548430  1.533133  1.506209  1.461777  1.390122  1.285401  1.140486  0.946891  0.706335  0.425423  0.115454 -0.197332 -0.487706 -0.739115 -0.934040 -1.070480 -1.160674 -1.209634 -1.229410 -1.235629 -1.227730 -1.209574 -1.188541 -1.157890 -1.119350 -1.080691 -1.036740 -0.990620 -0.948789 -0.903027 -0.852958 -0.801815 -0.740991 -0.671424 -0.597464 -0.512879 -0.420460 -0.325708 -0.226072 -0.127027 -0.034776  0.052995  0.135712  0.214094  0.294442  0.378531  0.464572  0.551705  0.636134  0.714263  0.786765  0.854015  0.916109  0.973904  1.025232  1.067274  1.099031  1.118667  1.125629  1.120738  1.102465  1.069363  1.020134  0.951518  0.862783  0.755651  0.632126  0.498530  0.362293  0.227981  0.101452 -0.014353 -0.121695 -0.220427 -0.311565 -0.398672 -0.479522 -0.552487 -0.619507 -0.677446 -0.725891 -0.768969 -0.804544 -0.833293 -0.860527 -0.884360 -0.906108 -0.931356 -0.956264 -0.979517 -1.004307 -1.024672 -1.039369 -1.053735 -1.063803 -1.069533 -1.076063 -1.077392 -1.070949 -1.060759 -1.041791 -1.014155 -0.985775 -0.954692 -0.921776 -0.893591 -0.865168 -0.834420 -0.805858 -0.774002 -0.736648 -0.697090 -0.649401 -0.591539 -0.528173 -0.457042 -0.379470 -0.300917 -0.218091 -0.129957 -0.039854  0.054554  0.151899  0.247239  0.341848  0.434807  0.522675  0.607965  0.690955  0.769526  0.846776  0.921100  0.985983  1.039425  1.076208  1.090981  1.088392  1.071495  1.042043  1.008744  0.974060  0.936998  0.903056  0.870504  0.834297  0.795467  0.748059  0.686654  0.616098  0.538243  0.458816  0.391397  0.341036  0.311240  0.306791  0.322116  0.353320  0.400249  0.457257  0.524209  0.603247  0.691644  0.791953  0.905289  1.027649  1.159244  1.295550  1.427197  1.550613  1.659929  1.748803  1.820016  1.874958  1.913268  1.940205  1.956044  1.957627  1.946914  1.921168  1.874937  1.807997  1.716629  1.596490  1.449245  1.272715  1.062373  0.818536  0.540140  0.230281 -0.095954 
Shapelet   7  -1.231241 -1.230455 -1.229637 -1.228863 -1.228209 -1.227736 -1.227492 -1.227641 -1.228138 -1.228867 -1.229724 -1.230581 -1.231308 -1.231791 -1.232043 -1.232112 -1.231843 -1.231218 -1.230243 -1.228951 -1.227396 -1.225684 -1.224172 -1.222696 -1.221262 -1.219844 -1.218398 -1.216875 -1.215232 -1.213776 -1.212335 -1.210787 -1.209070 -1.207128 -1.204921 -1.202434 -1.199932 -1.197533 -1.195012 -1.192311 -1.189356 -1.186071 -1.182403 -1.178448 -1.174636 -1.170578 -1.166221 -1.161506 -1.156386 -1.150840 -1.144892 -1.139255 -1.133575 -1.127783 -1.121833 -1.115663 -1.109214 -1.102455 -1.095893 -1.089524 -1.083000 -1.076194 -1.068964 -1.061184 -1.052775 -1.044041 -1.035563 -1.026748 -1.017509 -1.007744 -0.997367 -0.986335 -0.974709 -0.963837 -0.952846 -0.941671 -0.930207 -0.918335 -0.905964 -0.893065 -0.880720 
Shapelet  12  -0.922476 -0.927112 -0.929731 -0.928235 -0.922799 -0.915691 -0.911114 -0.904498 -0.896675 -0.889576 -0.883210 -0.873272 -0.860770 -0.849100 -0.836192 -0.820867 -0.805044 -0.792721 -0.779768 -0.766446 -0.754463 -0.745528 -0.736773 -0.728243 -0.720832 -0.714358 -0.707802 -0.701635 -0.697795 -0.696564 -0.698027 -0.701993 -0.708576 -0.715131 -0.719836 -0.722136 -0.722702 -0.721454 
Shapelet  13  -0.060532 -0.038398 -0.015851  0.005984  0.026942  0.047041  0.065753  0.082286  0.097343  0.110526  0.120859  0.127384  0.130032  0.127910  0.120096  0.106824  0.088257  0.063967  0.033090 -0.004008 -0.047817 -0.098732 -0.156205 -0.218409 -0.283935 -0.351465 -0.418644 -0.483608 -0.545119 -0.602379 -0.653198 -0.697032 -0.734328 -0.765757 -0.792013 -0.815021 -0.836802 -0.857215 -0.875952 -0.892708 -0.907523 -0.918540 -0.926176 -0.931799 -0.936231 -0.939673 -0.943285 -0.948420 -0.953992 -0.959481 -0.964877 -0.970604 -0.974687 -0.977193 -0.978896 -0.979733 -0.979156 -0.977836 -0.977073 -0.976202 -0.975237 -0.974556 -0.974597 -0.974210 -0.973367 -0.972467 -0.971526 -0.970304 -0.968927 -0.967679 -0.965909 -0.963122 -0.959138 -0.954245 -0.948289 -0.941533 -0.934439 -0.927096 -0.918941 -0.909427 -0.898642 -0.886223 -0.872179 -0.857117 -0.842368 -0.828133 -0.814659 -0.802664 -0.792506 -0.783664 -0.776102 -0.771705 -0.770307 -0.771534 -0.775360 -0.782642 -0.790777 -0.797689 -0.803792 -0.809074 -0.811866 -0.811520 -0.811648 -0.810141 -0.805358 -0.797407 -0.788935 -0.777574 -0.762438 -0.746608 -0.730791 -0.712654 -0.690823 -0.669505 -0.645473 -0.617012 -0.584550 -0.550339 -0.511427 -0.465954 -0.415268 -0.358224 -0.292222 -0.215720 -0.130360 -0.034047  0.073715  0.191856  0.318284  0.451868  0.590442  0.730922  0.871478  1.010882  1.148498  1.284209  1.418900  1.553003  1.686239  1.817508  1.944564  2.064121  2.172419  2.266218  2.342659  2.399629  2.435905  2.451159  2.445127  2.417553  2.368470  2.297578  2.204125  2.087225  1.947275  1.785211  1.603324  1.405728 
Shapelet  14  -0.531771 -0.531906 -0.532989 -0.531983 -0.529381 -0.525117 -0.518374 -0.512020 -0.502521 -0.488980 -0.470729 -0.446322 -0.419126 -0.389306 -0.358155 -0.327346 -0.294920 -0.261399 -0.225290 -0.185334 -0.143828 -0.100247 -0.056699 -0.014079  0.029130  0.070467  0.110623  0.146786  0.174608  0.192423  0.196018  0.185731  0.163596  0.132271  0.098602  0.066659  0.040128  0.020695  0.007091 -0.000012 -0.000600  0.007235  0.024929  0.050928  0.083401  0.117101  0.148150  0.174319  0.193703  0.208248  0.218297  0.224639  0.227919  0.224942  0.214388  0.193218  0.159448  0.114926  0.058699 -0.008260 -0.086392 -0.177009 -0.274862 -0.374400 -0.466479 -0.542374 -0.599628 -0.637068 -0.659319 -0.672095 -0.677876 -0.681288 -0.682464 -0.682055 -0.682643 -0.681311 -0.679746 -0.677290 -0.672404 -0.669358 -0.664427 -0.658584 -0.652025 -0.641372 -0.629620 -0.614459 -0.595873 -0.575285 -0.548710 -0.516312 -0.475880 -0.425397 -0.367767 -0.302181 -0.231638 -0.158910 -0.082891 -0.006596  0.073138  0.155968  0.238243  0.320865  0.398158  0.470879  0.538787  0.593278  0.633650  0.650749  0.642653  0.616918  0.573676  0.529144  0.490437  0.461365  0.451661  0.452074  0.466704  0.493381  0.526843  0.574964  0.634126  0.708991  0.803985  0.919487  1.064579  1.241295  1.450825  1.687938  1.939857  2.196971  2.447180  2.685770  2.910881  3.117315  3.304056  3.462043  3.584449  3.668396  3.712510  3.724620  3.708670  3.663557  3.580605  3.438904  3.219014  2.905852  2.500267  2.028245  1.530708  1.060975  0.663101  0.357675  0.147256  0.009901 -0.077086 -0.133374 -0.177069 -0.211397 -0.245869 -0.282966 -0.319440 -0.359144 -0.393203 -0.423550 -0.453428 -0.478135 -0.505436 -0.529637 -0.549880 -0.571226 -0.585520 -0.599637 -0.611786 -0.620461 -0.630476 -0.637681 -0.644737 -0.652117 -0.658330 -0.665783 -0.674735 -0.686185 -0.699094 -0.710358 -0.721083 
Shapelet  15  -0.817617 -0.774327 -0.746838 -0.724995 -0.696885 -0.661728 -0.624569 -0.592864 -0.568849 -0.550452 -0.537016 -0.530021 -0.529622 -0.530565 -0.535295 -0.545484 -0.551775 -0.552579 -0.552044 -0.550107 -0.539532 -0.519302 -0.496678 -0.465917 -0.421057 -0.365440 -0.305166 -0.246563 -0.187108 -0.123851 -0.054592  0.017385  0.076010  0.107933  0.110032  0.092838  0.069988  0.046634  0.025766  0.005135 -0.016078 -0.034820 -0.056240 -0.087897 -0.132606 -0.183591 -0.233447 -0.282117 -0.324662 -0.362426 -0.400571 -0.435770 -0.463779 
Shapelet  24  -0.079996 -0.081221 -0.083101 -0.085894 -0.089933 -0.095650 -0.104248 -0.115396 -0.129601 -0.147401 -0.169310 -0.196637 -0.228719 -0.265514 -0.306948 -0.352835 -0.403787 -0.458402 -0.515611 -0.574343 -0.633336 -0.692201 -0.748638 -0.800619 -0.846784 -0.886256 -0.919853 -0.947292 -0.968404 -0.983907 -0.994652 -1.002505 -1.007939 -1.010254 -1.009452 -1.005596 -0.999903 -0.993134 -0.984561 -0.974506 -0.963230 -0.951636 -0.940349 -0.927522 -0.912467 -0.894686 -0.874648 -0.853793 -0.831081 -0.806984 -0.781930 -0.756500 -0.732007 -0.706332 -0.678706 -0.648557 -0.615954 -0.583061 -0.549183 -0.515526 -0.483357 -0.453659 -0.428665 -0.405956 -0.383761 -0.359789 -0.331696 -0.299518 -0.260558 -0.213927 -0.160003 -0.100226 -0.038874  0.022509  0.082587  0.140164  0.194570  0.243598  0.287802  0.329006  0.368614  0.407748  0.445091  0.480293  0.514384  0.547422  0.579236  0.607693  0.631326  0.651473  0.668622  0.683162  0.693631  0.697993  0.697465  0.691990  0.681533  0.665031  0.640683  0.610932  0.577444  0.542301  0.507086  0.471987  0.440547  0.414883  0.396898  0.387923  0.387769  0.398647  0.421458  0.456829  0.505001  0.564984  0.637205  0.720753  0.814318  0.916274  1.024266  1.136997  1.252228  1.367482  1.480254  1.587742  1.688769  1.781954  1.866460  1.942356  2.010148 
Shapelet  25  -0.764074 -0.758581 -0.752697 -0.746334 -0.740799 -0.736148 -0.730998 -0.725093 -0.718260 -0.710494 -0.703782 -0.697872 -0.691803 -0.685430 -0.678661 -0.671565 -0.666696 -0.663148 -0.660172 -0.657451 -0.654641 -0.651495 -0.650657 -0.650017 -0.648685 -0.645947 -0.641198 -0.634252 -0.628052 -0.620274 -0.610651 -0.598933 -0.584978 -0.569335 -0.554450 -0.538341 -0.520630 -0.500815 -0.478402 -0.453733 -0.427838 -0.398938 -0.366545 -0.330208 -0.289604 -0.245240 -0.197502 -0.145664 -0.089846 -0.030263  0.032788  0.098553  0.166857  0.237791  0.311178  0.386945  0.465156  0.545755  0.629343  0.716299  0.806685  0.900339  0.996827  1.095116  1.194609  1.294003  1.391618  1.485622  1.574213  1.655462  1.728741  1.793334  1.849061  1.896360  1.936245  1.970012  2.000097  2.028348  2.056331  2.085130  2.115100  2.145898  2.177094  2.207125  2.233957  2.255331  2.268814  2.272318  2.264311  2.242983  2.206639  2.153699  2.082499  1.992038  1.881786  1.751320  1.600888  1.431601  1.245209  1.045076 
Shapelet  26  -0.486817 -0.457510 -0.415532 -0.356313 -0.277874 -0.166350 -0.018850  0.170663  0.411967  0.696170  1.011099  1.342597  1.672596  1.981878  2.258562  2.491399  2.669589  2.794876  2.872872  2.906925  2.899772  2.815590  2.553292  2.033372  1.316839  0.587726  0.014894 -0.342406 -0.521396 -0.594489 -0.611714 -0.604108 -0.595972 -0.586589 -0.576407 -0.573995 -0.574495 -0.578592 -0.588422 -0.594438 -0.594429 -0.588308 -0.581536 -0.575618 -0.565856 -0.555026 -0.548132 -0.544324 -0.541195 -0.538765 -0.537565 -0.539462 -0.545466 -0.553852 -0.563865 -0.574231 -0.581919 -0.585756 -0.587420 -0.587867 -0.584132 -0.576937 -0.571264 -0.565083 -0.553123 -0.533677 -0.506898 -0.475112 -0.439049 -0.396262 -0.349443 -0.304214 -0.261636 -0.223292 -0.192785 -0.170644 -0.156257 -0.155783 -0.183611 -0.247394 -0.333321 -0.415461 -0.473199 -0.500026 -0.506449 -0.506103 -0.502593 -0.498283 -0.497001 -0.497920 -0.501338 -0.506341 -0.507448 -0.502936 -0.495655 -0.488941 -0.483303 -0.477251 -0.467538 -0.447238 -0.414332 -0.368877 -0.311225 -0.249942 -0.197197 -0.157765 -0.134543 -0.131604 -0.145601 -0.172156 -0.216538 -0.288844 -0.393014 -0.517281 -0.635248 -0.722630 -0.772603 -0.795377 -0.803844 -0.802445 -0.794049 -0.784883 -0.776088 -0.767471 -0.759355 -0.748484 -0.735376 -0.724017 -0.715060 -0.707320 -0.697945 -0.686091 -0.673437 -0.661051 -0.648874 -0.636975 -0.626692 -0.617958 -0.607069 -0.591408 -0.570171 -0.541626 -0.510008 -0.485997 -0.473508 -0.468187 -0.464823 -0.458498 
Shapelet  27   1.535889  1.599023  1.661175  1.722748  1.783882  1.844580  1.904699  1.963598  2.021357  2.077588  2.131866  2.183770  2.232728  2.278329  2.320568  2.359103  2.393536  2.423416  2.447822  2.466607  2.479378  2.485561  2.484603  2.475939  2.458752  2.433584  2.400364  2.359080  2.309770  2.252052  2.186185  2.112832  2.032092  1.944019  1.848674  1.745225  1.634989  1.518509  1.396239  1.268743  1.136383  0.999562  0.860591  0.720697  0.581150  0.443291  0.307539  0.176116  0.051168 -0.066077 -0.174646 -0.273826 -0.364879 -0.445224 -0.514915 -0.574407 -0.624424 -0.666626 -0.701941 -0.729611 -0.750587 -0.765906 -0.776555 -0.784994 -0.790043 -0.791610 -0.790372 -0.787016 -0.782434 -0.778379 -0.772312 -0.764434 -0.755066 -0.744498 -0.734134 -0.723154 -0.709928 -0.694599 -0.677499 -0.659001 -0.641452 -0.622273 -0.601371 -0.579279 -0.556619 -0.534588 -0.514240 -0.493448 -0.472521 -0.451907 -0.432050 -0.414626 -0.398563 -0.382910 -0.367815 -0.353464 -0.339981 -0.328999 -0.318054 -0.306922 
Shapelet  28  -0.677332 -0.677498 -0.676449 -0.675281 -0.672317 -0.667540 -0.663753 -0.659338 -0.653462 -0.647152 -0.637487 -0.623860 -0.607798 -0.587733 -0.563634 -0.536353 -0.504072 -0.466695 -0.425773 -0.381567 -0.336028 -0.291968 -0.249687 -0.209524 -0.171553 -0.133285 -0.093013 -0.049976 -0.002745  0.047428  0.097273  0.143774  0.182293  0.208744  0.221809  0.220855  0.207041  0.183440  0.152494  0.116930  0.079759  0.043075  0.009403 -0.018629 -0.039193 -0.050714 -0.053089 -0.047954 -0.037347 -0.024147 -0.011033  0.001210  0.011757  0.019984  0.026880  0.032271  0.035867  0.038408  0.038166  0.032512  0.019809 -0.002471 -0.034389 -0.072868 -0.116075 -0.162039 -0.209349 -0.259588 -0.313084 -0.368578 -0.425401 -0.481068 -0.532841 -0.579565 -0.619069 -0.649666 -0.671769 -0.685594 -0.692423 -0.694967 -0.694058 -0.690515 -0.686444 -0.682320 -0.679165 -0.678987 -0.680594 -0.682667 -0.685604 -0.687484 -0.687916 -0.689388 -0.690724 -0.691321 -0.693467 -0.694768 -0.694118 -0.694946 -0.694389 -0.690904 -0.687944 -0.681492 -0.669923 -0.657942 -0.642494 -0.623035 -0.604759 -0.583283 -0.557014 -0.530503 -0.498833 -0.461252 -0.422323 -0.376195 -0.321048 -0.259308 -0.185179 -0.099139 -0.005745  0.097698  0.209592  0.328430  0.460523  0.607359  0.768693  0.946557  1.134531  1.324787  1.513509  1.693906  1.864319  2.029331  2.190667  2.351729  2.515335  2.677868  2.834190  2.976992  3.096149  3.183688  3.233791  3.243240  3.214496  3.153086  3.066166  2.963746  2.854258  2.743986  2.639011  2.541534  2.451559  2.369290  2.291584  2.215665  2.140959  2.064398  1.983784  1.895500  1.788158  1.650475  1.473057  1.248868  0.986438  0.705449  0.427308  0.178870 -0.021447 -0.171010 -0.269589 -0.326497 -0.359165 -0.375445 -0.384345 -0.396023 -0.408027 -0.421250 -0.440345 -0.460863 -0.483590 -0.511489 -0.538019 -0.563094 
Shapelet  29  -1.174636 -1.170578 -1.166221 -1.161506 -1.156386 -1.150840 -1.144892 -1.139255 -1.133575 -1.127783 -1.121833 -1.115663 -1.109214 -1.102455 -1.095893 -1.089524 -1.083000 -1.076194 -1.068964 -1.061184 -1.052775 -1.044041 -1.035563 -1.026748 -1.017509 -1.007744 -0.997367 -0.986335 -0.974709 -0.963837 -0.952846 -0.941671 -0.930207 -0.918335 -0.905964 -0.893065 -0.880720 -0.868674 -0.856506 -0.844063 -0.831169 -0.817667 -0.803457 -0.789153 -0.775298 -0.761108 -0.746412 -0.731012 -0.714723 -0.697417 -0.679242 -0.661472 -0.643133 -0.624131 -0.604351 -0.583680 -0.562048 -0.539462 -0.517109 -0.494533 -0.471538 -0.448080 -0.424115 -0.399630 -0.374672 -0.349974 -0.325857 -0.301947 -0.278258 -0.254771 -0.231455 -0.208286 -0.185521 -0.163894 -0.142597 -0.121373 -0.099892 -0.077774 -0.054635 -0.030123 -0.005113  0.021525  0.050270  0.081537  0.115697  0.153025  0.193660  0.236720  0.282174  0.330300  0.380921  0.433778  0.488514  0.544655  0.601119  0.656590  0.711351  0.765015  0.817299  0.868005  0.916998  0.964089  1.007659  1.049008  1.088373  1.126047  1.162309  1.197353  1.231217  1.262458  1.291360  1.318054  1.342246  1.363574  1.381607  1.395844  1.404987  1.408130  1.405763  1.397773  1.384212  1.365269  1.341245  1.312274  1.277648  1.239120  1.197483  1.153607  1.108401  1.062766  1.017549  0.972354  0.928759  0.887691  0.849821  0.815720  0.785834  0.760468  0.739192  0.722167  0.709792  0.701922  0.698319  0.698673  0.702631  0.709616  0.718998  0.731038  0.745400  0.761747  0.779759  0.799147  0.819668  0.840587  0.862541  0.885449  0.909217  0.933766  0.959053  0.985077 
Shapelet  30   0.219942  0.218979  0.196835  0.140107  0.042142 -0.079140 -0.203207 -0.321567 -0.433168 -0.529439 -0.597582 -0.638558 -0.654664 -0.656876 -0.656299 
Shapelet  31  -0.597408 -0.565726 -0.530679 -0.483983 -0.426342 -0.354999 -0.274738 -0.183436 -0.078418  0.038672  0.162900  0.288436  0.418505  0.554097  0.693887  0.826605  0.943620  1.038151  1.112284  1.167113  1.205014  1.220553  1.209966  1.166226  1.089453  0.978706  0.840108  0.679593  0.509889  0.341692  0.186618  0.050659 -0.062071 -0.152855 -0.223769 -0.279328 -0.320376 -0.347112 -0.357182 -0.349515 -0.323851 -0.278840 
Shapelet  49  -0.999630 -0.972339 -0.944600 -0.919244 -0.897688 -0.883472 -0.875912 -0.876801 -0.887069 -0.904042 -0.928876 -0.955767 -0.980759 -1.001046 -1.011211 -1.016056 -1.015549 -1.011780 -1.007086 -0.995374 -0.978162 -0.951835 -0.916388 -0.876665 -0.828946 -0.776803 -0.718196 -0.652637 -0.586801 -0.516857 -0.443989 -0.362758 -0.266742 -0.162297 -0.049562  0.062961  0.171283  0.278458  0.378981  0.474090  0.559586  0.634003  0.702434  0.765851  0.827150  0.882499  0.927194  0.961210  0.985268  1.006412  1.029141  1.055077  1.084827  1.113566  1.140635  1.164825  1.184591  1.198757  1.195647  1.161968  1.080621  0.937459  0.735403  0.484768  0.211949 -0.054077 -0.294279 -0.489588 -0.640492 -0.750540 -0.825815 -0.882113 -0.921453 -0.952700 -0.979003 -0.996377 -1.011091 -1.018154 -1.021536 -1.025802 -1.025267 -1.023842 -1.013451 -0.992686 -0.966951 -0.931232 -0.890392 -0.837880 -0.769232 -0.689680 -0.598827 -0.506250 -0.414300 -0.320449 -0.225498 -0.126988 -0.031198  0.055372  0.130851  0.195509  0.257396  0.320970  0.386198  0.450682  0.507626  0.554382  0.586956  0.598789  0.584151  0.534568  0.447708  0.324378  0.166457 -0.016826 -0.214965 -0.408805 -0.577389 -0.709683 -0.799275 -0.856418 -0.893077 -0.917036 -0.939066 -0.954860 -0.967551 -0.979170 -0.986449 -0.995358 -0.996985 -0.989273 -0.973611 -0.945979 -0.917864 -0.888372 -0.858350 -0.830048 -0.792047 -0.745537 -0.685405 -0.609759 -0.525030 -0.428140 -0.324115 -0.213949 -0.095362  0.029798  0.165820  0.310355  0.458856  0.606333  0.745154  0.875953  0.999792  1.118825  1.233647  1.336514  1.419170  1.470265  1.480788  1.448420  1.372266  1.258453  1.113453  0.943746  0.759230  0.565142  0.368946  0.174928 -0.016634 -0.199446 -0.371592 -0.525117 -0.652330 -0.755155 -0.829400 -0.883571 -0.922662 -0.947219 -0.967669 -0.978107 -0.984432 -0.990302 -0.990537 -0.993237 -0.988335 -0.975746 -0.959251 -0.931353 -0.900019 -0.858211 -0.801737 -0.733441 -0.645330 -0.544414 -0.431842 -0.307396 -0.177345 -0.035419  0.115415  0.273003  0.438063  0.601712  0.767992  0.935989  1.104191  1.275465  1.437275  1.585273  1.710720  1.803622  1.865419  1.885913  1.863409  1.797604  1.688560  1.555179  1.408968  1.266371  1.141569  1.037555  0.966351  0.926154  0.914425  0.928128  0.958787  1.011480  1.083981  1.175090  1.278979  1.384048  1.488367  1.582338  1.663578  1.729468  1.777085  1.819081  1.857848  1.896614  1.930907  1.945103  1.936572  1.897353  1.826228  1.725307  1.588744  1.418725  1.209312  0.954301  0.654259  0.310850 -0.056186 -0.425059 -0.774990 -1.082058 -1.333205 -1.510979 
Shapelet  50  -0.364877 -0.281991 -0.198577 -0.114787 -0.030751  0.052792  0.135984  0.218828  0.301280  0.383337  0.465043  0.546267  0.626981  0.707760  0.789000  0.871081  0.954267  1.038605  1.123240  1.208180  1.292821  1.376386  1.457953  1.536489  1.610506  1.678842  1.740797  1.795533  1.842270  1.880243  1.908572  1.925850  1.931892  1.926253  1.908726  1.879381  1.838588  1.786504  1.724278  1.653516  1.575904  1.493240  1.407285  1.319446  1.230645  1.142437  1.055796  0.971484  0.890066  0.811921  0.736682  0.664802  0.596419  0.531457  0.469664  0.410577  0.353214  0.296583  0.240149  0.183024  0.124454  0.063942  0.001342 -0.063883 -0.130061 -0.196026 -0.260351 -0.321471 -0.377833 -0.428665 -0.472494 -0.508026 -0.534968 -0.553480 -0.564087 -0.567775 -0.566234 -0.559029 -0.547144 -0.531587 -0.513312 -0.493168 -0.472939 -0.452098 -0.430681 -0.409319 -0.388676 -0.369369 -0.352430 -0.338531 -0.326222 -0.315645 -0.306942 -0.300184 -0.295327 -0.293764 -0.293141 -0.292896 -0.293020 -0.293678 -0.295138 -0.298567 -0.304001 -0.310354 -0.318082 -0.327752 -0.339917 -0.355008 -0.374894 -0.397252 -0.421866 -0.448471 -0.476713 -0.506131 -0.537101 -0.568386 -0.598455 -0.626724 -0.652786 -0.676401 -0.697727 -0.717875 -0.735304 -0.750103 -0.762482 -0.772723 -0.781164 -0.789458 -0.797093 -0.803676 -0.809340 -0.814264 -0.818704 -0.823594 -0.830352 -0.837825 -0.846079 -0.855117 -0.864909 -0.875424 -0.888635 -0.903026 -0.917774 -0.932251 -0.945809 -0.957891 -0.969168 -0.980048 -0.988887 -0.995344 -0.999197 -1.000396 -0.999115 -0.998451 -0.996352 -0.992878 -0.988039 -0.981828 -0.974284 -0.966980 -0.959939 -0.951994 -0.942916 -0.932461 -0.920428 -0.906973 -0.893495 -0.878326 -0.861282 -0.842188 -0.820879 -0.797205 -0.771808 -0.744015 -0.713369 -0.679811 -0.643346 -0.604008 -0.561991 -0.517388 -0.469645 -0.418648 -0.364216 -0.306069 -0.243810 -0.177225 -0.105353 -0.027658  0.056155  0.146121  0.241961  0.342904  0.448024  0.556203  0.665754  0.774770  0.881277  0.983396  1.079229  1.167933  1.248664  1.321037  1.385145  1.441530  1.490961  1.534786  1.574472  1.611295  1.646367  1.680532  1.714248  1.747481  1.780118  1.811275 
Shapelet  51   0.468509  0.643084  0.817416  1.012165  1.237224  1.496027  1.767540  2.042706  2.323491  2.615374  2.912620  3.192940  3.437902  3.634366  3.765880  3.802043  3.706268  3.471353  3.123906  2.711446  2.261096  1.772797  1.250845  0.717921  0.233250 -0.145872 -0.385076 -0.499952 -0.539568 -0.532861 -0.506623 -0.471324 -0.450974 -0.450207 -0.463023 -0.488545 -0.512443 -0.538327 -0.555943 -0.567523 -0.568012 -0.561795 -0.559716 -0.562352 -0.566123 -0.562165 -0.553232 -0.540873 -0.524296 -0.499524 -0.463620 -0.425780 -0.390750 -0.366142 -0.346384 -0.326489 -0.303961 -0.276674 -0.253852 -0.228844 -0.203069 -0.168380 -0.128147 -0.080576 -0.013280  0.070039  0.172253  0.298924  0.470780  0.685575  0.924175  1.177878  1.443280  1.710415  1.962343  2.188626  2.378797  2.509570  2.564348  2.542200  2.452102  2.278548  1.980600  1.536358  0.981668  0.418052 -0.046853 -0.353861 -0.518404 -0.598246 -0.632704 -0.643628 -0.633829 -0.614688 -0.590743 -0.563237 -0.542244 -0.524930 -0.519181 -0.516751 -0.517150 -0.517127 -0.518705 -0.522272 -0.515679 -0.506636 -0.503758 -0.500537 -0.480678 -0.466289 -0.487659 -0.524666 -0.540120 -0.532084 -0.532105 -0.535663 -0.512666 -0.453943 -0.379489 -0.306205 -0.221608 -0.112131  0.015430  0.141893  0.252347  0.342629  0.413038  0.470160  0.515458  0.538635  0.523241  0.452798  0.322827  0.144565 -0.056909 -0.260058 -0.449947 -0.609242 -0.725486 -0.795404 -0.829924 -0.840915 -0.839485 -0.835584 -0.828626 -0.820748 -0.810092 -0.805055 -0.804906 -0.805314 -0.803778 -0.798285 
Shapelet  52  -0.545996 -0.530220 -0.511953 -0.486817 -0.457510 -0.415532 -0.356313 -0.277874 -0.166350 -0.018850  0.170663  0.411967  0.696170  1.011099  1.342597  1.672596  1.981878  2.258562  2.491399  2.669589  2.794876 
Shapelet  53  -0.556759 -0.627979 -0.700436 -0.767581 -0.822602 -0.853434 -0.860913 -0.850065 -0.835176 -0.816916 -0.798136 -0.772929 -0.748950 -0.723536 -0.703682 -0.681281 -0.662932 -0.641783 -0.627509 -0.610604 -0.594677 -0.567032 -0.535959 -0.497716 -0.454634 -0.388250 -0.291871 -0.158763  0.000830  0.185472  0.384294  0.598059  0.822745  1.065665  1.315161  1.560958  1.786302  1.990448  2.148927  2.229486  2.188750  2.028961  1.779143  1.508188  1.271954  1.119344  1.048634  1.043594  1.064547  1.095152  1.114694  1.124130  1.123395  1.139291  1.193842  1.306054  1.465577 
Shapelet  54  -0.549279 -0.580711 -0.614253 -0.643786 -0.675766 -0.705151 -0.727242 -0.744895 -0.751817 -0.757635 -0.759859 -0.758112 -0.755143 -0.744515 -0.733614 -0.718737 -0.700751 -0.682695 -0.658288 -0.634501 -0.602936 -0.564592 -0.521284 -0.468513 -0.415181 -0.351814 -0.279899 -0.196194 -0.094838  0.016547  0.142613  0.272957  0.403828  0.533624  0.661257  0.794538  0.932542  1.076686  1.223048  1.370068  1.519709  1.669963  1.822303  1.974212  2.126558  2.277884  2.420873  2.548942  2.654251  2.737460  2.794063  2.806863  2.743779  2.564638  2.252640  1.821442  1.324227  0.831014  0.399971 
Shapelet  55   3.070475  3.625516  3.900119  4.038422  4.102512  4.078868  3.958688  3.716664  3.245281  2.538825  1.799734  1.175414  0.758720  0.560429  0.525721  0.594657  0.705417  0.712677  0.579148  0.461494  0.408229  0.370535  0.347498  0.343841  0.377037  0.442543  0.505741  0.561432  0.610013  0.627872  0.585249  0.465783  0.293576  0.132167  0.013006 -0.090211 -0.222971 -0.442513 -0.690273 -0.818356 -0.844817 -0.852177 -0.846327 -0.831312 -0.798854 -0.755495 -0.713740 -0.680210 -0.647212 -0.626409 -0.613589 -0.583546 -0.530629 -0.465894 -0.397422 -0.303186 -0.162344  0.059143  0.357993  0.657912  0.905690  1.099700  1.214710  1.225421  1.179110  1.188682  1.351155  1.652570  2.001902  2.294161  2.427047  2.403752  2.276853  2.055514  1.805511  1.419170  0.725511  0.032087 -0.341636 -0.525599 -0.663145 -0.742954 -0.765588 -0.760234 -0.748164 -0.738371 -0.737676 -0.738845 -0.746545 -0.764823 -0.775816 -0.773785 -0.756551 -0.734996 -0.703533 -0.653006 -0.597101 -0.541872 -0.498396 -0.438579 -0.343191 -0.236069 -0.119932 -0.028185  0.021134  0.046630  0.045730  0.002287 -0.147754 -0.398510 -0.613298 -0.711526 -0.724535 -0.714450 -0.708637 -0.705205 -0.702033 -0.694404 -0.675005 -0.654952 -0.639117 -0.600168 -0.537181 -0.420835 -0.253836 -0.059160  0.146313  0.317387  0.424132  0.466345  0.455324  0.385347  0.249803  0.040758 -0.191174 -0.355082 -0.454623 -0.536139 -0.618237 -0.704600 -0.774966 -0.819424 -0.836084 -0.832460 -0.823232 -0.814347 -0.807482 -0.801657 -0.787775 -0.765924 -0.735402 -0.685148 -0.624403 -0.549424 -0.427403 -0.265775 -0.105187  0.030186  0.152146  0.241088  0.214221  0.090237  0.004481  0.023199  0.133686  0.282860  0.389317  0.453833  0.516875  0.533624  0.471114  0.349007  0.131247 -0.150050 -0.376016 -0.543585 -0.661495 -0.711824 -0.721349 -0.716627 -0.712759 -0.723009 -0.745411 -0.773830 -0.798318 -0.813885 -0.826869 -0.826159 -0.819554 -0.797764 -0.738981 -0.639967 -0.493247 -0.288628 -0.065621  0.075675  0.098302  0.014547 -0.156159 -0.319879 -0.425420 -0.477073 -0.490246 -0.485732 -0.459319 -0.420912 -0.363861 -0.284849 -0.198896 -0.113708 -0.053233 -0.027569  0.003119  0.055481  0.113692  0.172223  0.207304  0.199097  0.148663  0.026319 -0.165413 -0.353384 -0.445957 -0.458117 -0.453297 -0.443512 -0.414099 -0.329356 -0.176342  0.041515  0.269218  0.453461  0.604527  0.665494  0.589617  0.345417 -0.115109 -0.625376 
Shapelet  57  -0.698568 -0.620016 -0.552073 -0.510883 -0.485231 -0.465873 -0.451127 -0.437030 -0.424154 -0.415125 -0.405150 -0.389907 -0.376671 -0.373973 -0.379080 -0.386765 -0.395533 -0.401336 -0.401343 -0.399523 -0.397865 -0.394059 -0.390735 -0.391004 -0.392839 -0.395872 -0.403891 -0.421864 -0.453143 -0.494126 -0.531243 -0.552597 -0.560050 -0.557814 -0.545286 -0.523165 -0.485541 -0.427677 -0.364452 -0.311255 -0.266831 -0.223908 -0.172668 -0.111325 -0.054031 -0.012620  0.002252 -0.029320 -0.112450 -0.228534 -0.351218 -0.454654 -0.528270 -0.578038 -0.606829 -0.618907 -0.626762 -0.631085 -0.622887 -0.606189 -0.590356 -0.573624 -0.550076 -0.520409 -0.485013 -0.439939 -0.387043 -0.334405 -0.282621 -0.225611 -0.158474 -0.079083  0.005414  0.079838  0.136515  0.173643  0.183953  0.155834  0.070323 -0.083246 -0.272889 -0.442472 -0.561359 -0.629593 -0.659474 -0.668586 -0.670371 -0.668139 -0.664857 -0.664324 -0.664282 -0.659821 -0.649256 -0.630686 -0.606964 -0.587576 -0.574794 -0.563803 -0.556038 -0.556166 -0.561100 -0.564192 -0.565493 -0.570780 -0.578242 -0.578653 -0.573071 -0.562033 -0.536301 -0.491909 -0.424454 -0.327941 -0.212302 -0.090796  0.031721  0.151224  0.276125  0.420028  0.566289  0.679663  0.748528  0.786155  0.815322  0.856726  0.912556  0.969025  1.017963  1.053092  1.049667  0.975993  0.819079  0.593644  0.335998  0.086288 -0.120656 -0.259610 -0.317542 -0.302293 -0.236419 -0.136480 -0.010107  0.128555  0.258821  0.377035  0.502858  0.642165  0.762569  0.824932  0.820548  0.782756  0.763174  0.788755  0.852892  0.930824  0.998606  1.053654  1.105050  1.150456  1.193572  1.258220  1.358992  1.485215  1.630775  1.810250  2.030908  2.291719  2.585533  2.885947  3.161384  3.394390  3.590164  3.751840  3.853740  3.853139  3.718402  3.450235  3.085038  2.657652  2.161363  1.568573  0.899211  0.274317 -0.162967 -0.386196 -0.474563 -0.505260 -0.519831 -0.536086 -0.548958 -0.547863 -0.541243 -0.540095 -0.537875 -0.534377 -0.535516 -0.535249 -0.531361 -0.526424 -0.517285 -0.501616 -0.479317 -0.449289 -0.414152 -0.377224 -0.329505 -0.259591 -0.176244 -0.089500  0.013339  0.147778  0.316065  0.509243  0.712902  0.903300  1.068213  1.230067  1.408817  1.585049  1.711712  1.719417  1.535257  1.137459  0.586043  0.016788 -0.417571 -0.657048 -0.757407 -0.796969 -0.813619 -0.822491 -0.832839 -0.841487 -0.844237 -0.846943 -0.850246 -0.851520 -0.853632 -0.855099 -0.856253 -0.857505 -0.857775 -0.859095 -0.861436 -0.863648 -0.866958 -0.870287 -0.871360 -0.872663 -0.874579 -0.874094 -0.873243 -0.874592 -0.874666 -0.871625 
Shapelet  58  -1.260954 -1.264987 -1.265729 -1.260656 -1.248437 -1.228949 -1.203117 -1.173031 -1.141324 -1.110865 -1.082888 -1.057927 -1.035808 -1.016598 -0.999897 -0.985335 -0.972969 -0.963300 -0.957140 -0.954024 -0.953392 -0.954469 -0.957250 -0.960816 -0.964469 -0.967783 -0.970925 -0.974176 -0.976872 -0.978501 -0.978604 -0.977835 -0.975443 -0.971207 -0.965074 -0.957806 -0.949858 -0.940943 -0.930915 -0.919828 -0.908647 -0.896595 -0.883340 -0.868667 -0.853633 -0.838276 -0.822195 -0.805178 -0.787572 -0.770369 -0.752518 -0.733419 -0.712617 -0.691665 -0.669916 -0.647184 -0.623665 -0.600811 -0.580074 -0.560977 -0.543510 -0.527618 -0.515228 -0.504448 -0.494407 -0.484321 -0.474972 -0.466340 -0.457486 -0.448074 -0.438168 -0.428954 -0.418943 -0.407446 -0.393846 -0.378850 -0.361919 -0.342487 -0.320288 -0.295425 -0.268172 -0.237643 -0.203579 -0.165984 -0.125853 -0.083332 -0.039206  0.005621  0.050129  0.093878  0.136947  0.179220  0.220542  0.260334  0.298818  0.335503  0.369910  0.401481  0.430544  0.457407  0.482012  0.503900  0.522218  0.536449  0.545107  0.546668  0.539537  0.523826  0.499755  0.467791  0.428443  0.382612  0.331730  0.276243  0.216310  0.151205  0.082088  0.009263 -0.066993 -0.146836 -0.229443 -0.313221 -0.397146 -0.480222 -0.562553 -0.641110 -0.714436 -0.781426 -0.842855 -0.897872 -0.945563 -0.986170 -1.020903 -1.052237 -1.078480 -1.099923 -1.117042 -1.133171 -1.147194 -1.158574 -1.167377 -1.174951 -1.182328 -1.186574 -1.186939 -1.183120 -1.178835 -1.171310 -1.160453 -1.146503 -1.131476 -1.115278 -1.095583 -1.071906 -1.044485 -1.016315 -0.985015 -0.950998 -0.914515 -0.877052 -0.836671 -0.790631 -0.737101 -0.675284 -0.605886 -0.527055 -0.439290 -0.343589 -0.242934 -0.137129 -0.026147  0.089490  0.207790  0.325828  0.442545  0.555523  0.662222  0.757939  0.842967  0.917884  0.984102  1.041818  1.091708  1.136205  1.176143  1.210837  1.235748  1.250856  1.254827  1.246568  1.222809  1.183270  1.130333  1.066557  0.993914  0.912407  0.827311  0.742428  0.661122  0.582647  0.510105  0.446427  0.393668  0.351618  0.318914  0.297799  0.288783  0.291821  0.302610  0.322700  0.351872  0.389730  0.433807  0.482888  0.537658  0.597582  0.661686  0.727130  0.795566  0.866332  0.938720  1.010733  1.083511  1.157771  1.233566  1.310771  1.389961  1.473637  1.561543  1.652555  1.743679  1.834916  1.923481  2.005804  2.078045  2.138883  2.188737  2.227048  2.253935  2.268995  2.275915  2.275390  2.267511  2.251423  2.228009  2.197726  2.159817  2.113282  2.056994  1.991796  1.916562  1.829877  1.729655  1.615890  1.487892  1.344719  1.185727  1.011689  0.825545  0.629644  0.427140  0.221067  0.017776 -0.178261 -0.363481 
Shapelet  61  -0.823571 -0.789796 -0.771765 -0.755895 -0.736368 -0.718674 -0.704497 -0.690921 -0.677813 -0.665966 -0.656496 -0.649394 -0.646752 -0.654446 -0.667621 -0.674463 -0.676140 -0.680275 -0.686653 -0.688574 -0.680476 -0.658114 -0.622034 -0.580402 -0.544455 -0.518417 -0.492844 -0.454705 -0.393702 -0.300492 -0.179738 -0.048439  0.071481  0.150179  0.167687  0.137317  0.092189  0.056984  0.046490  0.067580  0.111247  0.170028  0.252451  0.363393  0.484277  0.590329  0.669360  0.710403  0.696910  0.611888  0.428781  0.137199 -0.213182 -0.532563 -0.756408 -0.877120 -0.924188 -0.935121 -0.939261 -0.945719 -0.948968 -0.943965 -0.931379 -0.913473 -0.896201 -0.884763 -0.876476 -0.873239 -0.874784 -0.868121 -0.851362 -0.830798 -0.805298 -0.772991 -0.727556 -0.657682 -0.564365 -0.453375 -0.326411 -0.190616 -0.055754  0.075061  0.199728  0.313607  0.411274  0.485623  0.511635  0.439587  0.248557 -0.002588 -0.226136 -0.388783 -0.514293 -0.628895 -0.732478 -0.810914 -0.856274 -0.877897 -0.890700 -0.895614 -0.892278 -0.887682 -0.887661 -0.893379 -0.901690 -0.906712 -0.906097 -0.898524 -0.880202 -0.849641 -0.811940 -0.775215 -0.747289 -0.730858 -0.719263 -0.702900 -0.678720 -0.649001 -0.614903 -0.574798 -0.533523 -0.490640 -0.430736 -0.332290 -0.184101  0.005162  0.210762  0.405651  0.583419  0.763211  0.937874  1.045645  1.028795  0.910199  0.778153  0.698091  0.672990  0.674471  0.686810  0.714577  0.751618  0.773766  0.763309  0.708662  0.579404  0.343694  0.027469 -0.283699 -0.512287 -0.635504 -0.685218 -0.703182 -0.708203 -0.701988 -0.691219 -0.687285 -0.690843 -0.698240 -0.704592 -0.694267 -0.664158 -0.616928 -0.550219 -0.471215 -0.378777 -0.258364 -0.118033  0.015729  0.138200  0.271067  0.428596  0.597087  0.747914  0.861847  0.930697  0.958318  0.961135  0.941960  0.888884  0.801225  0.674635  0.517695  0.376288  0.289657  0.260684  0.275382  0.314494  0.359739  0.420097  0.538692  0.732987  0.992493  1.304890  1.653160  2.018721  2.389128  2.739812  3.022653  3.201366  3.278991  3.265264  3.147371  2.913959  2.604443  2.307022  2.077900  1.882887  1.639961  1.288447  0.828531  0.326008 -0.115268 -0.416997 -0.570631 -0.627397 -0.646545 -0.656573 -0.675617 -0.715371 -0.758592 -0.790917 -0.812499 -0.825530 -0.833281 -0.840124 -0.843535 -0.837879 -0.822004 -0.792895 -0.750212 -0.706821 -0.671454 -0.635454 -0.593834 -0.550958 -0.511021 -0.480437 -0.459363 -0.426552 -0.352207 -0.237554 -0.088501  0.115897  0.405262  0.781268  1.202428  1.613290  1.981309  2.312956 
Shapelet  62  -0.321333 -0.219517 -0.093330  0.049464  0.189366  0.319451  0.448294  0.581286  0.707846  0.796537  0.828845  0.830726  0.804183  0.673575  0.380751 -0.020201 -0.400661 -0.655335 -0.770774 -0.806083 -0.813991 -0.812240 -0.805986 -0.797576 -0.786336 -0.773261 -0.762479 -0.754073 -0.741463 -0.724256 -0.706675 -0.684266 -0.657444 -0.632342 -0.609323 -0.589298 -0.574415 -0.565289 -0.568344 -0.583683 -0.600026 -0.615528 -0.627949 -0.620660 -0.590532 -0.545705 -0.483421 -0.399416 -0.286027 -0.124567  0.080136  0.280733  0.443589  0.593212  0.758549  0.900722  0.944563  0.874296  0.747545  0.616218  0.497539  0.410185  0.373571  0.383110  0.417566  0.463316  0.518797  0.579377  0.643602  0.722771  0.811981  0.869907  0.852227  0.750289  0.587564  0.396592  0.211115  0.047723 -0.106828 -0.264435 -0.406938 -0.509290 -0.569154 -0.597412 -0.604504 -0.602234 -0.597164 -0.587246 -0.572648 -0.558309 -0.551081 -0.552250 -0.558931 -0.572814 -0.594378 -0.624096 -0.668120 -0.718608 -0.754885 -0.775994 -0.791989 -0.797416 -0.791577 -0.789546 -0.792966 -0.791720 -0.787281 -0.779589 -0.760131 -0.731271 -0.702515 -0.670835 -0.629430 -0.581906 -0.526423 -0.449213 -0.341009 -0.193744 -0.000533  0.217473  0.414510  0.562019  0.665594  0.736601  0.767810  0.747134  0.683114  0.599182  0.495923  0.347799  0.159353 -0.024800 -0.180509 -0.312376 -0.417071 -0.495682 -0.556538 -0.586663 -0.575392 -0.536585 -0.469617 -0.360017 -0.210789 -0.002935  0.299983  0.689977  1.140413  1.643631  2.152378  2.591930  2.956341  3.284427  3.581981  3.850017  4.118196  4.373799  4.499253  4.353859  3.924482  3.367241  2.872885  2.498362  2.175779  1.853469  1.535905  1.224111 
Shapelet  63  -0.627578 -0.586791 -0.580366 -0.588317 -0.565886 -0.520317 -0.481562 -0.442512 -0.387321 -0.344372 -0.297728 -0.227502 -0.142835 -0.051688  0.033647  0.089048  0.129905  0.129211  0.018093 -0.238060 -0.518544 -0.675114 -0.711863 -0.706777 -0.689908 -0.682901 -0.681898 -0.677723 -0.664333 -0.647261 -0.611093 -0.562903 -0.503956 -0.413090 -0.266420 -0.070387  0.107737  0.236435  0.316152  0.360605  0.402480  0.481442  0.552778  0.603163  0.649046  0.635391  0.449474 
Shapelet 102  -1.004358 -0.990859 -0.944989 -0.883407 -0.825457 -0.772034 -0.721523 -0.680615 -0.651315 -0.630936 -0.615873 -0.604937 -0.597303 -0.593247 -0.594537 -0.598703 -0.605953 -0.614801 -0.622617 -0.626292 -0.624895 -0.621466 -0.614746 -0.604961 -0.590139 -0.568496 -0.541442 -0.510956 -0.479495 -0.442972 -0.401485 -0.359542 -0.320766 -0.286248 -0.253069 -0.224252 -0.201418 -0.188562 -0.189214 -0.205340 -0.238964 -0.281151 -0.326645 -0.365850 -0.396933 -0.415448 -0.415464 -0.406144 -0.390497 -0.376619 -0.350392 -0.308043 -0.247250 -0.157438 -0.039227  0.116893  0.288866  0.468509  0.643084  0.817416  1.012165  1.237224  1.496027  1.767540  2.042706  2.323491  2.615374  2.912620  3.192940  3.437902  3.634366  3.765880  3.802043  3.706268  3.471353  3.123906  2.711446  2.261096  1.772797  1.250845  0.717921  0.233250 -0.145872 -0.385076 -0.499952 -0.539568 -0.532861 -0.506623 -0.471324 -0.450974 -0.450207 -0.463023 -0.488545 -0.512443 -0.538327 -0.555943 -0.567523 -0.568012 -0.561795 -0.559716 -0.562352 -0.566123 -0.562165 -0.553232 -0.540873 -0.524296 -0.499524 -0.463620 -0.425780 -0.390750 -0.366142 -0.346384 -0.326489 -0.303961 -0.276674 -0.253852 -0.228844 -0.203069 -0.168380 -0.128147 -0.080576 -0.013280  0.070039  0.172253  0.298924  0.470780  0.685575  0.924175  1.177878  1.443280  1.710415  1.962343  2.188626  2.378797  2.509570  2.564348  2.542200  2.452102  2.278548  1.980600  1.536358  0.981668  0.418052 -0.046853 -0.353861 -0.518404 -0.598246 -0.632704 -0.643628 -0.633829 -0.614688 -0.590743 -0.563237 -0.542244 -0.524930 -0.519181 -0.516751 -0.517150 -0.517127 -0.518705 -0.522272 -0.515679 -0.506636 -0.503758 -0.500537 -0.480678 -0.466289 -0.487659 -0.524666 -0.540120 -0.532084 -0.532105 -0.535663 -0.512666 -0.453943 -0.379489 -0.306205 -0.221608 -0.112131  0.015430  0.141893  0.252347  0.342629  0.413038  0.470160  0.515458  0.538635  0.523241  0.452798  0.322827  0.144565 -0.056909 -0.260058 -0.449947 -0.609242 -0.725486 -0.795404 -0.829924 -0.840915 -0.839485 -0.835584 -0.828626 -0.820748 -0.810092 -0.805055 -0.804906 -0.805314 -0.803778 -0.798285 -0.794503 -0.784045 -0.765388 -0.735599 -0.699413 -0.655989 -0.599504 -0.527272 -0.435462 -0.320427 -0.178257 -0.018574  0.140186  0.286429  0.415488  0.520642  0.582771  0.583294  0.517412  0.400562  0.261263  0.120289 -0.012809 -0.138707 -0.254667 -0.355606 -0.440036 -0.505545 -0.552440 -0.576216 -0.581753 -0.577809 -0.567789 -0.554283 -0.532387 -0.505234 -0.468578 -0.421798 -0.368646 -0.314312 -0.265285 -0.216818 -0.165056 -0.107646 -0.050508 -0.005149  0.020698  0.029561  0.032366  0.026921 -0.000428 -0.054414 -0.131853 -0.230713 -0.341423 
Shapelet 104  -0.911986 -0.899406 -0.886459 -0.876862 -0.867274 -0.858868 -0.845896 -0.830095 -0.813976 -0.794942 -0.778010 -0.755913 -0.730495 -0.701198 -0.664176 -0.624514 -0.572823 -0.511366 -0.436129 -0.343593 -0.239849 -0.118460  0.013066  0.156393  0.311261  0.473993  0.652826  0.846518  1.061068  1.293069  1.531813  1.769544  1.995433  2.207395  2.403344  2.581173  2.740026  2.880312  3.006321  3.120656  3.221938  3.301997  3.348854  3.351520  3.300656  3.192994  3.028525  2.815310  2.570236  2.312902  2.063894  1.825949  1.588362  1.331899  1.039594  0.720391  0.391244  0.082658 -0.182087 -0.394129 -0.545056 -0.647090 -0.706867 -0.739230 -0.758469 -0.765671 -0.771383 -0.769616 -0.763776 -0.754724 -0.736887 -0.717938 -0.690511 -0.658944 -0.623155 -0.579061 -0.533574 -0.481542 -0.428261 -0.375063 -0.320926 -0.273587 -0.230893 -0.197379 -0.174379 -0.158803 -0.152615 -0.151509 -0.154017 -0.156524 -0.152877 -0.142103 -0.121698 -0.094040 -0.060622 -0.022262  0.017626  0.058285  0.097039  0.134956  0.173797  0.214955  0.262259  0.317231  0.382364  0.452362  0.515651  0.559462  0.573864  0.562153  0.530138  0.484744  0.429120  0.362916  0.291260  0.217966  0.148691  0.085829  0.028582 -0.022080 -0.069285 -0.113858 -0.158475 -0.204096 -0.247682 -0.289089 -0.325199 -0.357495 -0.386270 -0.410151 -0.430975 -0.445654 -0.456387 -0.462565 -0.463888 -0.464419 -0.462849 -0.463785 -0.467332 -0.473522 -0.483960 -0.495329 -0.508300 -0.519880 -0.529234 -0.539017 -0.549564 -0.564243 -0.580211 -0.593727 -0.603033 -0.605533 -0.605370 -0.603569 -0.601395 -0.599705 -0.595681 -0.591481 -0.586115 -0.580880 -0.576629 -0.571110 -0.564405 -0.552907 -0.535382 -0.510049 -0.475794 -0.433412 -0.383109 -0.327145 -0.266839 -0.204680 -0.144119 -0.088305 -0.040787 -0.001819  0.029822  0.056047  0.077202  0.088950  0.085653  0.061280  0.013451 -0.056136 -0.145101 -0.248835 -0.362840 -0.479529 -0.588616 -0.681994 -0.752951 -0.801866 -0.832131 -0.848800 -0.858970 -0.864959 -0.869892 -0.872185 -0.869703 -0.863893 -0.853211 -0.842477 -0.831351 -0.819338 -0.807964 -0.792513 -0.776504 -0.756980 -0.734091 -0.711181 -0.684593 -0.659224 -0.630531 -0.596989 -0.559890 -0.514217 -0.464280 -0.405765 -0.338897 -0.266044 -0.184068 -0.092349  0.013786  0.133711  0.261596  0.391013  0.518815  0.647269  0.777748  0.907409  1.030329  1.142524  1.243892  1.333321  1.407017  1.460349  1.494179  1.514403  1.522540  1.508877  1.450425  1.322874  1.112349  0.823367  0.483470  0.134159 -0.177502 -0.418380 -0.580362 -0.676487 -0.733272 -0.768623 -0.792424 -0.807337 -0.813654 -0.818810 -0.823792 -0.831417 -0.839487 -0.844528 -0.851070 -0.856933 -0.865282 -0.872364 -0.874476 -0.876981 -0.880608 
Shapelet 105  -0.852480 -0.907503 -0.950263 -0.980302 -0.994140 -0.997019 -0.994664 -0.989781 -0.986472 -0.982995 -0.979453 -0.979648 -0.980408 -0.983327 -0.988216 -0.990367 -0.992379 -0.993478 -0.993559 -0.995971 -0.996480 -0.993354 -0.988024 -0.979281 -0.970201 -0.962006 -0.951447 -0.936988 -0.917032 -0.892425 -0.869715 -0.852012 -0.840865 -0.835488 -0.829573 -0.819902 -0.805426 -0.784905 -0.761139 -0.733114 -0.701023 -0.670064 -0.641976 -0.618322 -0.597083 -0.571594 -0.540772 -0.506646 -0.472809 -0.442318 -0.410844 -0.373749 -0.330559 -0.284310 -0.240886 -0.201943 -0.163659 -0.121481 -0.071866 -0.016845  0.038639  0.091243  0.139051  0.182352  0.220463  0.248663  0.261958  0.255359  0.226873  0.180261  0.119229  0.047532 -0.031478 -0.117061 -0.204247 -0.287533 -0.364736 -0.432867 -0.494990 -0.554902 -0.612539 -0.668080 
Shapelet 106  -0.908804 -0.911186 -0.913245 -0.915104 -0.916434 -0.917565 -0.919667 -0.921623 -0.922478 -0.922977 -0.922572 -0.920534 -0.917359 -0.914137 -0.909796 -0.903849 -0.898284 -0.891673 -0.883195 -0.873469 -0.862539 -0.848760 -0.831710 -0.813324 -0.792203 -0.767852 -0.741743 -0.713351 -0.681169 -0.645143 -0.606782 -0.565068 -0.520134 -0.474614 -0.427887 -0.379152 -0.328865 -0.277779 -0.225055 -0.171453 -0.120652 -0.072925 -0.028774  0.010729  0.046413  0.080809  0.115253  0.148880  0.182403  0.215129  0.244637  0.270754  0.294227  0.315392  0.334227  0.351731  0.367742  0.380583  0.390070  0.395567  0.396387  0.392811  0.385726  0.375912  0.364163  0.352313  0.341188  0.330757  0.321653  0.313416  0.304578  0.293955  0.281162  0.265093  0.244487  0.220794  0.194359  0.165020  0.134099  0.102997  0.071642  0.038889  0.005530 -0.031074 -0.075403 -0.129787 -0.196420 -0.276610 -0.368317 -0.464719 -0.559705 -0.648386 -0.724225 -0.785069 -0.832419 -0.867973 -0.893158 -0.911197 -0.925922 -0.936548 -0.944427 -0.951419 -0.956665 -0.959179 -0.959573 -0.959050 -0.955845 -0.950840 -0.946204 -0.940750 -0.934011 -0.927077 -0.920864 -0.913723 -0.906074 -0.900487 -0.894728 -0.887933 -0.881219 -0.874921 -0.867143 -0.858085 -0.851588 -0.845141 -0.838315 -0.833350 -0.830429 -0.827209 -0.823171 -0.820864 -0.816862 -0.809300 -0.800770 -0.790381 -0.776023 -0.758007 -0.738373 -0.713761 -0.682023 -0.645756 -0.602353 -0.550192 -0.490349 -0.424180 -0.350371 -0.269124 -0.183854 -0.093324  0.002864  0.102882  0.206814  0.316102  0.430151  0.545781  0.663193  0.781085  0.894718  1.003754  1.108783  1.208806 
Shapelet 107   0.287841  0.290264  0.291778  0.292362  0.292619  0.292615  0.292297  0.291485  0.289871  0.286254  0.281004  0.273863  0.264315  0.251868  0.236127  0.216532  0.192473  0.165268  0.135055  0.101972  0.066172  0.027840 -0.013797 -0.057562 -0.102495 -0.148449 -0.195337 -0.243047 -0.291467 -0.341709 -0.390876 -0.438426 -0.483908 -0.526910 -0.567028 -0.604808 -0.639360 -0.668996 -0.693702 -0.713767 -0.729681 -0.742043 -0.753008 -0.761103 -0.766675 -0.770455 -0.773201 -0.775591 -0.778616 -0.782926 -0.787313 -0.791813 -0.796445 -0.801192 -0.805987 -0.811649 -0.817181 -0.821921 -0.825728 -0.828558 -0.830444 -0.831676 -0.833441 -0.834376 -0.834557 -0.834113 -0.833204 -0.832005 -0.831680 -0.832147 -0.832506 -0.832742 -0.832887 -0.833039 -0.833379 -0.836277 -0.839875 -0.844044 -0.848755 -0.853960 -0.859616 -0.866615 -0.875675 -0.884930 -0.893961 -0.902371 -0.909845 -0.916216 -0.923499 -0.930510 -0.936618 -0.941774 -0.945983 -0.949324 -0.952402 -0.956992 -0.961351 -0.965262 -0.968447 -0.970612 -0.971522 -0.972186 -0.972325 -0.971037 -0.968083 -0.963245 -0.956339 -0.947268 -0.937095 -0.924661 -0.909800 -0.892369 -0.872261 -0.849418 -0.824096 -0.796373 -0.765976 -0.733000 -0.697545 -0.659668 -0.619352 -0.576692 -0.531153 -0.482403 -0.430132 -0.374031 -0.313808 -0.249288 -0.180326 -0.106565 -0.028041  0.055072  0.142471  0.233743  0.328191  0.425401  0.524725  0.625259  0.725969  0.825712  0.923253  1.017201  1.106684  1.190558  1.267795  1.337551  1.399225  1.452379  1.497096  1.533772  1.562835  1.584832  1.600350  1.609930  1.613785  1.612365  1.605529  1.592751  1.573147  1.545545  1.508508  1.460622  1.400741  1.327773  1.241005  1.140229  1.025825  0.898635  0.760379  0.613089  0.459023  0.300575  0.140138 -0.020048 -0.177981 -0.331563 -0.479163 -0.619346 -0.750802 -0.872296 -0.982795 -1.081036 -1.165939 -1.236854 -1.293538 
Shapelet 108  -1.244378 -1.238048 -1.231385 -1.226091 -1.222626 -1.220384 -1.218562 -1.216261 -1.213166 -1.209907 -1.206918 -1.204226 -1.202060 -1.200307 -1.198815 -1.198417 -1.199709 -1.202285 -1.205849 -1.209308 -1.210507 -1.208986 -1.205397 -1.199685 -1.193095 -1.186877 -1.179624 -1.170983 -1.161941 -1.151483 -1.140343 -1.130782 -1.121345 -1.111293 -1.101810 -1.090756 -1.077412 -1.063647 -1.047869 -1.029145 -1.008715 -0.984373 -0.954595 -0.920539 -0.880159 -0.832165 -0.778381 -0.718150 -0.652195 -0.584743 -0.517630 -0.452078 -0.390595 -0.331697 -0.272078 -0.210940 -0.146666 -0.078468 -0.010266  0.053878  0.110872  0.155379  0.183818  0.195887  0.190566  0.168801  0.135521  0.095529  0.054322  0.018777 -0.007775 -0.025137 -0.033628 -0.036351 -0.036754 -0.034302 -0.028815 -0.020703 -0.006824  0.013086  0.036164  0.064082  0.095521  0.125421  0.155698  0.185672  0.210317  0.233218  0.254482  0.267486  0.273700  0.269916  0.247095  0.206408  0.148211  0.070961 -0.015218 -0.099630 -0.175563 -0.230328 -0.255142 -0.250588 -0.216136 -0.154353 -0.074255  0.019638  0.125559  0.239079  0.359840  0.488806  0.621004  0.751550  0.876452  0.987363  1.078540  1.149348  1.196671  1.219483  1.222390  1.206795  1.175059  1.136421  1.095928  1.056400  1.026337  1.007822  0.997925  1.000108  1.011434  1.022335  1.031636  1.034527  1.021152  0.994347  0.955839  0.901186  0.839469  0.777471  0.715053  0.663892  0.631379  0.613664  0.614768  0.634172  0.661924  0.698885  0.745717  0.795074  0.848238  0.906097  0.961782  1.016162  1.072694  1.130005  1.191946  1.262706  1.340582  1.426355  1.520115  1.616919  1.714463  1.811035  1.901676  1.985607  2.064891  2.138619  2.208433  2.277905  2.345472  2.409048  2.467233  2.512612  2.537956  2.542264  2.525145  2.489356  2.440920  2.374718  2.274604  2.123298  1.901446  1.601070  1.239887  0.847594  0.459527  0.113466 -0.170626 -0.390516 -0.549188 -0.660245 -0.740426 -0.796313 -0.834854 -0.863208 -0.879580 -0.885846 -0.888557 -0.887303 -0.884213 -0.885072 -0.887216 -0.888737 -0.893014 -0.897149 -0.898733 -0.901643 -0.904121 -0.902692 -0.900774 -0.898233 -0.892085 -0.886484 -0.883302 -0.879172 -0.876395 -0.876656 -0.875830 -0.874505 -0.875302 -0.875153 -0.872969 -0.869805 -0.861078 -0.844604 -0.823244 -0.796411 -0.766058 -0.737284 -0.709617 -0.681777 -0.653785 -0.622268 -0.585118 -0.543625 -0.498988 -0.454001 -0.412813 -0.377890 -0.350312 -0.329150 -0.310341 -0.288743 -0.259442 -0.218123 -0.163339 -0.097055 -0.023066  0.053234  0.125986  0.190980  0.245059  0.285232  0.309382  0.315973  0.304078  0.274842  0.230561  0.172385  0.100320  0.013282 -0.090868 -0.212557 -0.349586 -0.499325 -0.657587 -0.816884 -0.967757 -1.097829 
Shapelet 109   0.675298  0.711903  0.741207  0.760942  0.769326  0.767050  0.756618  0.740781  0.721768  0.701558  0.679436  0.652920  0.619722  0.576706  0.520344  0.448000  0.358683  0.252596  0.132387  0.004974 -0.121452 -0.238416 -0.337710 -0.413848 -0.465696 -0.495881 -0.507724 -0.507542 -0.502132 -0.495347 -0.490192 -0.489051 -0.492549 -0.499113 -0.509379 -0.525056 -0.545025 -0.569770 -0.599982 -0.633589 -0.666879 -0.697851 -0.725683 -0.747019 -0.762383 -0.773903 -0.781716 -0.786259 -0.789169 -0.791783 -0.792858 -0.793402 -0.794775 -0.796051 -0.797087 -0.798468 -0.800333 -0.802185 -0.804327 -0.807062 -0.809630 -0.811620 -0.812917 -0.813297 -0.812778 -0.811908 -0.811382 -0.810827 -0.810250 -0.809741 -0.808871 -0.807469 -0.805902 -0.804680 -0.803860 -0.803675 -0.804127 -0.804739 -0.805127 -0.805142 -0.804847 -0.804452 -0.804215 -0.804235 -0.804346 -0.804322 -0.804021 -0.803456 -0.802795 -0.802240 -0.801848 -0.801441 -0.800718 -0.799363 -0.797130 -0.793880 -0.789496 
Shapelet 110  -0.296526 -0.164541  0.012309  0.204723  0.409669  0.602312  0.741750  0.717981  0.693871  0.754450  0.784054  0.832547  0.827398  0.729738  0.563100  0.055286 -0.512770 -0.697628 -0.718627 -0.711297 -0.684558 -0.643414 -0.570109 -0.450508 -0.250214  0.060005  0.451130  0.965045  1.551888  2.055714  2.331798  2.436984  2.383682  2.314893  2.449486  2.791957  3.274258  3.837983  4.217580  4.322233  4.229210  3.837916  2.777329  0.917656 -0.232262 -0.458840 -0.491919 -0.508706 -0.557101 -0.605849 -0.683449 -0.753403 -0.770922 -0.748257 -0.706807 -0.626650 -0.514275 -0.344724 -0.102553  0.197538  0.461461  0.681198  0.799665  0.767618  0.443002 -0.091201 -0.381984 -0.500931 -0.596331 -0.627149 -0.607302 -0.550221 -0.462724 -0.337863 -0.134416  0.084871  0.227348  0.297958  0.195082 -0.126190 -0.397149 -0.515637 -0.638391 -0.782113 -0.857786 -0.834246 -0.777572 -0.700160 -0.590293 -0.438155 -0.246457  0.004383  0.287857  0.557822  0.770672  0.904919  0.828179  0.215622 -0.477006 -0.739171 -0.822341 -0.826258 -0.804111 -0.790516 -0.793563 -0.823346 -0.835468 -0.821104 -0.776353 -0.701308 -0.627834 -0.583602 -0.561952 -0.551052 -0.536923 -0.454672 -0.282173 -0.087707  0.096657  0.177492  0.103019  0.026633  0.028284  0.055504  0.163293  0.333708  0.416655  0.429508  0.386949  0.033521 -0.492224 -0.744513 -0.788308 -0.772230 -0.739475 -0.735291 -0.731303 -0.733387 -0.744998 -0.753195 -0.761367 -0.758429 -0.695203 -0.588682 -0.508142 -0.463875 -0.441873 -0.406078 -0.337903 -0.249423 -0.091632  0.074094  0.185231  0.257359  0.184389 -0.095311 -0.510965 -0.739969 -0.757267 -0.747182 -0.759338 -0.757970 -0.742097 -0.735288 -0.715810 -0.671166 -0.623586 -0.577143 -0.537697 -0.455919 -0.272199  0.014472  0.344360  0.657805  0.890884  1.050130  1.145138  1.069426  0.960066  1.022163  1.048249  0.997818  0.919556  0.522938 -0.273061 -0.782997 -0.904804 -0.954317 -0.977564 -1.003474 -1.022163 -1.032000 -1.030540 -1.013988 -0.977359 -0.917061 -0.816388 -0.624471 -0.276011  0.153332  0.395136  0.286529 -0.010528 -0.260966 -0.383910 -0.426996 -0.452452 -0.501051 -0.560120 -0.603303 -0.637363 -0.637132 -0.625076 -0.628642 -0.614644 -0.593646 -0.582006 -0.574537 -0.549066 -0.482538 -0.318145  0.059425  0.759161  1.720653  2.689645  3.276167  3.195566  2.289461  1.116524  0.455979  0.169903 
Shapelet 111  -0.668538 -0.647602 -0.630997 -0.612764 -0.587049 -0.559876 -0.529614 -0.500656 -0.464842 -0.420064 -0.361247 -0.271367 -0.150463  0.010174  0.205791  0.437448  0.705699  0.997307  1.304104  1.606443  1.892433  2.160281  2.416827  2.673316  2.930998  3.181860  3.409345  3.592646  3.722691  3.790911  3.757302  3.539895  3.074641  2.408035  1.684910  1.055704  0.591802  0.271553  0.048970 -0.116434 -0.240256 -0.323146 -0.370368 -0.376403 -0.356281 -0.323765 -0.287829 -0.259428 -0.234867 -0.228476 -0.235394 -0.249807 -0.267976 -0.287744 -0.314924 -0.342995 -0.372190 -0.403145 -0.431653 -0.451748 -0.455851 -0.448167 -0.430874 -0.409279 -0.391517 -0.375903 -0.364434 -0.345646 -0.314515 -0.268496 -0.203849 -0.130611 -0.044989  0.050348  0.163074  0.305700  0.488337  0.720952  0.983380  1.247726  1.497208  1.730400  1.956955  2.184288  2.410365  2.606259  2.724342  2.735779  2.641943  2.461409  2.212607  1.910478  1.577749  1.235421  0.898596  0.580481  0.294544  0.062382 -0.111477 -0.236322 -0.329342 -0.408078 -0.470534 -0.523172 -0.565280 -0.598537 -0.626218 -0.643136 -0.659369 -0.668456 -0.669365 -0.658493 -0.634742 -0.610369 -0.590032 -0.576734 -0.560833 -0.537121 -0.506316 -0.465636 -0.414565 -0.350293 -0.271719 -0.177782 -0.072414  0.030437  0.117203  0.181067  0.228288  0.271690  0.315355  0.346560  0.341155  0.285684  0.191925  0.085252 -0.013614 -0.098720 -0.171225 -0.231949 -0.285280 -0.336805 -0.392398 -0.451993 -0.509227 -0.560809 -0.602889 -0.638286 -0.665864 -0.681045 -0.687374 -0.691439 -0.700243 -0.705471 -0.702899 -0.698040 -0.693825 -0.686655 -0.669125 -0.643590 -0.612824 -0.571186 -0.515475 -0.448741 -0.376782 -0.302771 -0.235476 -0.188065 -0.167987 -0.180969 -0.228750 -0.300697 -0.376187 -0.440778 -0.494788 -0.537049 -0.561654 -0.569274 -0.570947 -0.576857 -0.582263 -0.583343 -0.582078 -0.576545 -0.562650 -0.538590 -0.511482 -0.484573 -0.452722 -0.414657 -0.371637 -0.325844 -0.275503 -0.222003 -0.173015 -0.133957 -0.109777 -0.107233 -0.132800 -0.186599 -0.258560 -0.336421 -0.411426 -0.480745 -0.539795 -0.579557 -0.602500 -0.618631 -0.634356 -0.644887 -0.644482 -0.640413 -0.633878 -0.623128 -0.606674 -0.588628 -0.573141 -0.549172 -0.514099 -0.468921 -0.409884 -0.330139 -0.229191 -0.115668  0.005592  0.127270  0.233490  0.310833  0.360837  0.394844  0.412707  0.395524  0.328315  0.220393  0.100562 -0.009485 -0.115475 
Shapelet 117  -0.700152 -0.700354 -0.700639 -0.696757 -0.688028 -0.678485 -0.673127 -0.675176 -0.679764 -0.685869 -0.693486 -0.702394 -0.713887 -0.726150 -0.738058 -0.739121 -0.720442 -0.682942 -0.633608 -0.582374 -0.529457 -0.475688 -0.418585 -0.353216 -0.281872 -0.212784 -0.159502 -0.127945 -0.117984 -0.125714 -0.140375 -0.151482 -0.153825 -0.149127 -0.141915 -0.135255 -0.135066 -0.147297 -0.180721 -0.245702 -0.349743 -0.493495 -0.656134 -0.807366 -0.920224 -0.989572 -1.027106 -1.040954 -1.042267 -1.034587 -1.021526 -1.001934 -0.976972 -0.951013 -0.915467 -0.866844 -0.801803 -0.716821 -0.613551 -0.502509 -0.402513 -0.314135 -0.234841 -0.160530 -0.092281 -0.042111 -0.023872 -0.044914 -0.086109 -0.122134 -0.137760 -0.129403 -0.104170 -0.065076 -0.016829  0.039367  0.102321  0.160654  0.207267  0.234871  0.247033  0.246869  0.233724  0.218830  0.203492  0.193153  0.186967  0.183525  0.183740  0.186065  0.210838  0.255717  0.311070  0.370056  0.429276  0.501071  0.583314  0.689648  0.816186  0.950317  1.088209  1.219023  1.352081  1.494452  1.661438  1.854856  2.060585  2.272321  2.475105  2.653018  2.795481  2.892724  2.936209  2.914947  2.835887  2.714775  2.559665  2.370356  2.121153  1.794363  1.393777  0.955908  0.529701  0.143399 -0.172392 -0.409522 -0.569138 -0.670305 -0.740650 -0.783669 -0.812547 -0.813265 -0.787639 -0.735797 -0.659580 -0.575803 -0.473174 -0.358199 -0.219516 -0.053976  0.139024  0.358709  0.592977  0.845215  1.105701  1.368621  1.633729  1.898779  2.149357  2.362757  2.535477  2.679090  2.794292  2.868205  2.890296  2.847648  2.692245  2.362444  1.858038  1.254667  0.666141  0.181444 -0.159823 -0.369528 -0.501674 -0.595616 -0.674154 -0.739009 -0.787732 -0.825329 -0.843841 -0.850723 -0.844235 -0.829379 -0.811103 -0.787062 -0.768621 -0.751934 -0.740824 -0.732535 -0.728630 -0.731481 -0.740429 -0.762188 -0.795319 -0.838398 -0.880840 -0.913549 -0.929188 -0.916319 -0.877589 -0.815237 -0.726694 -0.608081 -0.468160 -0.324326 -0.180840 -0.037571  0.111654  0.277977  0.455185  0.612159  0.706638  0.717887  0.645352  0.507533  0.343371  0.188455  0.057767 -0.056106 -0.157176 -0.237447 -0.293110 -0.325187 -0.341540 -0.345373 -0.338547 -0.328613 -0.314145 -0.297997 -0.281629 -0.269881 -0.267377 -0.268122 -0.273760 -0.278222 -0.281372 -0.279928 -0.270989 -0.257372 -0.237944 -0.217716 -0.198705 -0.181102 -0.162063 -0.136753 -0.106151 -0.072982 -0.039844 -0.010056  0.011647  0.015721 -0.000977 -0.040023 -0.095450 -0.154726 -0.226039 -0.331594 -0.472763 -0.631146 -0.809027 -0.994515 
Shapelet 125  -1.435027 -1.462455 -1.484108 -1.508186 -1.524522 -1.533636 -1.541604 -1.543099 -1.543596 -1.533349 -1.526201 -1.538395 -1.555220 -1.564697 -1.569848 -1.572131 -1.568596 -1.562999 -1.560140 -1.557278 -1.556198 -1.562649 -1.571857 -1.577255 -1.580721 -1.581262 -1.577505 -1.572930 -1.569353 -1.569041 -1.569128 -1.562030 -1.548058 -1.528867 -1.504104 -1.465908 -1.405927 -1.314943 -1.167553 -0.942080 -0.644751 -0.306097  0.034117  0.348834  0.634519  0.854825  0.928171  0.828808  0.629506  0.429703  0.269593  0.142287  0.041006 -0.056610 -0.162258 -0.259657 -0.328582 -0.354449 -0.358752 -0.361753 -0.361251 -0.358191 -0.347009 -0.319484 -0.265323 -0.183658 -0.086700  0.027375  0.169658  0.322692  0.443556  0.512596  0.544061  0.564843  0.594733 
Shapelet 126  -0.413383 -0.512761 -0.504593 -0.454029 -0.424292 -0.407562 -0.366759 -0.288465 -0.148287  0.080561  0.435590  0.953527  1.663288  2.351033  2.826130  3.025149  2.919227  2.553222  1.886006  1.219049  0.543351 -0.044824 -0.327205 -0.439926 -0.497686 -0.525575 -0.536676 -0.545788 -0.552464 -0.524191 -0.481616 -0.449547 -0.426709 -0.406455 -0.387893 -0.367221 -0.322110 -0.227314 -0.100400  0.081091  0.327320  0.527832  0.653014  0.701055  0.616082  0.414256 -0.061728 -0.573164 -0.747225 -0.745441 -0.713243 -0.682089 -0.657615 -0.644672 -0.641649 -0.629527 -0.593660 -0.546018 -0.494564 -0.441153 -0.399292 -0.325203 -0.179501  0.024720  0.208795  0.308723  0.312901  0.243341  0.146080 -0.102177 -0.446996 -0.637238 -0.668609 -0.636745 -0.609125 -0.611978 -0.618211 -0.610858 -0.591635 -0.569693 -0.534642 -0.475632 -0.399918 -0.283323 -0.111997  0.094384  0.307117  0.427646  0.428396  0.371021  0.290192  0.083199 -0.316079 -0.563990 -0.592263 -0.602609 
Shapelet 127  -1.315655 -1.275650 -1.184755 -1.051878 -0.885001 -0.675798 -0.426440 -0.168829  0.072816  0.296985  0.527069  0.780898  1.034743  1.231997  1.299607  1.212395  1.003048  0.742132  0.499475  0.319467  0.222838  0.200661  0.229740  0.296187  0.393784  0.517498  0.654113  0.789769  0.917090  1.015444  1.053931  0.978478  0.753914  0.408467  0.026458 -0.286909 -0.485374 -0.578197 -0.612021 -0.624194 -0.625875 -0.628046 -0.630842 -0.639060 -0.644071 -0.637719 -0.624136 -0.598470 -0.557881 -0.489362 -0.390845 -0.273552 -0.145496 -0.017212  0.117105  0.252079  0.379182  0.481861  0.537148  0.529292  0.439213  0.282265  0.102864 -0.039410 -0.106351 -0.103493 -0.042511  0.056510  0.183255  0.326562  0.467711  0.597300  0.720231  0.854188  1.003154  1.146930  1.271506  1.366786  1.431999  1.459980  1.436709  1.342004  1.144079  0.837921  0.461263  0.080634 -0.252364 -0.515383 -0.689800 -0.782214 -0.821564 -0.837768 -0.843735 -0.837182 -0.828587 -0.814033 -0.796740 -0.783669 -0.776031 -0.778475 -0.778845 -0.778116 -0.770192 -0.759268 -0.747135 -0.727352 -0.700867 -0.667997 -0.631638 -0.578847 -0.491920 -0.370207 -0.223282 -0.057020  0.127122  0.307345  0.456107  0.570876  0.651591  0.680700  0.628966  0.481237  0.242522 -0.052378 -0.328054 -0.523162 -0.624717 -0.661169 -0.664700 -0.649790 -0.630276 -0.609896 -0.590223 -0.570466 -0.545489 -0.512598 -0.460428 -0.398562 -0.339884 -0.276561 -0.199029 -0.108141 -0.021024  0.062181  0.135504  0.173883  0.151946  0.060209 -0.079455 -0.241005 -0.388321 -0.486888 -0.523967 -0.511271 -0.480288 -0.446730 -0.410831 -0.366139 -0.301301 -0.210440 -0.091425  0.049968  0.197463  0.333380  0.441249  0.521310  0.566825  0.554640  0.450526  0.224966 -0.113852 -0.505237 -0.855175 -1.098169 -1.230695 -1.285562 -1.304645 -1.313315 -1.318430 -1.316352 -1.307959 -1.304871 -1.303356 -1.296208 -1.279948 -1.259741 -1.247686 -1.246578 -1.254974 -1.259908 -1.259528 -1.257937 -1.255449 -1.251293 -1.250461 -1.255091 -1.259022 -1.259969 -1.259871 -1.255868 -1.248116 -1.245734 -1.254612 -1.265731 -1.268788 -1.265908 -1.260011 -1.252392 -1.241107 -1.232064 -1.226622 -1.215532 -1.202523 -1.189538 -1.175101 -1.144707 -1.099401 -1.050781 -0.983485 -0.891119 -0.768732 -0.618949 -0.435838 -0.215754  0.021089  0.265604  0.508091  0.751410  1.001682  1.264017  1.539662  1.789279  1.975713  2.096119  2.177808  2.250664  2.325004  2.403178  2.440429  2.378450  2.218622  2.025270  1.874692  1.760403  1.636148  1.481623  1.318556  1.200923  1.153352  1.179935  1.254824  1.342480  1.437945  1.537811  1.643003  1.756170  1.874883  1.989748  2.067483  2.097073  2.066236  1.967006  1.803402  1.561238  1.213912  0.741634  0.187311 
Shapelet 210  -0.683682 -0.695854 -0.692119 -0.657834 -0.639121 -0.657717 -0.679628 -0.681955 -0.670747 -0.648508 -0.632409 -0.642612 -0.661481 -0.661824 -0.646210 -0.619297 -0.571414 -0.521930 -0.499691 -0.488586 -0.465747 -0.442641 -0.432200 -0.417915 -0.386550 -0.358014 -0.349233 -0.350594 -0.343721 -0.330046 -0.329201 -0.345212 -0.365853 -0.376548 -0.370016 -0.351298 -0.324526 -0.298061 -0.273093 -0.248237 -0.230737 -0.217733 -0.213812 -0.212469 -0.206945 -0.192760 -0.148363 -0.067274  0.052556  0.188177  0.318141  0.455810  0.620288  0.833952  1.078852  1.326524  1.563920  1.786394  2.011391  2.245267  2.481065  2.692868  2.853807  2.978296  3.092539  3.207196  3.306211  3.368748  3.396416  3.377062  3.274660  3.059524  2.745501  2.405825  2.097784  1.840347  1.624573  1.427520  1.246652  1.071819  0.905324  0.741290  0.575469  0.445282  0.375792  0.385249  0.462244  0.581334  0.725393  0.874934  1.043088  1.233956  1.424752  1.586093  1.694265  1.766591  1.830060  1.898012  1.953067  1.944135  1.826016  1.571800  1.192555  0.739328  0.291480 -0.063448 -0.286476 -0.396334 -0.442515 -0.467599 -0.481533 -0.491270 -0.495269 -0.492187 
Shapelet 211  -0.721227 -0.745146 -0.746519 -0.742478 -0.755891 -0.774735 -0.790498 -0.785137 -0.769057 -0.723561 -0.645220 -0.537601 -0.397420 -0.231583 -0.030665  0.173767  0.325222  0.429117  0.483764  0.438539  0.320949  0.059982 -0.391362 -0.715663 -0.829807 -0.848888 -0.836384 -0.814952 -0.790474 -0.778964 -0.775020 -0.760605 -0.728810 -0.665014 -0.562719 -0.404283 -0.197425  0.006374  0.180559  0.334134  0.464055  0.517801  0.467507  0.299029 -0.107223 -0.514699 -0.666483 -0.677866 -0.674525 -0.681312 -0.696492 -0.703878 -0.704606 -0.700389 -0.704862 -0.696584 -0.668485 -0.633577 -0.585118 -0.523371 -0.456783 -0.372398 -0.278564 -0.180329 -0.092819 -0.005267  0.064162  0.077987  0.023133 -0.076503 -0.187165 -0.270992 
Shapelet 212  -0.896648 -0.892020 -0.890673 -0.891151 -0.892009 -0.892177 -0.891777 -0.891993 -0.893120 -0.894836 -0.896864 -0.899098 -0.901132 -0.903064 -0.905856 -0.908804 -0.911186 -0.913245 -0.915104 -0.916434 -0.917565 -0.919667 -0.921623 -0.922478 -0.922977 -0.922572 -0.920534 -0.917359 -0.914137 -0.909796 -0.903849 -0.898284 -0.891673 -0.883195 -0.873469 -0.862539 -0.848760 -0.831710 -0.813324 -0.792203 -0.767852 -0.741743 -0.713351 -0.681169 -0.645143 -0.606782 -0.565068 -0.520134 -0.474614 -0.427887 -0.379152 -0.328865 -0.277779 -0.225055 -0.171453 -0.120652 -0.072925 -0.028774  0.010729  0.046413  0.080809  0.115253  0.148880  0.182403  0.215129  0.244637  0.270754  0.294227  0.315392  0.334227  0.351731  0.367742  0.380583  0.390070  0.395567  0.396387  0.392811  0.385726  0.375912  0.364163  0.352313  0.341188  0.330757  0.321653  0.313416  0.304578  0.293955  0.281162  0.265093  0.244487  0.220794  0.194359  0.165020  0.134099  0.102997  0.071642  0.038889  0.005530 -0.031074 -0.075403 -0.129787 -0.196420 -0.276610 -0.368317 -0.464719 -0.559705 -0.648386 -0.724225 -0.785069 -0.832419 -0.867973 -0.893158 -0.911197 -0.925922 -0.936548 -0.944427 -0.951419 -0.956665 -0.959179 -0.959573 -0.959050 -0.955845 -0.950840 -0.946204 -0.940750 -0.934011 -0.927077 -0.920864 -0.913723 -0.906074 -0.900487 -0.894728 -0.887933 -0.881219 -0.874921 -0.867143 -0.858085 -0.851588 -0.845141 -0.838315 -0.833350 -0.830429 -0.827209 -0.823171 -0.820864 -0.816862 -0.809300 -0.800770 -0.790381 -0.776023 -0.758007 -0.738373 -0.713761 -0.682023 -0.645756 -0.602353 -0.550192 -0.490349 -0.424180 -0.350371 -0.269124 -0.183854 -0.093324  0.002864  0.102882  0.206814  0.316102  0.430151  0.545781  0.663193  0.781085  0.894718  1.003754  1.108783  1.208806  1.302577  1.392649  1.479533  1.557731  1.627374  1.685935  1.726618  1.744139  1.737635  1.705802  1.645436  1.563662  1.467928  1.361647  1.252974  1.150559  1.058146  0.975474  0.907341  0.855390  0.814501  0.787781  0.776449  0.777873  0.790091  0.814262  0.848624  0.887899  0.934517  0.988236  1.047073  1.113614  1.189338  1.272597  1.361522  1.457373  1.558046  1.659882  1.765959  1.875135  1.982811  2.085855  2.180670  2.260321  2.317981  2.356495  2.376377  2.379277  2.372179  2.359847  2.342553  2.318533  2.286291  2.238846  2.167397  2.067511  1.934039  1.763234  1.556921  1.322183  1.067929  0.805440  0.551707  0.319314  0.116378 -0.050783 -0.181544 -0.281612 -0.359204 -0.418982 -0.469113 -0.517584 -0.565760 -0.615679 -0.669882 -0.727411 -0.783512 -0.837628 -0.891130 -0.938849 -0.980877 
Shapelet 213  -0.900370 -0.867017 -0.834917 -0.803917 -0.764247 -0.713242 -0.657369 -0.610942 -0.578197 -0.556912 -0.541452 -0.527193 -0.510700 -0.485590 -0.449800 -0.403401 -0.350990 -0.295072 -0.236907 -0.178954 -0.124013 -0.077020 -0.039182 -0.012232  0.005061  0.013355  0.013371  0.006282 -0.009668 -0.033438 -0.066218 -0.103431 -0.142367 -0.179566 -0.213652 -0.245665 -0.274148 -0.300016 -0.319194 -0.331970 -0.337231 -0.336400 -0.330490 -0.317625 -0.298411 -0.269237 -0.233650 -0.192827 -0.153916 -0.123013 -0.103666 -0.098253 -0.101193 -0.111874 -0.123837 -0.135425 -0.142075 -0.139634 -0.129196 -0.111334 -0.094685 -0.079948 -0.069409 -0.060287 -0.050600 -0.041988 -0.034133 -0.030053 -0.025643 -0.020381 -0.011567  0.000805  0.017193  0.038779  0.064644  0.094533  0.124320  0.153141  0.177719  0.197169  0.209823  0.215241  0.215479  0.210313  0.201153  0.184430  0.158988  0.123637  0.079975  0.029954 -0.030096 -0.103993 -0.199106 -0.314597 -0.444786 -0.576749 -0.695126 -0.787760 -0.845696 -0.872934 -0.877800 -0.873801 -0.867691 -0.861710 -0.856672 -0.852084 -0.851203 -0.851140 -0.851414 -0.849500 -0.847167 -0.846684 -0.847238 -0.848834 -0.847479 -0.844322 -0.839647 -0.835764 -0.834087 -0.834430 -0.837896 -0.844225 -0.853705 -0.865246 -0.877154 -0.888397 -0.898593 -0.908124 -0.916169 -0.921908 -0.924335 -0.923363 -0.919439 -0.912802 -0.904181 -0.893667 -0.882177 -0.870099 -0.858486 -0.848584 -0.841097 -0.836632 -0.833578 -0.831302 -0.828064 -0.823939 -0.819336 -0.814392 -0.811025 -0.807569 -0.805938 -0.802752 -0.799275 -0.796228 -0.792206 -0.788959 -0.780107 -0.771463 -0.759131 -0.746920 -0.730918 -0.706446 -0.678383 -0.642938 -0.608680 -0.565289 -0.512430 -0.444668 -0.358382 -0.250902 -0.111675  0.059000  0.263774  0.492733  0.740534  0.997174  1.251594  1.499179  1.737367  1.977908  2.223422  2.476369  2.721687  2.936034  3.091250  3.153146  3.104910  2.939070  2.686250  2.387561  2.093408  1.840300  1.638395  1.489195  1.374599  1.293071  1.233994  1.197901  1.179268  1.173404  1.179521  1.196330  1.231422  1.284323  1.365052  1.468613  1.596309  1.738180  1.886367  2.036465  2.175593  2.308887  2.426503  2.531840  2.616967  2.671718  2.678431  2.606282  2.433472  2.140894  1.741342  1.266781  0.772341  0.318408 -0.048018 -0.298766 -0.445678 -0.515274 -0.546994 -0.562276 -0.569229 -0.569531 -0.560300 -0.550500 -0.535091 -0.519411 -0.499436 -0.479430 -0.461910 -0.443872 -0.431922 -0.417845 -0.408204 -0.396111 -0.382104 -0.365356 -0.346455 -0.330199 -0.313959 -0.296662 -0.274625 -0.248128 -0.219675 -0.193715 -0.174493 -0.163743 -0.162256 -0.168166 -0.180754 -0.198755 -0.222056 -0.251031 -0.287505 -0.336955 -0.402747 -0.484893 -0.575286 
Shapelet 214  -0.259895 -0.316343 -0.371305 -0.424609 -0.476098 -0.526157 -0.573632 -0.618125 -0.659262 -0.696721 -0.730737 -0.760828 -0.786667 -0.808527 -0.826843 -0.842310 -0.855798 -0.866678 -0.875244 -0.881771 -0.886483 -0.890474 -0.892797 -0.893273 -0.892127 -0.889667 -0.886836 -0.883951 -0.880049 -0.875204 -0.869500 -0.863012 -0.857652 -0.851182 -0.843427 -0.834363 -0.824147 -0.814556 -0.805441 -0.795962 -0.786266 -0.776567 -0.767733 -0.761923 -0.756895 -0.752281 -0.747703 -0.742931 -0.740535 -0.738990 -0.737287 -0.735010 -0.731889 -0.729168 -0.728113 -0.726808 -0.724761 -0.721503 -0.716792 -0.713754 -0.709985 -0.705013 -0.698330 -0.689569 -0.680256 -0.670515 -0.659000 -0.645091 -0.628214 -0.608497 -0.587738 -0.564131 -0.537074 -0.505908 -0.470085 -0.431096 -0.387881 -0.339307 -0.284525 -0.222797 -0.154432 -0.080125  0.001282  0.090034  0.186221  0.289658  0.398298  0.512636  0.632156  0.756264  0.884211  1.014575  1.146188  1.278058  1.408800  1.536927  1.660820  1.778746  1.889431  1.991435  2.083448  2.164357  2.233177  2.289573  2.333440  2.365022  2.384983  2.394317  2.394445  2.387081  2.373792  2.355994  2.334841  2.311020  2.285273  2.257782  2.228515  2.197360  2.164126  2.128946  2.091965  2.053209  2.012637  1.970066  1.925221  1.878096  1.828402  1.775917  1.720551  1.662097  1.600934  1.536907  1.469306  1.396826  1.317372  1.228728  1.128775  1.015190  0.886396  0.742086  0.582933  0.413069  0.236835  0.059492 -0.113283 -0.276641 -0.424995 -0.554351 -0.663059 -0.751096 -0.820080 -0.872602 -0.909629 -0.934408 -0.950282 -0.960251 -0.968050 -0.973233 -0.976658 -0.979468 
Shapelet 215  -0.519793 -0.484967 -0.451489 -0.418812 -0.388629 -0.367017 -0.348223 -0.331720 -0.319111 -0.310019 -0.298762 -0.283156 -0.266034 -0.243355 -0.213174 -0.177135 -0.140856 -0.102746 -0.064919 -0.033314 -0.010484  0.004935  0.013639  0.011236  0.004288 -0.003409 -0.011193 -0.019775 -0.024218 -0.022302 -0.017391 -0.005983  0.015595  0.048014  0.087083  0.136027  0.194338  0.257455  0.324102  0.396409  0.474859  0.553927  0.637414  0.724758  0.812177  0.895555  0.976143  1.053022  1.121153  1.182832  1.240438  1.294469  1.342706  1.391021  1.441822  1.493408  1.547239  1.606501  1.671258  1.734540  1.798919  1.861600  1.916360  1.956935  1.982307  1.989509  1.973009  1.935571  1.880830  1.812138  1.732263  1.649921  1.569964  1.494114  1.426163  1.368919  1.322742  1.285659  1.261217  1.248090  1.243081  1.244682  1.251711 
Shapelet 216  -0.563942 -0.596957 -0.626050 -0.650374 -0.676845 -0.701248 -0.723092 -0.736859 -0.748709 -0.753393 -0.751909 -0.734315 -0.705383 -0.663092 -0.621157 -0.577879 -0.535078 -0.479947 -0.422368 -0.369297 -0.332519 -0.295531 -0.254701 -0.206502 -0.168348 -0.134007 -0.104637 -0.071687 -0.052677 -0.048794 -0.067457 -0.092036 -0.123449 -0.150541 -0.179618 -0.195055 -0.195849 -0.164531 -0.107166 -0.014454  0.099827  0.238642  0.382719  0.533709 
Shapelet 217  -1.359092 -1.312909 -1.273709 -1.239676 -1.207341 -1.175386 -1.147432 -1.121338 -1.097890 -1.075238 -1.052539 -1.031397 -1.007174 -0.982780 -0.956658 -0.930979 -0.908178 -0.884301 -0.862476 -0.838300 -0.812122 -0.781413 -0.739078 -0.685975 -0.616555 -0.536835 -0.450211 -0.359999 -0.272876 -0.183381 -0.095423 -0.002096  0.097389  0.198492  0.300711  0.390605  0.467730  0.530594  0.584969  0.640568  0.697090  0.758103  0.822629  0.897185  0.987350  1.090011  1.195993  1.289420  1.365264  1.426332  1.484351  1.551883  1.631333  1.718542  1.792392  1.828934  1.806318  1.715562  1.569921  1.388524  1.197087  1.006767  0.817125  0.622067  0.409207  0.183150 -0.048107 -0.265097 -0.448563 -0.593508 -0.694597 -0.764437 -0.809724 -0.837711 -0.856338 -0.862803 -0.867030 -0.867831 -0.868753 -0.870362 -0.865544 -0.862330 -0.856359 -0.853090 -0.849679 -0.837199 -0.820853 -0.795963 -0.770130 -0.740904 -0.701479 -0.653092 -0.593352 
Shapelet 218  -0.669094 -0.667016 -0.664978 -0.663357 -0.661904 -0.660498 -0.659060 -0.658238 -0.657539 -0.656720 -0.655629 -0.655148 -0.655170 -0.655426 -0.655764 -0.656989 -0.659333 -0.661890 -0.663998 -0.665883 -0.668401 -0.670269 -0.670871 -0.670238 -0.670545 -0.670183 -0.668407 -0.664664 -0.661854 -0.658305 -0.652958 -0.644975 -0.636597 -0.627498 -0.616031 -0.601306 -0.584935 -0.568470 -0.550043 -0.528778 -0.505157 -0.481766 -0.455668 -0.425249 -0.389510 -0.352039 -0.309883 -0.261830 -0.206881 -0.148025 -0.083902 -0.013201  0.064614  0.147059  0.232695  0.321868  0.414264  0.508589  0.603481  0.700857  0.802130  0.908295  1.018662  1.134387  1.255169  1.379953  1.505969  1.631715  1.755092  1.874018  1.986091  2.089938  2.184832  2.270622  2.347615  2.416975  2.480571  2.540124  2.596794  2.650876  2.702057  2.748605  2.787808  2.816216  2.831338  2.831001  2.814191  2.780794  2.732729  2.672023  2.600486  2.518824  2.427581  2.326069  2.212572  2.084913  1.942145  1.784736  1.613679  1.430985  1.239873  1.045850  0.853332  0.666691  0.488952  0.325977  0.180252  0.052915 -0.057271 -0.149183 -0.224453 -0.286042 -0.338057 -0.381260 -0.416364 -0.445364 -0.470718 -0.492902 -0.510371 -0.524481 -0.536980 -0.549819 -0.559769 -0.567591 -0.574143 -0.582027 -0.587243 -0.590086 -0.591700 -0.594865 -0.597097 -0.597759 -0.597837 -0.599379 -0.601182 -0.601218 -0.600105 -0.599275 -0.599482 -0.598167 -0.595964 -0.593706 -0.593572 -0.592462 -0.590448 -0.587878 -0.586592 -0.585151 -0.583292 -0.581293 
Shapelet 219  -0.540654 -0.520783 -0.499159 -0.473475 -0.444666 -0.419227 -0.396944 -0.379391 -0.370601 -0.370219 -0.374722 -0.382780 -0.394647 -0.405281 -0.412923 -0.422949 -0.432441 -0.440414 -0.448946 -0.455927 -0.456163 -0.448165 -0.433979 -0.411283 -0.381179 -0.350836 -0.318147 -0.282073 -0.243996 -0.201088 -0.148270 -0.084229 -0.010163  0.078196  0.181735  0.293662  0.416005  0.546005  0.674367  0.795400  0.907067  1.005552  1.087842  1.161420  1.231381  1.293579  1.353530  1.410466  1.456572  1.488068  1.505199  1.506416 
Shapelet 223  -1.312771 -1.216362 -1.122757 -1.037343 -0.972318 -0.928442 -0.901101 -0.885667 -0.879683 -0.876822 -0.872444 -0.869839 -0.869260 -0.868735 -0.862498 -0.850599 -0.835545 -0.816764 -0.796572 -0.776644 -0.759579 -0.740772 -0.715487 -0.689522 -0.669457 -0.660467 -0.656122 -0.658684 -0.664979 -0.662442 -0.652988 -0.644798 -0.634152 -0.597492 -0.555892 -0.545661 -0.553420 -0.538104 -0.480382 -0.404871 -0.314882 -0.217833 -0.122668 -0.026846  0.074173  0.181792  0.283971  0.393499  0.531034  0.699237  0.879708  1.054450  1.234164  1.428594  1.621233  1.771315  1.842172  1.834462  1.770991  1.649170  1.399404  0.970356  0.437925 -0.042937 -0.375046 -0.582758 -0.722667 -0.829736 -0.913575 -0.970558 -1.005850 -1.019079 -1.024265 -1.021921 -1.016944 -1.014428 -1.009962 -1.007203 -0.995836 -0.980343 -0.953244 -0.913822 -0.857947 -0.781809 -0.690017 -0.580761 -0.463862 -0.345097 -0.249082 -0.188509 -0.155570 -0.144981 -0.146001 -0.154535 -0.137800 -0.087101 -0.001859  0.123901  0.288995  0.484287  0.683673  0.887412  1.104624  1.347118  1.629333  1.950921  2.283691  2.562896  2.738480  2.810257  2.806466  2.755085  2.665334  2.529542  2.291157  1.878228  1.296076  0.656363  0.108975 -0.275972 -0.511872 -0.652357 -0.743027 -0.807022 -0.867212 -0.918944 -0.968176 -1.010597 -1.052782 -1.094392 -1.124408 -1.149245 -1.155298 -1.150188 -1.121872 -1.071314 -0.998284 -0.907284 -0.797141 -0.648274 -0.456964 -0.224438  0.045346  0.341539  0.628877  0.873644  1.086516  1.288063  1.466943  1.576696  1.580822  1.475787  1.281581  1.028428  0.737946  0.437125  0.164212 -0.049933 -0.201716 -0.312448 -0.395327 -0.463678 -0.525380 -0.575389 -0.611024 -0.631473 -0.656938 -0.683140 -0.710335 -0.736633 -0.758946 -0.777285 -0.784906 -0.791744 -0.791453 -0.775223 -0.725464 -0.628880 -0.485666 -0.299135 -0.084840  0.133224  0.311616  0.421640  0.471821  0.480759  0.451038  0.362150  0.219859  0.047765 -0.119210 -0.253858 -0.349620 -0.412593 -0.462715 -0.498000 -0.507629 -0.476937 -0.399900 -0.290253 -0.155363 -0.003642  0.163218  0.328030  0.473382  0.602953  0.708294  0.771173  0.771207  0.723766  0.654259  0.576304  0.498752  0.422080  0.351719  0.291306  0.242768  0.189386  0.108327  0.004760 -0.106583 -0.209246 -0.297608 -0.364894 -0.411726 -0.453779 -0.492206 -0.536138 -0.580301 -0.623533 -0.656494 -0.678663 -0.698254 -0.702166 -0.693528 -0.667719 -0.633273 -0.581745 -0.511136 -0.429660 -0.322981 -0.175092  0.032285  0.279566  0.544982  0.826528  1.129203  1.439561  1.717180  1.938071  2.108945  2.245142  2.340516  2.364049  2.301152  2.167406  1.983805  1.742795  1.414017  1.000818  0.561561  0.167512 


; cmd = ShapeletResearch/Execs/FastShapelet UCRArchive_2018//WordSynonyms/WordSynonyms_TRAIN.tsv 25 267 271 10 1 10 10 0 1 10 UCRArchive_2018//WordSynonyms/tree.txt UCRArchive_2018//WordSynonyms/time.txt
; time =>  341.423  13.427  81.977   7.961 232.208 
