;Shapelet Tree 

;random seed:1550681827, rand()=2101073185, rand()=1578278833
;command = ../../ShapeletResearch/Execs/FastShapelet ../../UCRArchive_2018//LargeKitchenAppliances/LargeKitchenAppliances_TRAIN.tsv 3 375 721 10 1 10 10 1 0 10 ../../UCRArchive_2018//LargeKitchenAppliances/tree.txt ../../UCRArchive_2018//LargeKitchenAppliances/time.txt 

;Local Class:   0  1  2 
;Real  Class:   1  2  3 

;Node ID class   obj  pos  len  dist_th 
TreeSize: 64 
NonL  1    --     10  619   20   2.4800 ==> 104  13  13  /  21 112 112 
NonL  2    --    114    0  667  26.8173 ==>  32  12   0  /  72   1  13 
NonL  3    --      0  511   16   5.7685 ==>  11  99  17  /  10  13  95 
NonL  4    --     10  284   50  15.5661 ==>  31   1   0  /   1  11   0 
NonL  5    --      8  625   10   1.2096 ==>  56   0   0  /  16   1  13 
NonL  6    --      1  389   99  15.2625 ==>   4   0   8  /   7  99   9 
NonL  7    --      1  524   26   9.1139 ==>   5   8  94  /   5   5   1 
Leaf  8     1    
Leaf  9     2    
Leaf 10     1    
NonL 11    --      1  611   19   2.7405 ==>  14   0   0  /   2   1  13 
NonL 12    --      0    4  592  21.5051 ==>   4   0   0  /   0   0   8 
NonL 13    --     64   32  643  49.7046 ==>   4  98   3  /   3   1   6 
NonL 14    --      0  583   14   0.5709 ==>   4   1   1  /   1   7  93 
NonL 15    --      2  442   16  19.8563 ==>   4   0   1  /   1   5   0 
Leaf 22     1    
NonL 23    --      0    0  699  41.5509 ==>   2   1   1  /   0   0  12 
Leaf 24     1    
Leaf 25     3    
Leaf 26     2    
NonL 27    --      3   65  271   1.8755 ==>   0   1   6  /   3   0   0 
NonL 28    --      4  281   12   6.3693 ==>   0   1   1  /   4   0   0 
Leaf 29     3    
NonL 30    --      3   97  619  1341.7893 ==>   4   0   0  /   0   0   1 
NonL 31    --      1  133   18  946.1133 ==>   0   5   0  /   1   0   0 
Leaf 46     1    
Leaf 47     3    
Leaf 54     3    
Leaf 55     1    
Leaf 56     2    
Leaf 57     1    
Leaf 60     1    
Leaf 61     3    
Leaf 62     2    
Leaf 63     1    

;Shapelet id   <data>
Shapelet   1   0.113322  0.167356  0.113322  0.167356  0.059288  0.221390  0.221390  0.167356  0.167356  0.221390  0.221390  0.383493  0.302441  0.221390  0.383493  1.112954  1.112954  0.977869 -0.021764 -0.075798 
Shapelet   2  -0.037268 -0.037268 -0.037268 -0.037268 -0.037268 -0.037268 -0.037268 -0.037268 -0.037268 -0.037268 -0.037268 -0.037268 -0.037268 -0.037268 -0.037268 -0.037268 -0.037268 -0.037268 -0.037268 -0.037268 -0.037268 -0.037268 -0.037268 -0.037268 -0.037268 -0.037268 -0.037268 -0.037268 -0.037268 -0.037268 -0.037268 -0.037268 -0.037268 -0.037268 -0.037268 -0.037268 -0.037268 -0.037268 -0.037268 -0.037268 -0.037268 -0.037268 -0.037268 -0.037268 -0.037268 -0.037268 -0.037268 -0.037268 -0.037268 -0.037268 -0.037268 -0.037268 -0.037268 -0.037268 -0.037268 -0.037268 -0.037268 -0.037268 -0.037268 -0.037268 -0.037268 -0.037268 -0.037268 -0.037268 -0.037268 -0.037268 -0.037268 -0.037268 -0.037268 -0.037268 -0.037268 -0.037268 -0.037268 -0.037268 -0.037268 -0.037268 -0.037268 -0.037268 -0.037268 -0.037268 -0.037268 -0.037268 -0.037268 -0.037268 -0.037268 -0.037268 -0.037268 -0.037268 -0.037268 -0.037268 -0.037268 -0.037268 -0.037268 -0.037268 -0.037268 -0.037268 -0.037268 -0.037268 -0.037268 -0.037268 -0.037268 -0.037268 -0.037268 -0.037268 -0.037268 -0.037268 -0.037268 -0.037268 -0.037268 -0.037268 -0.037268 -0.037268 -0.037268 -0.037268 -0.037268 -0.037268 -0.037268 -0.037268 -0.037268 -0.037268 -0.037268 -0.037268 -0.037268 -0.037268 -0.037268 -0.037268 -0.037268 -0.037268 -0.037268 -0.037268 -0.037268 -0.037268 -0.037268 -0.037268 -0.037268 -0.037268 -0.037268 -0.037268 -0.037268 -0.037268 -0.037268 -0.037268 -0.037268 -0.037268 -0.037268 -0.037268 -0.037268 -0.037268 -0.037268 -0.037268 -0.037268 -0.037268 -0.037268 -0.037268 -0.037268 -0.037268 -0.037268 -0.037268 -0.037268 -0.037268 -0.037268 -0.037268 -0.037268 -0.037268 -0.037268 -0.037268 -0.037268 -0.037268 -0.037268 -0.037268 -0.037268 -0.037268 -0.037268 -0.037268 -0.037268 -0.037268 -0.037268 -0.037268 -0.037268 -0.037268 -0.037268 -0.037268 -0.037268 -0.037268 -0.037268 -0.037268 -0.037268 -0.037268 -0.037268 -0.037268 -0.037268 -0.037268 -0.037268 -0.037268 -0.037268 -0.037268 -0.037268 -0.037268 -0.037268 -0.037268 -0.037268 -0.037268 -0.037268 -0.037268 -0.037268 -0.037268 -0.037268 -0.037268 -0.037268 -0.037268 -0.037268 -0.037268 -0.037268 -0.037268 -0.037268 -0.037268 -0.037268 -0.037268 -0.037268 -0.037268 -0.037268 -0.037268 -0.037268 -0.037268 -0.037268 -0.037268 -0.037268 -0.037268 -0.037268 -0.037268 -0.037268 -0.037268 -0.037268 -0.037268 -0.037268 -0.037268 -0.037268 -0.037268 -0.037268 -0.037268 -0.037268 -0.037268 -0.037268 -0.037268 -0.037268 -0.037268 -0.037268 -0.037268 -0.037268 -0.037268 -0.037268 -0.037268 -0.037268 -0.037268 -0.037268 -0.037268 -0.037268 -0.037268 -0.037268 -0.037268 -0.037268 -0.037268 -0.037268 -0.037268 -0.037268 -0.037268 -0.037268 -0.037268 -0.037268 -0.037268 -0.037268 -0.037268 -0.037268 -0.037268 -0.037268 -0.037268 -0.037268 -0.037268 -0.037268 -0.037268 -0.037268 -0.037268 -0.037268 -0.037268 -0.037268 -0.037268 -0.037268 -0.037268 -0.037268 -0.037268 -0.037268 -0.037268 -0.037268 -0.037268 -0.037268 -0.037268 -0.037268 -0.037268 -0.037268 -0.037268 -0.037268 -0.037268 -0.037268 -0.037268 -0.037268 -0.037268 -0.037268 -0.037268 -0.037268 -0.037268 -0.037268 -0.037268 -0.037268 -0.037268 -0.037268 -0.037268 -0.037268 -0.037268 -0.037268 -0.037268 -0.037268 -0.037268 -0.037268 -0.037268 -0.037268 -0.037268 -0.037268 -0.037268 -0.037268 -0.037268 -0.037268 -0.037268 -0.037268 -0.037268 -0.037268 -0.037268 -0.037268 -0.037268 -0.037268 -0.037268 -0.037268 -0.037268 -0.037268 -0.037268 -0.037268 -0.037268 -0.037268 -0.037268 -0.037268 -0.037268 -0.037268 -0.037268 -0.037268 -0.037268 -0.037268 -0.037268 -0.037268 -0.037268 -0.037268 -0.037268 -0.037268 -0.037268 -0.037268 -0.037268 -0.037268 -0.037268 -0.037268 -0.037268 -0.037268 -0.037268 -0.037268 -0.037268 -0.037268 -0.037268 -0.037268 -0.037268 -0.037268 -0.037268 -0.037268 -0.037268 -0.037268 -0.037268 -0.037268 -0.037268 -0.037268 -0.037268 -0.037268 -0.037268 -0.037268 -0.037268 -0.037268 -0.037268 -0.037268 -0.037268 -0.037268 -0.037268 -0.037268 -0.037268 -0.037268 -0.037268 -0.037268 -0.037268 -0.037268 -0.037268 -0.037268 -0.037268 -0.037268 -0.037268 -0.037268 -0.037268 -0.037268 -0.037268 -0.037268 -0.037268 -0.037268 -0.037268 -0.037268 -0.037268 -0.037268 -0.037268 -0.037268 -0.037268 -0.037268 -0.037268 -0.037268 -0.037268 -0.037268 -0.037268 -0.037268 -0.037268 -0.037268 -0.037268 -0.037268 -0.037268 -0.037268 -0.037268 -0.037268 -0.037268 -0.037268 -0.037268 -0.037268 -0.037268 -0.037268 -0.037268 -0.037268 -0.037268 -0.037268 -0.037268 -0.037268 -0.037268 -0.037268 -0.037268 -0.037268 -0.037268 -0.037268 -0.037268 -0.037268 -0.037268 -0.037268 -0.037268 -0.037268 -0.037268 -0.037268 -0.037268 -0.037268 -0.037268 -0.037268 -0.037268 -0.037268 -0.037268 -0.037268 -0.037268 -0.037268 -0.037268 -0.037268 -0.037268 -0.037268 -0.037268 -0.037268 -0.037268 -0.037268 -0.037268 -0.037268 -0.037268 -0.037268 -0.037268 -0.037268 -0.037268 -0.037268 -0.037268 -0.037268 -0.037268 -0.037268 -0.037268 -0.037268 -0.037268 -0.037268 -0.037268 -0.037268 -0.037268 -0.037268 -0.037268 -0.037268 -0.037268 -0.037268 -0.037268 -0.037268 -0.037268 -0.037268 -0.037268 -0.037268 -0.037268 -0.037268 -0.037268 -0.037268 -0.037268 -0.037268 -0.037268 -0.037268 -0.037268 -0.037268 -0.037268 -0.037268 -0.037268 -0.037268 -0.037268 -0.037268 -0.037268 -0.037268 -0.037268 -0.037268 -0.037268 -0.037268 -0.037268 -0.037268 -0.037268 -0.037268 -0.037268 -0.037268 -0.037268 -0.037268 -0.037268 -0.037268 -0.037268 -0.037268 -0.037268 -0.037268 -0.037268 -0.037268 -0.037268 -0.037268 -0.037268 -0.037268 -0.037268 -0.037268 -0.037268 -0.037268 -0.037268 -0.037268 -0.037268 -0.037268 -0.037268 -0.037268 -0.037268 -0.037268 -0.037268 -0.037268 -0.037268 -0.037268 -0.037268 -0.037268 -0.037268 -0.037268 -0.037268 -0.037268 -0.037268 -0.037268 -0.037268 -0.037268 -0.037268 -0.037268 -0.037268 -0.037268 -0.037268 -0.037268 -0.037268 -0.037268 -0.037268 -0.037268 -0.037268 -0.037268 -0.037268 -0.037268 -0.037268 -0.037268 -0.037268 -0.037268 -0.037268 -0.037268 -0.037268 -0.037268 -0.037268 -0.037268 -0.037268 -0.037268 -0.037268 -0.037268 -0.037268 -0.037268 -0.037268 -0.037268 -0.037268 -0.037268 -0.037268 -0.037268 -0.037268 -0.037268 -0.037268 -0.037268 -0.037268 -0.037268 -0.037268 -0.037268 -0.037268 -0.037268 -0.037268 -0.037268 -0.037268 -0.037268 -0.037268 -0.037268 -0.037268 -0.037268 -0.037268 -0.037268 -0.037268 -0.037268 -0.037268 -0.037268 -0.037268 -0.037268 -0.037268 -0.037268 -0.037268 -0.037268 -0.037268 -0.037268 -0.037268 -0.037268 -0.037268 -0.037268 -0.037268 -0.037268 -0.037268 -0.037268 -0.037268 -0.037268 -0.037268 -0.037268 -0.037268 -0.037268 -0.037268 -0.037268 -0.037268 -0.037268 -0.037268 -0.037268 
Shapelet   3   8.202384  8.202384  5.421397  0.283193  0.018338  0.137523  0.177251  0.177251  0.389136  0.018338  0.097794  0.097794  0.892362  0.587778 -0.087605 -0.140576 
Shapelet   4   5.755558  5.908495  5.296746  5.755558  6.069481  5.908495  6.069481  6.069481  0.950111  0.153228  0.112981  0.112981  0.112981  0.112981  0.112981  0.112981  0.153228  0.048587  0.016389  0.273968 -0.088252  0.080784  0.080784  0.048587  0.370560 -0.144597  0.016389  0.048587  0.048587  0.233721  0.048587 -0.088252  0.080784  0.112981  0.016389 -0.064104  0.193474  1.481366  1.738945  1.320380 -0.200942 -0.200942 -0.208992 -0.208992 -0.208992 -0.208992 -0.208992 -0.208992 -0.208992 -0.200942 
Shapelet   5   0.221390  0.167356  0.167356  0.221390  0.221390  0.383493  0.302441  0.221390  0.383493  1.112954 
Shapelet   6  -0.158684 -0.158684 -0.158684 -0.158684 -0.158684 -0.158684 -0.158684 -0.158684 -0.158684 -0.158684 -0.158684 -0.158684 -0.158684 -0.158684 -0.158684 -0.158684 -0.158684 -0.158684 -0.158684 -0.158684 -0.158684 -0.158684 -0.158684 -0.158684 -0.158684 -0.158684 -0.158684 -0.158684 -0.158684 -0.158684 -0.158684 -0.158684 -0.158684 -0.158684 -0.158684 -0.158684 -0.158684 -0.158684 -0.158684 -0.158684 -0.158684 -0.158684 -0.158684 -0.158684 -0.158684 -0.158684 -0.158684 -0.158684 -0.158684 -0.158684 -0.158684 -0.147764 -0.093166  0.037870  0.070629  0.190745  0.147066  3.532156  7.725299  8.140246  7.932773  7.725299  8.140246  7.113799  8.140246  8.140246  7.932773  7.932773  6.720692  0.693049  0.332700  0.387299  0.387299  0.387299  0.332700  0.387299  0.387299  0.332700  0.441897  2.134442  0.147066  0.070629  0.103388  0.234424  0.627531  0.037870  0.332700  0.441897  0.234424  0.278102  0.693049  0.070629  0.278102  0.332700  0.278102  0.103388  0.070629  0.278102  2.134442 
Shapelet   7  -0.173088 -0.173088 -0.173088 -0.173088 -0.173088 -0.173088 -0.173088 -0.173088 -0.173088 -0.173088 -0.173088 -0.173088 -0.173088 -0.173088 -0.173088 -0.160064 -0.173088 -0.173088 -0.173088 -0.173088 -0.147041  3.903315  3.903315  3.903315  3.903315 -0.134017 
Shapelet  11   0.679188  1.154592  0.520719  1.048947  1.999756 -0.060330 -0.095546 -0.095546 -0.095546 -0.095546 -0.095546 -0.095546 -0.095546 -0.095546 -0.095546 -0.095546 -0.095546 -0.095546 -0.095546 
Shapelet  12  -0.158684 -0.158684 -0.158684 -0.158684 -0.158684 -0.158684 -0.158684 -0.158684 -0.158684 -0.158684 -0.158684 -0.158684 -0.158684 -0.158684 -0.158684 -0.158684 -0.158684 -0.158684 -0.158684 -0.158684 -0.158684 -0.158684 -0.158684 -0.158684 -0.158684 -0.158684 -0.158684 -0.158684 -0.158684 -0.158684 -0.158684 -0.158684 -0.158684 -0.158684 -0.158684 -0.158684 -0.158684 -0.158684 -0.158684 -0.158684 -0.158684 -0.158684 -0.158684 -0.158684 -0.158684 -0.158684 -0.158684 -0.158684 -0.158684 -0.158684 -0.158684 -0.158684 -0.158684 -0.158684 -0.158684 -0.158684 -0.158684 -0.158684 -0.158684 -0.158684 -0.158684 -0.158684 -0.158684 -0.158684 -0.158684 -0.158684 -0.158684 -0.158684 -0.158684 -0.158684 -0.158684 -0.158684 -0.158684 -0.158684 -0.158684 -0.158684 -0.158684 -0.158684 -0.158684 -0.158684 -0.158684 -0.158684 -0.158684 -0.158684 -0.158684 -0.158684 -0.158684 -0.158684 -0.158684 -0.158684 -0.158684 -0.158684 -0.158684 -0.158684 -0.158684 -0.158684 -0.158684 -0.158684 -0.158684 -0.158684 -0.158684 -0.158684 -0.158684 -0.158684 -0.158684 -0.158684 -0.158684 -0.158684 -0.158684 -0.158684 -0.158684 -0.158684 -0.158684 -0.158684 -0.158684 -0.158684 -0.158684 -0.158684 -0.158684 -0.158684 -0.158684 -0.158684 -0.158684 -0.158684 -0.158684 -0.158684 -0.158684 -0.158684 -0.158684 -0.158684 -0.158684 -0.158684 -0.158684 -0.158684 -0.158684 -0.158684 -0.158684 -0.158684 -0.158684 -0.158684 -0.158684 -0.158684 -0.158684 -0.158684 -0.158684 -0.158684 -0.158684 -0.158684 -0.158684 -0.158684 -0.158684 -0.158684 -0.158684 -0.158684 -0.158684 -0.158684 -0.158684 -0.158684 -0.158684 -0.158684 -0.158684 -0.158684 -0.158684 -0.158684 -0.158684 -0.158684 -0.158684 -0.158684 -0.158684 -0.158684 -0.158684 -0.158684 -0.158684 -0.158684 -0.158684 -0.158684 -0.158684 -0.158684 -0.158684 -0.158684 -0.158684 -0.158684 -0.158684 -0.158684 -0.158684 -0.158684 -0.158684 -0.158684 -0.158684 -0.158684 -0.158684 -0.158684 -0.158684 -0.158684 -0.158684 -0.158684 -0.158684 -0.158684 -0.158684 -0.158684 -0.158684 -0.158684 -0.158684 -0.158684 -0.158684 -0.158684 -0.158684 -0.158684 -0.158684 -0.158684 -0.158684 -0.158684 -0.158684 -0.158684 -0.158684 -0.158684 -0.158684 -0.158684 -0.158684 -0.158684 -0.158684 -0.158684 -0.158684 -0.158684 -0.158684 -0.158684 -0.158684 -0.158684 -0.158684 -0.158684 -0.158684 -0.158684 -0.158684 -0.158684 -0.158684 -0.158684 -0.158684 -0.158684 -0.158684 -0.158684 -0.158684 -0.158684 -0.158684 -0.158684 -0.158684 -0.158684 -0.158684 -0.158684 -0.158684 -0.158684 -0.158684 -0.158684 -0.158684 -0.158684 -0.158684 -0.158684 -0.158684 -0.158684 -0.158684 -0.158684 -0.158684 -0.158684 -0.158684 -0.158684 -0.158684 -0.158684 -0.158684 -0.158684 -0.158684 -0.158684 -0.158684 -0.158684 -0.158684 -0.158684 -0.158684 -0.158684 -0.158684 -0.158684 -0.158684 -0.158684 -0.158684 -0.158684 -0.158684 -0.158684 -0.158684 -0.158684 -0.158684 -0.158684 -0.158684 -0.158684 -0.158684 -0.158684 -0.158684 -0.158684 -0.158684 -0.158684 -0.158684 -0.158684 -0.158684 -0.158684 -0.158684 -0.158684 -0.158684 -0.158684 -0.158684 -0.158684 -0.158684 -0.158684 -0.158684 -0.158684 -0.158684 -0.158684 -0.158684 -0.158684 -0.158684 -0.158684 -0.158684 -0.158684 -0.158684 -0.158684 -0.158684 -0.158684 -0.158684 -0.158684 -0.158684 -0.158684 -0.158684 -0.158684 -0.158684 -0.158684 -0.158684 -0.158684 -0.158684 -0.158684 -0.158684 -0.158684 -0.158684 -0.158684 -0.158684 -0.158684 -0.158684 -0.158684 -0.158684 -0.158684 -0.158684 -0.158684 -0.158684 -0.158684 -0.158684 -0.158684 -0.158684 -0.158684 -0.158684 -0.158684 -0.158684 -0.158684 -0.158684 -0.158684 -0.158684 -0.158684 -0.158684 -0.158684 -0.158684 -0.158684 -0.158684 -0.158684 -0.158684 -0.158684 -0.158684 -0.158684 -0.158684 -0.158684 -0.158684 -0.158684 -0.158684 -0.158684 -0.158684 -0.158684 -0.158684 -0.158684 -0.158684 -0.158684 -0.158684 -0.158684 -0.158684 -0.158684 -0.158684 -0.158684 -0.158684 -0.158684 -0.158684 -0.158684 -0.158684 -0.158684 -0.158684 -0.158684 -0.158684 -0.158684 -0.158684 -0.158684 -0.158684 -0.158684 -0.158684 -0.158684 -0.158684 -0.158684 -0.158684 -0.158684 -0.158684 -0.158684 -0.158684 -0.158684 -0.158684 -0.158684 -0.158684 -0.158684 -0.158684 -0.158684 -0.158684 -0.158684 -0.158684 -0.158684 -0.158684 -0.158684 -0.158684 -0.158684 -0.158684 -0.158684 -0.158684 -0.158684 -0.158684 -0.158684 -0.158684 -0.158684 -0.158684 -0.158684 -0.147764 -0.093166  0.037870  0.070629  0.190745  0.147066  3.532156  7.725299  8.140246  7.932773  7.725299  8.140246  7.113799  8.140246  8.140246  7.932773  7.932773  6.720692  0.693049  0.332700  0.387299  0.387299  0.387299  0.332700  0.387299  0.387299  0.332700  0.441897  2.134442  0.147066  0.070629  0.103388  0.234424  0.627531  0.037870  0.332700  0.441897  0.234424  0.278102  0.693049  0.070629  0.278102  0.332700  0.278102  0.103388  0.070629  0.278102  2.134442  2.243638  1.708576 -0.125925 -0.158684 -0.158684 -0.158684 -0.158684 -0.158684 -0.158684 -0.158684 -0.158684 -0.158684 -0.158684 -0.158684 -0.158684 -0.158684 -0.158684 -0.158684 -0.158684 -0.158684 -0.158684 -0.158684 -0.158684 -0.158684 -0.158684 -0.158684 -0.158684 -0.158684 -0.158684 -0.158684 -0.158684 -0.158684 -0.158684 -0.158684 -0.158684 -0.158684 -0.158684 -0.158684 -0.158684 -0.158684 -0.158684 -0.158684 -0.158684 -0.158684 -0.158684 -0.158684 -0.158684 -0.158684 -0.158684 -0.158684 -0.158684 -0.158684 -0.158684 -0.158684 -0.158684 -0.158684 -0.158684 -0.158684 -0.158684 -0.158684 -0.158684 -0.158684 -0.158684 -0.158684 -0.158684 -0.158684 -0.158684 -0.158684 -0.158684 -0.158684 -0.158684 -0.158684 -0.158684 -0.158684 -0.158684 -0.158684 -0.158684 -0.158684 -0.158684 -0.158684 -0.158684 -0.158684 -0.158684 -0.158684 -0.158684 -0.158684 -0.158684 -0.158684 -0.158684 -0.158684 -0.158684 -0.158684 -0.158684 -0.158684 -0.158684 -0.158684 -0.158684 -0.158684 -0.158684 -0.158684 -0.158684 -0.158684 -0.158684 -0.158684 -0.158684 -0.158684 -0.158684 -0.158684 
Shapelet  13  -0.207864 -0.207864 -0.207864 -0.207864 -0.207864 -0.201153 -0.207864 -0.207864 -0.207864 -0.207864 -0.207864 -0.207864 -0.207864 -0.207864 -0.207864 -0.207864 -0.201153 -0.207864 -0.207864 -0.207864 -0.207864 -0.207864 -0.207864 -0.207864 -0.207864 -0.207864 -0.201153 -0.207864 -0.207864 -0.207864 -0.207864 -0.207864 -0.207864 -0.207864 -0.207864 -0.207864 -0.201153 -0.207864 -0.207864 -0.207864 -0.207864 -0.207864 -0.207864 -0.207864 -0.207864 -0.207864 -0.201153 -0.207864 -0.207864 -0.207864 -0.207864 -0.207864 -0.207864 -0.207864 -0.207864 -0.207864 -0.201153 -0.207864 -0.207864 -0.207864 -0.207864 -0.207864 -0.207864 -0.207864 -0.207864 -0.201153 -0.207864 -0.207864 -0.207864 -0.207864 -0.207864 -0.207864 -0.207864 -0.207864 -0.207864 -0.201153 -0.207864 -0.207864 -0.207864 -0.207864 -0.207864 -0.207864 -0.207864 -0.207864 -0.207864 -0.201153 -0.207864 -0.207864 -0.207864 -0.207864 -0.207864 -0.207864 -0.207864 -0.207864 -0.207864 -0.201153 -0.207864 -0.207864 -0.207864 -0.207864 -0.207864 -0.207864 -0.207864 -0.207864 -0.201153 -0.207864 -0.207864 -0.207864 -0.207864 -0.207864 -0.207864 -0.207864 -0.207864 -0.207864 -0.201153 -0.207864 -0.207864 -0.207864 -0.207864 -0.207864 -0.207864 -0.207864 -0.207864 -0.207864 -0.207864 -0.201153 -0.207864 -0.207864 -0.207864 -0.207864 -0.207864 -0.207864 -0.207864 -0.207864 -0.207864 -0.201153 -0.207864 -0.207864 -0.207864 -0.207864 -0.207864 -0.207864 -0.207864 -0.207864 -0.207864 -0.201153 -0.207864 -0.207864 -0.207864 -0.207864 -0.207864 -0.207864 -0.207864 -0.207864 -0.207864 -0.201153 -0.207864 -0.207864 -0.207864 -0.207864 -0.207864 -0.207864 -0.207864 -0.207864 -0.201153 -0.207864 -0.207864 -0.207864 -0.207864 -0.207864 -0.207864 -0.207864 -0.207864 -0.207864 -0.201153 -0.207864 -0.207864 -0.207864 -0.207864 -0.207864 -0.207864 -0.207864 -0.207864 -0.207864 -0.201153 -0.207864 -0.207864 -0.207864 -0.207864 -0.207864 -0.207864 -0.207864 -0.207864 -0.207864 -0.201153 -0.207864 -0.207864 -0.207864 -0.207864 -0.207864 -0.207864 -0.207864 -0.207864 -0.207864 -0.201153 -0.207864 -0.207864 -0.207864 -0.207864 -0.207864 -0.207864 -0.207864 -0.207864 -0.207864 -0.201153 -0.207864 -0.207864 -0.207864 -0.207864 -0.207864 -0.207864 -0.207864 -0.207864 -0.207864 -0.201153 -0.207864 -0.207864 -0.207864 -0.207864 -0.207864 -0.207864 -0.207864 -0.207864 -0.201153 -0.207864 -0.207864 -0.207864 -0.207864 -0.207864 -0.207864 -0.207864 -0.207864 -0.201153 -0.207864 -0.207864 -0.207864 -0.207864 -0.207864 -0.207864 -0.207864 -0.207864 -0.201153 -0.207864 -0.207864 -0.207864 -0.207864 -0.207864 -0.207864 -0.207864 -0.207864 -0.201153 -0.207864 -0.207864 -0.207864 -0.207864 -0.207864 -0.207864 -0.207864 -0.207864 -0.201153 -0.207864 -0.207864 -0.207864 -0.207864 -0.207864 -0.207864 -0.207864 -0.207864 -0.207864 -0.201153 -0.207864 -0.207864 -0.207864 -0.207864 -0.207864 -0.207864 -0.207864 -0.207864 -0.207864 -0.201153 -0.207864 -0.207864 -0.207864 -0.207864 -0.207864 -0.207864 -0.207864 -0.207864 -0.207864 -0.201153 -0.207864 -0.207864 -0.207864 -0.207864 -0.207864 -0.207864 -0.207864 -0.207864 -0.201153 -0.207864 -0.207864 -0.207864 -0.207864 -0.207864 -0.207864 -0.207864 -0.207864 -0.207864 -0.201153 -0.207864 -0.207864 -0.207864 -0.207864 -0.207864 -0.207864 -0.207864 -0.207864 -0.207864 -0.201153 -0.207864 -0.207864 -0.207864 -0.207864 -0.207864 -0.207864 -0.207864 -0.207864 -0.207864 -0.201153 -0.207864 -0.207864 -0.207864 -0.207864 -0.207864 -0.207864 -0.207864 -0.207864 -0.207864 -0.201153 -0.207864 -0.207864 -0.207864 -0.207864 -0.207864 -0.207864 -0.207864 -0.207864 -0.201153 -0.207864 -0.207864 -0.207864 -0.207864 -0.207864 -0.207864 -0.207864 -0.207864 -0.201153 -0.207864 -0.207864 -0.207864 -0.207864 -0.207864 -0.207864 -0.207864 -0.207864 -0.201153 -0.207864 -0.207864 -0.207864 -0.207864 -0.207864 -0.207864 -0.207864 -0.207864 -0.201153 -0.207864 -0.207864 -0.207864 -0.207864 -0.207864 -0.207864 -0.207864 -0.207864 -0.201153 -0.207864 -0.207864 -0.207864 -0.207864 -0.207864 -0.207864 -0.207864 -0.207864 -0.201153 -0.207864 -0.207864 -0.207864 -0.207864 -0.207864 -0.207864 -0.207864 -0.207864 -0.201153 -0.207864 -0.207864 -0.207864 -0.207864 -0.207864 -0.207864 -0.207864 -0.207864 -0.201153 -0.207864 -0.207864 -0.207864 -0.207864 -0.207864 -0.207864 -0.207864 -0.207864 -0.207864 -0.201153 -0.207864 -0.207864 -0.207864 -0.207864 -0.207864 -0.207864 -0.207864 -0.207864 -0.201153 -0.207864 -0.207864 -0.207864 -0.207864 -0.207864 -0.207864 -0.207864 -0.207864 -0.201153 -0.207864 -0.207864 -0.207864 -0.207864 -0.207864 -0.207864 -0.207864 -0.207864 -0.201153 -0.207864 -0.207864 -0.207864 -0.207864 -0.207864 -0.207864 -0.207864 -0.207864 -0.207864 -0.201153 -0.207864 -0.207864 -0.207864 -0.207864 -0.207864 -0.207864 -0.207864 -0.207864 -0.207864 -0.201153 -0.207864 -0.207864 -0.207864 -0.207864 -0.207864 -0.207864 -0.207864 -0.207864 -0.201153 -0.207864 -0.207864 -0.207864 -0.207864 -0.207864 -0.207864 -0.207864 -0.207864 -0.207864 -0.201153 -0.207864 -0.181022  2.711154  5.026237  5.294653  5.160445  5.160445  5.160445  5.026237 -0.087077  1.416050  3.556663  0.194760  5.026237  5.160445  5.160445  5.294653  5.026237  5.294653  1.416050 -0.154180 -0.207864 -0.201153 -0.207864 -0.207864 -0.207864 -0.207864 -0.207864 -0.207864 -0.207864 -0.207864 -0.207864 -0.207864 -0.207864 -0.207864 -0.207864 -0.207864 -0.207864 -0.207864 -0.207864 -0.207864 -0.201153 -0.207864 -0.207864 -0.207864 -0.207864 -0.207864 -0.207864 -0.207864 -0.201153 -0.207864 -0.207864 -0.207864 -0.207864 -0.207864 -0.207864 -0.207864 -0.201153 -0.207864 -0.207864 -0.207864 -0.207864 -0.207864 -0.207864 -0.201153 -0.207864 -0.207864 -0.207864 -0.207864 -0.207864 -0.207864 -0.207864 -0.201153 -0.207864 -0.207864 -0.207864 -0.207864 -0.207864 -0.207864 -0.207864 -0.201153 -0.207864 -0.207864 -0.207864 -0.207864 -0.207864 -0.207864 -0.207864 -0.201153 -0.207864 -0.207864 -0.207864 -0.207864 -0.207864 -0.207864 -0.207864 -0.201153 -0.207864 -0.207864 -0.207864 -0.207864 -0.207864 -0.207864 -0.207864 -0.201153 -0.207864 -0.207864 -0.207864 -0.207864 -0.207864 -0.207864 -0.207864 -0.201153 -0.207864 -0.207864 -0.207864 -0.207864 -0.207864 -0.207864 -0.207864 -0.207864 -0.201153 -0.207864 -0.207864 -0.207864 -0.207864 -0.207864 -0.207864 -0.207864 -0.201153 -0.207864 -0.207864 -0.207864 -0.207864 -0.207864 -0.207864 -0.207864 -0.207864 -0.107208  4.509538  5.294653  5.294653  5.160445  5.026237  5.294653  0.704749 
Shapelet  14   0.842757 -0.160064 -0.147041 -0.147041 -0.147041 -0.147041 -0.173088 -0.173088 -0.173088 -0.173088 -0.173088 -0.147041 -0.173088 -0.173088 
Shapelet  15  -0.098133 -0.098133 -0.098133 -0.098133 -0.081625 -0.098133 -0.098133 -0.098133 -0.098133 -0.098133  2.724806 12.778434 13.438771 13.108602 12.778434  4.260089 
Shapelet  23  -0.157831 -0.157831 -0.157831 -0.157831 -0.157831 -0.157831 -0.157831 -0.157831 -0.157831 -0.157831 -0.157831 -0.157831 -0.157831 -0.157831 -0.157831 -0.157831 -0.157831 -0.157831 -0.157831 -0.157831 -0.157831 -0.157831 -0.157831 -0.157831 -0.157831 -0.157831 -0.157831 -0.157831 -0.157831 -0.157831 -0.157831 -0.157831 -0.157831 -0.157831 -0.157831 -0.157831 -0.157831 -0.157831 -0.157831 -0.157831 -0.157831 -0.157831 -0.157831 -0.157831 -0.157831 -0.157831 -0.157831 -0.157831 -0.157831 -0.157831 -0.157831 -0.157831 -0.157831 -0.157831 -0.157831 -0.157831 -0.157831 -0.157831 -0.157831 -0.157831 -0.157831 -0.157831 -0.157831 -0.157831 -0.157831 -0.157831 -0.157831 -0.157831 -0.157831 -0.157831 -0.157831 -0.157831 -0.157831 -0.157831 -0.157831 -0.157831 -0.157831 -0.157831 -0.157831 -0.157831 -0.157831 -0.157831 -0.157831 -0.157831 -0.157831 -0.157831 -0.157831 -0.157831 -0.157831 -0.157831 -0.157831 -0.157831 -0.157831 -0.157831 -0.157831 -0.157831 -0.157831 -0.157831 -0.157831 -0.157831 -0.157831 -0.157831 -0.157831 -0.157831 -0.157831 -0.157831 -0.157831 -0.157831 -0.157831 -0.157831 -0.157831 -0.157831 -0.157831 -0.157831 -0.157831 -0.157831 -0.157831 -0.157831 -0.157831 -0.157831 -0.157831 -0.157831 -0.157831 -0.157831 -0.157831 -0.157831 -0.157831 -0.157831 -0.157831 -0.157831 -0.157831 -0.157831 -0.157831 -0.157831 -0.157831 -0.157831 -0.157831 -0.157831 -0.157831 -0.157831 -0.157831 -0.157831 -0.157831 -0.157831 -0.157831 -0.157831 -0.157831 -0.157831 -0.157831 -0.157831 -0.157831 -0.157831 -0.157831 -0.157831 -0.157831 -0.157831 -0.157831 -0.157831 -0.157831 -0.157831 -0.157831 -0.157831 -0.157831 -0.157831 -0.157831 -0.157831 -0.157831 -0.157831 -0.157831 -0.157831 -0.157831 -0.157831 -0.157831 -0.157831 -0.157831 -0.157831 -0.157831 -0.157831 -0.157831 -0.157831 -0.157831 -0.157831 -0.157831 -0.157831 -0.157831 -0.157831 -0.157831 -0.157831 -0.157831 -0.157831 -0.157831 -0.157831 -0.157831 -0.157831 -0.157831 -0.157831 -0.157831 -0.157831 -0.157831 -0.157831 -0.157831 -0.157831 -0.157831 -0.157831 -0.157831 -0.157831 -0.157831 -0.157831 -0.157831 -0.157831 -0.157831 -0.157831 -0.157831 -0.157831 -0.157831 -0.157831 -0.157831 -0.157831 -0.157831 -0.157831 -0.157831 -0.157831 -0.157831 -0.157831 -0.157831 -0.157831 -0.157831 -0.157831 -0.157831 -0.157831 -0.157831 -0.157831 -0.157831 -0.157831 -0.157831 -0.157831 -0.157831 -0.157831 -0.157831 -0.157831 -0.157831 -0.157831 -0.157831 -0.157831 -0.157831 -0.157831 -0.157831 -0.157831 -0.157831 -0.157831  3.003175  7.649852  7.649852  7.649852  3.129615  0.063440  0.000220  3.972549  7.649852  7.649852  1.275158  0.000220  0.000220  0.031830  0.000220  0.000220  0.031830  0.000220  0.031830  0.000220  0.031830  0.031830  0.031830  0.000220  0.063440 -0.031391  0.031830  0.031830 -0.052464  0.063440  0.000220  0.031830  0.031830  0.031830 -0.031391  0.000220 -0.031391 -0.147294  7.449655  8.060783  7.649852  6.669941  0.137196  0.000220  0.537590  7.449655  7.850049  5.753249  0.000220  0.031830  0.031830  0.000220  0.031830  0.031830  0.000220  0.031830  0.000220  0.031830  0.031830  0.000220  0.031830  0.031830  0.000220  0.000220  0.031830  0.000220  0.000220  0.031830  0.031830  0.063440  0.031830  0.031830 -0.052464  0.063440 -0.157831 -0.157831 -0.157831 -0.157831 -0.157831 -0.157831 -0.157831 -0.157831 -0.157831 -0.157831 -0.157831 -0.157831 -0.157831 -0.157831 -0.157831 -0.157831 -0.157831 -0.157831 -0.157831 -0.157831 -0.157831 -0.157831 -0.157831 -0.157831 -0.157831 -0.157831 -0.157831 -0.157831 -0.157831 -0.157831 -0.157831 -0.157831 -0.157831 -0.157831 -0.157831 -0.157831 -0.157831 -0.157831 -0.157831 -0.157831 -0.157831 -0.157831 -0.157831 -0.157831 -0.157831 -0.157831 -0.157831 -0.157831 -0.157831 -0.157831 -0.157831 -0.157831 -0.157831 -0.157831 -0.157831 -0.157831 -0.157831 -0.157831 -0.157831 -0.157831 -0.157831 -0.157831 -0.157831 -0.157831 -0.157831 -0.157831 -0.157831 -0.157831 -0.157831 -0.157831 -0.157831 -0.157831 -0.157831 -0.157831 -0.157831 -0.157831 -0.157831 -0.157831 -0.157831 -0.157831 -0.157831 -0.157831 -0.157831 -0.157831 -0.157831 -0.157831 -0.157831 -0.157831 -0.157831 -0.157831 -0.157831 -0.157831 -0.157831 -0.157831 -0.157831 -0.157831 -0.157831 -0.157831 -0.157831 -0.157831 -0.157831 -0.157831 -0.157831 -0.157831 -0.157831 -0.157831 -0.157831 -0.157831 -0.157831 -0.157831 -0.157831 -0.157831 -0.157831 -0.157831 -0.157831 -0.157831 -0.157831 -0.157831 -0.157831 -0.157831 -0.157831 -0.157831 -0.157831 -0.157831 -0.157831 -0.157831 -0.157831 -0.157831 -0.157831 -0.157831 -0.157831 -0.157831 -0.157831 -0.157831 -0.157831 -0.157831 -0.157831 -0.157831 -0.157831 -0.157831 -0.157831 -0.157831 -0.157831 -0.157831 -0.157831 -0.157831 -0.157831 -0.157831 -0.157831 -0.157831 -0.157831 -0.157831 -0.157831 -0.157831 -0.157831 -0.157831 -0.157831 -0.157831 -0.157831 -0.157831 -0.157831 -0.157831 -0.157831 -0.157831 -0.157831 -0.157831 -0.157831 -0.157831 -0.157831 -0.157831 -0.157831 -0.157831 -0.157831 -0.157831 -0.157831 -0.157831 -0.157831 -0.157831 -0.157831 -0.157831 -0.157831 -0.157831 -0.157831 -0.157831 -0.157831 -0.157831 -0.157831 -0.157831 -0.157831 -0.157831 -0.157831 -0.157831 -0.157831 -0.157831 -0.157831 -0.157831 -0.157831 -0.157831 -0.157831 -0.157831 -0.157831 -0.157831 -0.157831 -0.157831 -0.157831 -0.157831 -0.157831 -0.157831 -0.157831 -0.157831 -0.157831 -0.157831 -0.157831 -0.157831 -0.157831 -0.157831 -0.157831 -0.157831 -0.157831 -0.157831 -0.157831 -0.157831 -0.157831 -0.157831 -0.157831 -0.157831 -0.157831 -0.157831 -0.157831 -0.157831 -0.157831 -0.157831 -0.157831 -0.157831 -0.157831 -0.157831 -0.157831 -0.157831 -0.157831 -0.157831 -0.157831 -0.157831 -0.157831 -0.157831 -0.157831 -0.157831 -0.157831 -0.157831 -0.157831 -0.157831 -0.157831 -0.157831 -0.157831 -0.157831 -0.157831 -0.157831 -0.157831 -0.157831 -0.157831 -0.157831 -0.157831 -0.157831 -0.157831 -0.157831 -0.157831 -0.157831 -0.157831 -0.157831 -0.157831 -0.157831 -0.157831 -0.157831 -0.157831 -0.157831 -0.157831 -0.157831 -0.157831 -0.157831 -0.157831 -0.157831 -0.157831 -0.157831 -0.157831 -0.157831 -0.157831 -0.157831 -0.157831 -0.157831 -0.157831 -0.157831 -0.157831 -0.157831 -0.157831 -0.157831 -0.157831 -0.157831 -0.157831 -0.157831 -0.157831 -0.157831 -0.157831 -0.157831 -0.157831 -0.157831 -0.157831 -0.157831 -0.157831 -0.157831 -0.157831 -0.157831 -0.157831 -0.157831 -0.157831 -0.157831 -0.157831 -0.157831 -0.157831 -0.157831 -0.157831 -0.157831 -0.157831 -0.157831 -0.157831 -0.157831 -0.157831 -0.157831 -0.157831 -0.157831 -0.157831 -0.157831 -0.157831 -0.157831 -0.157831 -0.157831 -0.157831 -0.157831 -0.157831 -0.157831 -0.157831 -0.157831 -0.157831 -0.157831 -0.157831 -0.157831 -0.157831 -0.157831 -0.157831 -0.157831 -0.157831 -0.157831 -0.157831 -0.157831 -0.157831 -0.157831 -0.157831 -0.157831 -0.157831 -0.157831 -0.157831 -0.157831 -0.157831 -0.157831 -0.157831 -0.157831 -0.157831 -0.157831 -0.157831 -0.157831 -0.157831 -0.157831 -0.157831 -0.157831 -0.157831 -0.157831 -0.157831 
Shapelet  27  -0.176763 -0.176763 -0.176763 -0.176763 -0.176763 -0.176763 -0.176763 -0.176763 -0.176763 -0.176763 -0.176763 -0.176763 -0.176763 -0.176763 -0.176763 -0.176763 -0.176763 -0.176763 -0.176763 -0.176763 -0.176763 -0.176763 -0.176763 -0.176763 -0.176763 -0.176763 -0.176763 -0.176763 -0.176763 -0.176763 -0.176763 -0.176763 -0.176763 -0.176763 -0.176763 -0.176763 -0.176763 -0.176763 -0.176763 -0.176763 -0.176763 -0.176763 -0.176763 -0.176763 -0.176763 -0.176763 -0.176763 -0.176763 -0.176763 -0.176763 -0.176763 -0.176763 -0.176763 -0.176763 -0.176763 -0.176763 -0.176763 -0.176763 -0.176763 -0.176763 -0.176763 -0.176763 -0.176763 -0.176763 -0.176763 -0.176763 -0.176763 -0.176763 -0.176763 -0.176763 -0.176763 -0.176763 -0.176763 -0.176763 -0.176763 -0.176763 -0.176763 -0.176763 -0.176763 -0.176763 -0.176763 -0.176763 -0.176763 -0.176763 -0.176763 -0.176763 -0.176763 -0.176763 -0.176763 -0.176763 -0.176763 -0.176763 -0.176763 -0.176763 -0.176763 -0.176763 -0.176763 -0.176763 -0.176763 -0.176763 -0.176763 -0.176763 -0.176763 -0.176763 -0.176763 -0.176763 -0.176763 -0.176763 -0.176763 -0.176763 -0.176763 -0.176763 -0.176763 -0.176763 -0.176763 -0.176763 -0.176763 -0.176763 -0.176763 -0.176763 -0.176763 -0.176763 -0.176763 -0.176763 -0.176763 -0.176763 -0.176763 -0.176763 -0.176763 -0.176763 -0.176763 -0.176763 -0.176763 -0.176763 -0.176763 -0.176763 -0.176763 -0.176763 -0.176763 -0.176763 -0.176763 -0.176763 -0.176763 -0.176763 -0.176763 -0.176763 -0.176763 -0.176763 -0.176763 -0.176763 -0.176763 -0.176763 -0.176763 -0.176763 -0.176763 -0.176763 -0.176763 -0.176763 -0.176763 -0.176763 -0.176763 -0.176763 -0.176763 -0.176763 -0.176763 -0.176763 -0.176763 -0.176763 -0.176763 -0.176763 -0.176763 -0.176763 -0.176763 -0.176763 -0.176763 -0.176763 -0.176763 -0.176763 -0.176763 -0.176763 -0.176763 -0.176763 -0.176763 -0.176763 -0.176763 -0.176763 -0.176763 -0.176763 -0.176763 -0.176763 -0.176763 -0.176763 -0.176763 -0.176763 -0.176763 -0.176763 -0.176763 -0.176763 -0.176763 -0.176763 -0.176763 -0.176763 -0.176763 -0.176763 -0.176763 -0.176763 -0.176763 -0.176763 -0.176763 -0.176763 -0.176763 -0.176763 -0.176763 -0.176763 -0.176763 -0.176763 -0.176763 -0.176763 -0.176763 -0.176763 -0.176763 -0.176763 -0.176763 -0.176763 -0.176763 -0.176763 -0.176763 -0.176763 -0.176763 -0.176763 -0.176763 -0.176763 -0.176763 -0.176763 -0.176763 -0.176763 -0.176763 -0.176763 -0.176763 -0.176763 -0.176763 -0.176763 -0.176763 -0.176763 -0.176763 -0.176763 -0.176763 -0.176763 -0.176763 -0.176763 -0.176763 -0.176763 -0.176763 -0.176763 -0.176763 -0.176763 -0.176763 -0.176763 -0.176763 -0.176763 -0.176763 -0.176763 -0.176763 -0.176763 -0.176763  0.431196  0.431196  0.431196  0.431196 -0.176763  1.244926 
Shapelet  28  -0.129958 -0.129958 -0.129958 -0.129958 -0.129958 -0.129958 -0.129958 -0.129958 -0.109465  3.968589  2.021779  8.190092 
Shapelet  30  -0.111904 -0.128028 -0.128028 -0.111904 -0.128028 -0.128028 -0.111904 -0.128028 -0.111904 -0.128028 -0.128028 -0.111904 -0.128028 -0.128028 -0.111904 -0.128028 -0.128028 -0.111904 -0.128028 -0.128028 -0.111904 -0.128028 -0.128028 -0.111904 -0.128028 -0.111904 -0.128028 -0.128028 -0.111904 -0.128028 -0.128028 -0.111904 -0.128028 -0.111904 -0.128028 -0.128028 -0.111904 -0.128028 -0.128028 -0.111904 -0.128028 -0.128028 -0.111904 -0.128028 -0.111904 -0.128028 -0.128028 -0.111904 -0.128028 -0.128028 -0.111904 -0.128028 -0.111904 -0.128028 -0.128028 -0.111904 -0.128028 -0.128028 -0.111904 -0.128028 -0.128028 -0.111904 -0.128028 -0.111904 -0.128028 -0.128028 -0.111904 -0.128028 -0.128028 -0.111904 -0.128028 -0.128028 -0.111904 -0.128028 -0.111904 -0.128028 -0.128028 -0.111904 -0.128028 -0.128028 -0.111904 -0.128028 -0.111904 -0.128028 -0.128028 -0.111904 -0.128028 -0.128028 -0.111904 -0.128028 -0.111904 -0.128028 -0.128028 -0.111904 -0.128028 -0.128028 -0.111904 -0.128028 -0.111904 -0.128028 -0.128028 -0.111904 -0.128028 -0.128028 -0.111904 -0.128028 -0.111904 -0.128028 -0.128028 -0.111904 -0.128028 -0.128028 -0.111904 -0.128028 -0.128028 -0.111904 -0.128028 -0.111904 -0.128028 -0.128028 -0.111904 -0.128028 -0.128028 -0.111904 -0.128028 -0.111904 -0.128028 -0.128028 -0.111904 -0.128028 -0.128028 -0.111904 -0.128028 -0.111904 -0.128028 -0.128028 -0.111904 -0.128028 -0.128028 -0.111904 -0.128028 -0.111904 -0.128028 -0.128028 -0.111904 -0.128028 -0.128028 -0.111904 -0.128028 -0.111904 -0.128028 -0.128028 -0.111904 -0.128028 -0.128028 -0.111904 -0.128028 -0.111904 -0.128028 -0.128028 -0.111904 -0.128028 -0.128028 -0.111904 -0.128028 -0.111904 -0.128028 -0.128028 -0.111904 -0.128028 -0.128028 -0.111904 -0.128028 -0.111904 -0.128028 -0.128028 -0.111904 -0.128028 -0.128028 -0.111904 -0.128028 -0.111904 -0.128028 -0.128028 -0.111904 -0.128028 -0.128028 -0.111904 -0.128028 -0.128028 -0.111904 -0.128028 -0.111904 -0.128028 -0.128028 -0.111904 -0.128028 -0.128028 -0.111904 -0.128028 -0.111904 -0.128028 -0.128028 -0.111904 -0.128028 -0.128028 -0.111904 -0.128028 -0.111904 -0.128028 -0.128028 -0.111904 -0.128028 -0.128028 -0.111904 -0.128028 -0.128028 -0.111904 -0.128028 -0.111904 -0.128028 -0.128028 -0.111904 -0.128028 -0.128028 -0.111904 -0.128028 -0.111904 -0.128028 -0.128028 -0.111904 -0.128028 -0.128028 -0.111904 -0.128028 -0.111904 -0.128028 -0.128028 -0.111904 -0.128028 -0.128028 -0.111904 -0.128028 -0.111904 -0.128028 -0.128028 -0.111904 -0.128028 -0.128028 -0.111904 -0.128028 -0.111904 -0.128028 -0.128028 -0.111904 -0.128028 -0.128028 -0.111904 -0.128028 -0.111904 -0.128028 -0.128028 -0.111904 -0.128028 -0.111904 -0.128028 -0.128028 -0.111904 -0.128028 -0.128028 -0.111904 -0.128028 -0.128028 -0.111904 -0.128028 -0.111904 -0.128028 -0.128028 -0.111904 -0.128028 -0.128028 -0.111904 -0.128028 -0.111904 -0.128028 -0.128028 -0.111904 -0.128028 -0.128028 -0.111904 -0.128028 -0.111904 -0.128028 -0.128028 -0.111904 -0.128028 -0.128028 -0.111904 -0.128028 -0.111904 -0.128028 -0.128028 -0.111904 -0.128028 -0.128028 -0.111904 -0.128028 -0.111904 -0.128028 -0.128028 -0.111904 -0.128028 -0.128028 -0.111904 -0.128028 -0.111904 -0.128028 -0.128028 -0.111904 -0.128028 -0.111904 -0.128028 -0.128028 -0.111904 -0.128028 -0.128028 -0.111904 -0.128028 -0.128028 -0.111904 -0.128028 -0.111904 -0.128028 -0.128028 -0.111904 -0.128028 -0.128028 -0.111904 -0.128028 -0.111904 -0.128028 -0.128028 -0.111904 -0.128028 -0.128028 -0.111904 -0.128028 -0.128028 -0.111904 -0.128028 -0.111904 -0.128028 -0.128028 -0.111904 -0.128028 -0.128028 -0.111904 -0.128028 -0.128028 -0.111904 -0.128028 -0.111904 -0.128028 -0.128028 -0.111904 -0.128028 -0.128028 -0.111904 -0.128028 -0.128028 -0.111904 -0.128028 -0.111904 -0.128028 -0.128028 -0.111904 -0.128028 -0.128028 -0.111904 -0.128028 -0.128028 -0.111904 -0.128028 -0.111904 -0.128028 -0.128028 -0.111904 -0.128028 -0.128028 -0.111904 -0.128028 -0.128028 -0.111904 -0.128028 -0.128028 -0.111904 -0.128028 -0.128028 -0.111904 -0.128028 -0.128028 -0.111904 -0.128028 -0.128028 -0.111904 -0.128028 -0.111904 -0.128028 -0.128028 -0.111904 -0.128028 -0.128028 -0.111904 -0.128028 -0.128028 -0.111904 -0.128028 -0.128028 -0.111904 -0.128028 -0.128028 -0.111904 -0.128028 -0.111904 -0.128028 -0.128028 -0.111904 -0.128028 -0.128028 -0.111904 -0.128028 -0.128028 -0.111904 -0.128028 -0.128028 -0.111904 -0.128028 -0.111904 -0.128028 -0.128028 -0.111904 -0.128028 -0.128028 -0.111904 -0.128028 -0.128028 -0.111904 -0.128028 -0.128028 -0.111904 -0.128028 -0.128028 -0.111904 -0.128028 -0.111904 -0.128028 -0.128028 -0.111904 -0.128028 -0.128028 -0.111904 -0.128028 -0.128028 -0.111904 -0.128028 -0.128028 -0.111904 -0.128028 -0.128028 -0.111904 -0.128028 -0.111904 -0.128028 -0.128028 -0.111904 -0.128028 -0.128028 -0.111904 -0.128028 -0.128028 -0.111904 -0.128028 -0.128028 -0.111904 -0.128028 -0.128028 -0.111904 -0.128028 -0.111904 -0.128028 -0.128028 -0.111904 -0.128028 -0.128028 -0.111904 -0.128028 -0.128028 -0.111904 -0.128028 -0.128028 -0.111904 -0.128028 -0.111904 -0.128028 -0.128028 -0.111904 -0.128028 -0.128028 -0.111904 -0.128028 -0.128028 -0.111904 -0.128028 -0.128028 -0.111904 -0.128028 -0.111904 -0.128028 -0.128028 -0.111904 -0.128028 -0.128028 -0.111904 -0.128028 -0.128028 -0.111904 -0.128028 -0.111904 -0.128028 -0.128028 -0.111904 -0.128028 -0.128028 -0.111904 -0.128028 -0.128028 -0.111904 -0.128028 -0.128028 -0.111904 -0.128028 -0.128028 -0.111904 -0.128028 -0.111904 -0.128028 -0.128028 -0.111904 -0.128028 -0.128028 -0.111904 -0.128028 -0.128028 -0.111904 -0.128028 -0.128028 -0.111904 -0.128028 -0.128028 -0.111904 -0.128028 -0.128028 -0.111904 -0.128028 -0.128028 -0.111904 -0.128028 -0.128028 -0.111904 -0.128028 -0.128028 -0.111904 -0.128028 -0.128028 -0.111904 -0.128028 -0.128028 -0.111904 -0.128028 -0.128028 -0.111904 -0.128028 -0.128028 -0.111904 -0.128028 -0.128028 -0.111904 -0.128028 -0.128028 -0.111904 -0.128028 -0.128028 -0.111904 -0.128028 -0.128028 -0.111904 -0.128028 -0.128028 -0.111904 -0.128028 -0.128028 -0.111904 -0.128028 -0.128028 -0.111904 -0.128028 -0.128028 -0.111904 -0.128028 -0.128028 -0.111904 -0.128028 -0.128028 -0.111904 -0.128028 -0.128028 -0.111904 -0.128028 -0.128028 
Shapelet  31  -0.199123 -0.199123 -0.199123 -0.199123 -0.199123 -0.191564 -0.199123 -0.199123 -0.199123 -0.199123 -0.199123 -0.199123 -0.199123 -0.199123 -0.199123 -0.199123 -0.199123 -0.199123 


; cmd = ../../ShapeletResearch/Execs/FastShapelet ../../UCRArchive_2018//LargeKitchenAppliances/LargeKitchenAppliances_TRAIN.tsv 3 375 721 10 1 10 10 1 0 10 ../../UCRArchive_2018//LargeKitchenAppliances/tree.txt ../../UCRArchive_2018//LargeKitchenAppliances/time.txt
; time =>  2683.699  52.823  99.427  11.522 2509.470 
