;Shapelet Tree 

;random seed:1551068562, rand()=1273910184, rand()=434165576
;command = ShapeletResearch/Execs/FastShapelet UCRArchive_2018//DodgerLoopWeekend/DodgerLoopWeekend_TRAIN.tsv 2 20 289 10 1 10 10 0 1 10 UCRArchive_2018//DodgerLoopWeekend/tree.txt UCRArchive_2018//DodgerLoopWeekend/time.txt 

;Local Class:   0  1 
;Real  Class:   1  2 

;Node ID class   obj  pos  len  dist_th 
TreeSize: 4 
NonL  1    --     11    9  171   9.5627 ==>   0  10  /  10   0 
Leaf  2     2    
Leaf  3     1    

;Shapelet id   <data>
Shapelet   1  12.000000 11.000000  6.000000 10.000000 10.000000  9.000000  5.000000  5.000000  8.000000 10.000000  1.000000  6.000000  9.000000 11.000000  5.000000 12.000000  7.000000 10.000000 10.000000  5.000000 10.000000 11.000000 10.000000 12.000000  4.000000  6.000000  8.000000  6.000000  9.000000  4.000000  4.000000  8.000000  7.000000  4.000000  1.000000  2.000000  7.000000  4.000000  7.000000  3.000000  5.000000  1.000000  4.000000  9.000000  4.000000  2.000000  3.000000  3.000000  1.000000  1.000000  1.000000  3.000000  5.000000  3.000000  6.000000  2.000000  4.000000  7.000000  4.000000  4.000000  3.000000  1.000000  4.000000  3.000000  1.000000  6.000000  3.000000  4.000000  5.000000  6.000000  9.000000  8.000000  3.000000  2.000000  6.000000 10.000000  8.000000  7.000000  8.000000  9.000000  0.000000 13.000000  6.000000  6.000000 14.000000 10.000000 14.000000 10.000000 10.000000  9.000000 11.000000 12.000000  8.000000 14.000000 11.000000 11.000000 18.000000 20.000000 18.000000 24.000000 17.000000 10.000000 11.000000 12.000000 20.000000 21.000000 21.000000 20.000000 18.000000 31.000000 17.000000 19.000000 24.000000 20.000000 19.000000 19.000000 19.000000 18.000000 15.000000 19.000000 19.000000 18.000000 24.000000 18.000000 13.000000 23.000000 23.000000 23.000000 20.000000  9.000000 32.000000 45.000000 29.000000 24.000000 21.000000 18.000000 20.000000 28.000000 24.000000 15.000000 25.000000 16.000000 38.000000 25.000000 25.000000 21.000000 20.000000 28.000000 23.000000 19.000000 19.000000 23.000000 14.000000 32.000000 27.000000 29.000000 30.000000 33.000000 20.000000 37.000000 26.000000 42.000000 35.000000 33.000000 23.000000 24.000000 36.000000 28.000000 26.000000 28.000000 27.000000 


; cmd = ShapeletResearch/Execs/FastShapelet UCRArchive_2018//DodgerLoopWeekend/DodgerLoopWeekend_TRAIN.tsv 2 20 289 10 1 10 10 0 1 10 UCRArchive_2018//DodgerLoopWeekend/tree.txt UCRArchive_2018//DodgerLoopWeekend/time.txt
; time =>    5.904   0.233   1.701   0.140   3.658 
