;Shapelet Tree 

;random seed:1551068633, rand()=914327052, rand()=1923456794
;command = ShapeletResearch/Execs/FastShapelet UCRArchive_2018//DistalPhalanxTW/DistalPhalanxTW_TRAIN.tsv 6 400 81 10 1 10 10 0 1 10 UCRArchive_2018//DistalPhalanxTW/tree.txt UCRArchive_2018//DistalPhalanxTW/time.txt 

;Local Class:   0  1  2  3  4  5 
;Real  Class:   8  5  6  4  7  3 

;Node ID class   obj  pos  len  dist_th 
TreeSize: 96 
NonL  1    --    152   21   56   3.2116 ==>   0  82  30  28  15  29  / 213   0   0   0   3   0 
NonL  2    --     25   29   43   2.0271 ==>   0   1   0   6   1  27  /   0  81  30  22  14   2 
Leaf  3     8    
NonL  4    --     31   31   44   0.8102 ==>   0   1   0   5   0   2  /   0   0   0   1   1  25 
NonL  5    --    119   13   44   1.5001 ==>   0  20  25   3   9   1  /   0  61   5  19   5   1 
NonL  8    --      4    5   70   1.2389 ==>   0   1   0   0   0   2  /   0   0   0   5   0   0 
Leaf  9     3    
NonL 10    --      5    8   56   1.5499 ==>   0  20  15   1   9   0  /   0   0  10   2   0   1 
NonL 11    --     18   34   38   0.7270 ==>   0   0   0   7   0   0  /   0  61   5  12   5   1 
NonL 16    --      0    5   17   0.4569 ==>   0   1   0   0   0   0  /   0   0   0   0   0   2 
Leaf 17     4    
NonL 20    --      1   15   48   0.9047 ==>   0  14  10   0   0   0  /   0   6   5   1   9   0 
NonL 21    --      1   23   51   1.5703 ==>   0   0   9   0   0   0  /   0   0   1   2   0   1 
Leaf 22     4    
NonL 23    --     17   40   34   1.7192 ==>   0  38   3  12   0   1  /   0  23   2   0   5   0 
Leaf 32     5    
Leaf 33     3    
NonL 40    --      7   10   58   0.9378 ==>   0   3   8   0   0   0  /   0  11   2   0   0   0 
NonL 41    --      0    3   19   0.5809 ==>   0   0   5   1   2   0  /   0   6   0   0   7   0 
Leaf 42     6    
NonL 43    --      2   51   22   0.9667 ==>   0   0   1   0   0   1  /   0   0   0   2   0   0 
NonL 46    --      8   20   34   2.7077 ==>   0  38   0  12   0   1  /   0   0   3   0   0   0 
NonL 47    --     18   56   13   0.4928 ==>   0   2   0   0   5   0  /   0  21   2   0   0   0 
Leaf 80     6    
Leaf 81     5    
Leaf 82     6    
Leaf 83     7    
Leaf 86     6    
Leaf 87     4    
Leaf 92     5    
Leaf 93     6    
Leaf 94     7    
Leaf 95     5    

;Shapelet id   <data>
Shapelet   1  -0.141374 -0.461369 -0.575800 -0.648613 -0.523563 -0.281426  0.045472  0.374095  0.759934  1.091345  1.299564  1.098049  1.153672  1.218587  1.102762  1.184735  1.185664  1.366404  1.539245  1.734322  1.782045  1.652149  1.229207  0.830225  0.488194  0.101293 -0.220361 -0.543010 -0.721294  0.087686 -0.102346 -0.413579 -0.674168 -0.978166 -1.288736 -1.539235 -1.810451 -1.844282 -1.623153 -1.259929 -1.050050 -0.603810 -0.292112 -0.116815  0.079257 -0.170314 -0.433359 -0.826300 -1.150874 -1.445049 -1.689210 -1.863332 -1.751191 -1.485936 -1.165543 -0.868050 
Shapelet   2   0.879350  1.041146  1.260474  1.457402  1.505842  1.419736  1.357932  1.417366  1.502177  1.532569  1.511655  1.528270  1.345147  1.128740  0.961901  0.690523  0.467585  0.208882 -0.057977 -0.337235 -0.465168 -1.065236 -1.065236 -1.065236 -1.065236 -1.065236 -1.065236 -1.065236 -1.065236 -1.065236 -1.065236 -1.065236 -1.065236 -1.065236 -1.065236 -1.065236 -1.065236 -1.065236 -1.065236 -1.065236 -1.065236 -1.065236 -1.065236 
Shapelet   4   1.100712  1.493614  1.700993  1.671093  1.614283  1.581108  1.393449  1.457734  1.423277  1.447838  1.527430  1.463928  1.238893  0.924443  0.554607  0.189683 -0.163566 -0.434946 -0.681195 -0.372227 -0.427756 -0.606729 -0.877326 -1.040566 -1.216892 -1.305873 -1.455082 -1.381385 -1.172412 -1.105848 -1.085132 -0.859314 -0.675144 -0.479155 -0.353005 -0.326878 -0.431600 -0.608367 -0.897473 -1.120442 -1.256417 -1.490927 -1.465369 -1.365076 
Shapelet   5   1.406248  1.316685  1.148494  0.870092  0.617272  0.387033  0.134824 -0.109910 -0.464092 -0.774077 -0.916635 -0.993330 -0.915262 -0.687210 -0.409164 -0.088396  0.204958  0.545713  0.881688  1.189893  1.420488  1.481570  1.441950  1.515696  1.489504  1.512034  1.531818  1.527597  1.516866  1.459243  1.176416  0.813130  0.477461  0.121448 -0.237159 -0.560775 -0.796252 -0.128931  0.011897  0.135586  0.063875 -0.217883 -0.535244 -0.809017 
Shapelet   8   0.463948  0.761432  1.002262  1.095855  1.292428  1.329108  1.368284  1.367337  1.398937  1.221910  1.077774  0.957144  0.785713  0.501488  0.231470 -0.075830 -0.287126 -0.609925 -0.813903 -0.911715 -0.844555 -0.610442 -0.307877 -0.043886  0.319037  0.612044  0.977292  1.284420  1.441558  1.442160  1.435358  1.283043  1.269266  1.319378  1.413488  1.375603  1.623837  1.654059  1.450857  1.102830  0.680840  0.339099 -0.084182 -0.396907 -0.700591 -0.535360 -0.472333 -0.558694 -0.806239 -0.955800 -1.086564 -1.187563 -1.364064 -1.447085 -1.309501 -1.161525 -0.962946 -0.771884 -0.662620 -0.424460 -0.308480 -0.494548 -0.601659 -0.776534 -0.944348 -0.994890 -1.196810 -1.277764 -1.414633 -1.353482 
Shapelet  10   0.840658  1.008956  1.208260  1.433684  1.424143  1.356080  1.213612  1.052935  0.917332  0.663984  0.442109  0.096148 -0.287858 -0.651736 -0.902524 -0.992344 -0.937079 -0.862733 -0.590828 -0.268020  0.086724  0.471370  0.853806  1.237870  1.542120  1.583074  1.428215  1.311053  1.407215  1.301454  1.369692  1.449507  1.558932  1.600294  1.606053  1.197148  0.808837  0.358222 -0.035732 -0.416713 -0.766164 -0.855112  0.122676  0.293300  0.263922 -0.251848 -0.635214 -1.002176 -1.335105 -1.670012 -1.784557 -1.535689 -1.193102 -0.818171 -0.549350 -0.250510 
Shapelet  11   1.433183  1.309612  1.232485  1.286977  1.311289  1.298714  1.242462  1.360164  1.419015  1.523808  1.206162  0.764357  0.376542  0.000213 -0.321793 -0.638098 -0.259085 -0.176006 -0.405627 -0.613535 -0.791095 -1.129364 -1.480627 -1.745559 -1.795926 -1.578579 -1.283115 -0.958343 -0.625607 -0.464478 -0.170305 -0.056878 -0.241983 -0.499772 -0.742387 -0.962115 -1.256791 -1.396542 
Shapelet  16   0.269749  0.528869  0.805158  0.987507  1.132676  1.243835  1.388910  1.399458  1.344446  1.282670  1.144407  0.972512  0.700006  0.553986  0.340182  0.085367 -0.155730 
Shapelet  20   0.977356  0.726308  0.588423  0.281880  0.061916 -0.269400 -0.585253 -0.771134 -0.871211 -0.761410 -0.655954 -0.502191 -0.194924  0.138668  0.413455  0.768615  1.146014  1.441230  1.581339  1.483537  1.392665  1.389769  1.477434  1.512345  1.543428  1.555220  1.606113  1.409578  1.048057  0.690621  0.348444  0.034815 -0.296967 -0.592338 -0.814682 -0.041006 -0.024301 -0.138239 -0.451557 -0.714604 -0.990270 -1.308812 -1.576420 -1.778339 -1.620413 -1.374393 -1.039818 -0.791459 
Shapelet  21  -0.778259 -0.929779 -0.942762 -0.722528 -0.489020 -0.225219  0.127822  0.457646  0.794136  1.130042  1.452147  1.518521  1.379925  1.286533  1.299516  1.306943  1.364136  1.353492  1.483375  1.425071  1.160978  0.856475  0.448757  0.108348 -0.175453 -0.504809 -0.793347  0.000570  0.046243  0.057880 -0.224459 -0.558025 -0.897206 -1.280305 -1.564884 -1.715872 -1.662679 -1.418960 -1.119194 -0.820072 -0.445160 -0.224400  0.097120  0.053436 -0.082237 -0.374283 -0.724867 -1.070013 -1.275802 -1.570281 -1.713270 
Shapelet  23   1.716306  1.761700  1.439465  1.078693  0.702259  0.320846 -0.041659 -0.394277 -0.682520 -0.852911  0.044944  0.053387 -0.201441 -0.535151 -0.852983 -1.276615 -1.531660 -1.699388 -1.767610 -1.526248 -1.238582 -0.943266 -0.620238 -0.293457 -0.095858 -0.380348 -0.649827 -0.897656 -1.076491 -1.323669 -1.188280 -1.101533 -1.071583 -1.082192 
Shapelet  40   1.436991  1.471877  1.409194  1.345625  1.269044  1.229960  0.919297  0.666607  0.339388  0.003587 -0.332075 -0.584672 -0.776964 -1.022053 -1.067292 -0.861568 -0.615220 -0.284643  0.057688  0.403750  0.752143  1.102076  1.341521  1.442214  1.392917  1.442261  1.526911  1.410500  1.478779  1.429575  1.432513  1.478266  1.351828  1.044990  0.693285  0.329873 -0.017028 -0.360338 -0.696745 -0.957831 -0.005415 -0.038155 -0.189266 -0.504872 -0.770855 -1.112113 -1.410369 -1.641135 -1.738321 -1.477996 -1.188834 -0.948270 -0.653278 -0.385103 -0.057324  0.097937  0.121070 -0.113571 
Shapelet  41  -0.411844 -0.093060  0.276137  0.604135  0.866288  1.160835  1.213418  1.405733  1.472988  1.492178  1.386836  1.268055  1.063004  0.877731  0.645451  0.361232  0.074197 -0.267945 -0.399285 
Shapelet  43  -0.261661 -0.066999 -0.243007 -0.486027 -0.718256 -0.900635 -1.129290 -1.395552 -1.711431 -1.694136 -1.435147 -1.169717 -0.940152 -0.756929 -0.557977 -0.359350 -0.224614 -0.273945 -0.541598 -0.753939 -1.021007 -1.277363 
Shapelet  46  -0.793061 -0.918200 -0.853434 -0.623170 -0.288759  0.065586  0.358094  0.734896  1.095913  1.457418  1.624298  1.730317  1.553511  1.388583  1.238709  1.297861  1.405182  1.496962  1.650172  1.747729  1.729259  1.479875  1.118777  0.758329  0.383642  0.029297 -0.321224 -0.589892 -0.929347 -1.014781 -0.052719 -0.048000 -0.282332 -0.491196 
Shapelet  47  -1.229343 -1.522924 -1.641245 -1.482835 -1.255488 -0.960031 -0.895540 -0.618854 -0.274861 -0.088988 -0.150752 -0.365183 -0.617692 


; cmd = ShapeletResearch/Execs/FastShapelet UCRArchive_2018//DistalPhalanxTW/DistalPhalanxTW_TRAIN.tsv 6 400 81 10 1 10 10 0 1 10 UCRArchive_2018//DistalPhalanxTW/tree.txt UCRArchive_2018//DistalPhalanxTW/time.txt
; time =>   12.391   0.840   4.844   0.618   5.578 
