;Shapelet Tree 

;random seed:1551069726, rand()=1981177583, rand()=1853620177
;command = ShapeletResearch/Execs/FastShapelet UCRArchive_2018//FaceAll/FaceAll_TRAIN.tsv 14 560 132 10 1 10 10 0 1 10 UCRArchive_2018//FaceAll/tree.txt UCRArchive_2018//FaceAll/time.txt 

;Local Class:   0  1  2  3  4  5  6  7  8  9 10 11 12 13 
;Real  Class:   1  2  3  4  5  6  7  8  9 10 11 12 13 14 

;Node ID class   obj  pos  len  dist_th 
TreeSize: 256 
NonL  1    --     95   18  109   9.6532 ==>  36   0  39   3   5  23  37  33  40  40   0  31   1   0  /   4  40   1  37  35  17   3   7   0   0  40   9  39  40 
NonL  2    --    207   18   74   6.1846 ==>  36   0   0   0   0   0   0   0  40   0   0   0   0   0  /   0   0  39   3   5  23  37  33   0  40   0  31   1   0 
NonL  3    --     85    9   50   5.4233 ==>   0   0   0   0  34   0   0   7   0   0   0   0  26   0  /   4  40   1  37   1  17   3   0   0   0  40   9  13  40 
NonL  4    --      7   26   25   2.2937 ==>  36   0   0   0   0   0   0   0   0   0   0   0   0   0  /   0   0   0   0   0   0   0   0  40   0   0   0   0   0 
NonL  5    --     26   31   37   4.1348 ==>   0   0  38   0   0   0   0  32   0   9   0  30   0   0  /   0   0   1   3   5  23  37   1   0  31   0   1   1   0 
NonL  6    --     43   28   38   4.3264 ==>   0   0   0   0   0   0   0   7   0   0   0   0  26   0  /   0   0   0   0  34   0   0   0   0   0   0   0   0   0 
NonL  7    --    107   20   95   9.9592 ==>   3   9   0   1   0   0   1   0   0   0  36   9  11   0  /   1  31   1  36   1  17   2   0   0   0   4   0   2  40 
Leaf  8     1    
Leaf  9     9    
NonL 10    --      5   47   51   4.5149 ==>   0   0  38   0   0   0   0   0   0   0   0   0   0   0  /   0   0   0   0   0   0   0  32   0   9   0  30   0   0 
NonL 11    --     96   33   62   5.6364 ==>   0   0   0   0   0   0   0   0   0  31   0   0   0   0  /   0   0   1   3   5  23  37   1   0   0   0   1   1   0 
NonL 12    --     12   60   64   7.9276 ==>   0   0   0   0   0   0   0   0   0   0   0   0  26   0  /   0   0   0   0   0   0   0   7   0   0   0   0   0   0 
Leaf 13     5    
NonL 14    --     47   25  101  10.4181 ==>   0   8   0   1   0   0   1   0   0   0  36   1   0   0  /   3   1   0   0   0   0   0   0   0   0   0   8  11   0 
NonL 15    --      3   12   75   8.5087 ==>   1  31   0   0   0   0   0   0   0   0   0   0   0   4  /   0   0   1  36   1  17   2   0   0   0   4   0   2  36 
Leaf 20     3    
NonL 21    --     32   31   37   4.2719 ==>   0   0   0   0   0   0   0   0   0   9   0  30   0   0  /   0   0   0   0   0   0   0  32   0   0   0   0   0   0 
Leaf 22    10    
NonL 23    --     62   33   57   6.0041 ==>   0   0   0   0   0   0  37   0   0   0   0   0   0   0  /   0   0   1   3   5  23   0   1   0   0   0   1   1   0 
Leaf 24    13    
Leaf 25     8    
NonL 28    --     22    9   29   3.4880 ==>   0   0   0   0   0   0   0   0   0   0  35   0   0   0  /   0   8   0   1   0   0   1   0   0   0   1   1   0   0 
NonL 29    --     12   18   49   5.0014 ==>   0   0   0   0   0   0   0   0   0   0   0   0  11   0  /   3   1   0   0   0   0   0   0   0   0   0   8   0   0 
NonL 30    --     13   31   97  11.5719 ==>   0  31   0   0   0   0   0   0   0   0   0   0   0   0  /   1   0   0   0   0   0   0   0   0   0   0   0   0   4 
NonL 31    --     64   53   77   8.9724 ==>   0   0   0   0   0   0   0   0   0   0   0   0   1  32  /   0   0   1  36   1  17   2   0   0   0   4   0   1   4 
NonL 42    --     16   32   79   5.9427 ==>   0   0   0   0   0   0   0   0   0   0   0  28   0   0  /   0   0   0   0   0   0   0   0   0   9   0   2   0   0 
Leaf 43     8    
Leaf 46     7    
NonL 47    --     30   13   47   4.8470 ==>   0   0   0   0   0  23   0   1   0   0   0   0   0   0  /   0   0   1   3   5   0   0   0   0   0   0   1   1   0 
Leaf 56    11    
NonL 57    --      4    9   50   4.8399 ==>   0   8   0   0   0   0   0   0   0   0   0   0   0   0  /   0   0   0   1   0   0   1   0   0   0   1   1   0   0 
Leaf 58    13    
NonL 59    --      7   10   87   6.7239 ==>   0   0   0   0   0   0   0   0   0   0   0   8   0   0  /   3   1   0   0   0   0   0   0   0   0   0   0   0   0 
Leaf 60     2    
NonL 61    --      0    4  126   5.6169 ==>   1   0   0   0   0   0   0   0   0   0   0   0   0   0  /   0   0   0   0   0   0   0   0   0   0   0   0   0   4 
Leaf 62    14    
NonL 63    --      0   19   49   6.3656 ==>   0   0   1   3   1  17   2   0   0   0   2   0   0   1  /   0   0   0  33   0   0   0   0   0   0   2   0   1   3 
Leaf 84    12    
NonL 85    --      9   11   23   1.3389 ==>   0   0   0   0   0   0   0   0   0   0   0   2   0   0  /   0   0   0   0   0   0   0   0   0   9   0   0   0   0 
Leaf 94     6    
NonL 95    --      6    3   92   6.2130 ==>   0   0   0   0   5   0   0   0   0   0   0   0   0   0  /   0   0   1   3   0   0   0   0   0   0   0   1   1   0 
Leaf 114     2    
NonL 115    --      0    0  129  12.5064 ==>   0   0   0   1   0   0   0   0   0   0   1   0   0   0  /   0   0   0   0   0   0   1   0   0   0   0   1   0   0 
Leaf 118    12    
NonL 119    --      3    0  130   4.9469 ==>   0   1   0   0   0   0   0   0   0   0   0   0   0   0  /   3   0   0   0   0   0   0   0   0   0   0   0   0   0 
Leaf 122     1    
Leaf 123    14    
NonL 126    --      6   26   47   7.0784 ==>   0   0   0   0   0  17   0   0   0   0   1   0   0   1  /   0   0   1   3   1   0   2   0   0   0   1   0   0   0 
NonL 127    --     38    0  129  12.3380 ==>   0   0   0   0   0   0   0   0   0   0   2   0   1   3  /   0   0   0  33   0   0   0   0   0   0   0   0   0   0 
Leaf 170    12    
Leaf 171    10    
Leaf 190     5    
Leaf 191     4    
Leaf 230     4    
Leaf 231     7    
Leaf 238     2    
Leaf 239     1    
Leaf 252     6    
Leaf 253     4    
Leaf 254    14    
Leaf 255     4    

;Shapelet id   <data>
Shapelet   1  -0.027216  0.532091  0.091438 -1.062331 -2.211091 -3.024011 -2.828210 -1.471565  0.451553  2.183622  2.975273  2.921240  2.492454  1.841338  0.986756  0.027445 -1.126589 -2.051425 -2.464624 -1.954611 -0.770287  0.386354  1.176907  1.047154  0.671263  0.169917 -0.170332 -0.276934 -0.419961 -0.514202 -0.712820 -0.624514 -0.287332 -0.091861 -0.079878 -0.273458 -0.335371  0.004637  0.643554  0.890083  0.910111  0.674628  0.478028  0.429415  0.245946  0.218842  0.214922  0.167965  0.180690  0.009237  0.018804 -0.038154  0.063563  0.172351  0.123135 -0.010425 -0.217313 -0.393606 -0.561162 -0.335371 -0.287105 -0.110610 -0.119958 -0.065907  0.108058  0.278908  0.497033  0.530949  0.493038  0.448664  0.359255  0.299473  0.384211  0.503382  0.689669  0.692271  0.584253  0.409728  0.265485  0.213275  0.037678 -0.051821 -0.201149 -0.222212 -0.196220 -0.061077  0.033688  0.176264  0.183936  0.191748 -0.005940 -0.105933 -0.251505 -0.096371 -0.045908  0.015408  0.199559  0.488905  0.846066  0.595425  0.254006 -0.074305 -0.018820  0.207698  0.264346 -0.097882 -0.561187 -0.789383 -0.779770 
Shapelet   2  -0.505487 -1.183210 -1.335619 -1.838630 -1.892848 -1.210786  0.077708  1.682690  2.548439  2.447496  1.734352  0.742905  0.073061 -0.551367 -1.183561 -1.812700 -2.156401 -1.806943 -0.817523  0.268799  0.985282  0.942775  0.315354 -0.526313 -1.509903 -2.231155 -2.433542 -2.115740 -0.879966  0.596038  1.574376  2.465530  2.612628  1.920053  1.275645  0.307026 -0.427627 -0.197918  0.145939  0.506162  0.515416  0.083000 -0.226179 -0.239378 -0.144842  0.127204  0.280877  0.109512  0.157478 -0.177446 -0.409443 -0.328350 -0.326366 -0.127666 -0.112265 -0.416963 -0.422000 -0.282322 -0.073743  0.227697  0.055155 -0.167642 -0.197563 -0.139894  0.397682  0.581019  0.790897  0.772450  0.243336  0.082898 -0.252246 -0.379813  0.032905  0.365038 
Shapelet   3  -0.225589  0.329886  1.153654  1.898553  2.365228  2.415630  2.013282  1.232808  0.322746 -0.455045 -0.600224 -0.733074 -1.182036 -1.542111 -1.830620 -1.284964 -1.109528 -1.403569 -1.413235 -0.672867  0.814428  2.005271  2.392199  2.113837  1.639698  1.038400  0.582630 -0.040707 -0.672186 -1.106135 -1.123420 -0.623712 -0.261486 -0.299027 -1.161633 -1.892481 -2.047933 -1.029560  0.761216  1.350370  0.836162  0.029923  0.078413  1.297521  1.719078  0.583427 -0.715643 -1.445145 -1.026429 -0.318992 
Shapelet   4   2.563898  1.887614  1.237955  0.886499  0.535043  0.124310 -0.290582 -0.880000 -1.516685 -1.829208 -1.958872 -1.540214 -0.554958  0.091112  0.091112 -0.117586 -1.178469 -2.165456 -1.723777 -1.282098 -0.531709  0.252357  0.312671  0.136979  0.649280 
Shapelet   5   0.688234 -0.889105 -2.185112 -2.548941 -2.003370 -0.927623  0.342916  1.334536  1.545715  1.281846  0.271705 -0.409368 -0.541633 -0.599910 -0.388826 -0.450586 -0.583238 -0.547110 -0.521130 -0.293104 -0.129880 -0.201621 -0.293890 -0.312904  0.054231  0.565823  0.873924  0.913123  0.654179  0.447194  0.317866  0.236756  0.211170  0.180609  0.052783  0.112707 -0.070563 
Shapelet   6   2.055690  1.378528  0.621167  0.015658 -0.686502 -1.235406 -1.586341 -1.229868 -0.648068 -0.121645 -0.216119 -1.234434 -2.219256 -2.368817 -1.584221 -0.364931  0.480505  0.820928  1.146948  0.924390  0.815661  1.000822  1.204237  1.332795  0.989054  0.247295 -0.185595 -0.242258 -0.084968  0.270045  0.356902  0.189433 -0.008866 -0.192114 -0.068249  0.030584 -0.007381 -0.066031 
Shapelet   7  -2.408354 -2.008563 -1.432664 -0.734180 -0.008088  0.711385  0.941163  0.902338  0.581808  0.312025  0.017913 -0.324465 -0.712586 -1.073190 -1.318955 -1.584658 -1.831314 -1.892260 -1.618196 -1.088700 -0.212688  0.740835  1.788185  2.475846  2.905512  2.905512  2.633672  2.219751  1.576220  1.027277  0.573148  0.545947  0.480203  0.381055  0.252589  0.127742  0.008961 -0.293812 -0.572921 -0.723814 -0.740747 -0.692307 -0.561811 -0.387476 -0.185672  0.023876  0.234593  0.446478  0.449287  0.454066  0.483551  0.516704  0.430700  0.006646 -0.116434 -0.098744 -0.001633  0.013504 -0.019171  0.388530  0.565051  0.474825  0.177607 -0.002840  0.079498  0.173334  0.288850  0.467806  0.713956  0.940107  0.719619  0.497396  0.273741  0.546332  0.719390  0.751763  0.854496  0.962959  1.060553  0.681140  0.234181  0.175913  0.192424  0.231144 -0.010043 -0.063762  0.061269 -0.089289 -0.239751 -0.368769 -0.316032 -0.287933 -0.421589 -0.522500 -0.610299 
Shapelet  10  -0.330282 -0.619312 -0.648244 -0.546738 -0.329151 -0.215056 -0.222704 -0.353182 -0.214104  0.275477  0.702517  1.010979  0.884496  0.650993  0.488172  0.312525  0.228847  0.187626  0.195484  0.131220  0.011712 -0.034605 -0.080247  0.110893 -0.004046  0.035720  0.007645 -0.117705  0.043012 -0.140663 -0.261735 -0.400485 -0.476766 -0.245432 -0.129806  0.083125  0.238601  0.375549  0.452341  0.365886  0.392018  0.325191  0.258187  0.256734  0.329795  0.495194  0.743443  0.746019  0.615680  0.386589  0.123656 
Shapelet  11  -2.011913 -2.430631 -1.834403 -0.228051  0.384237  0.655416  0.296485 -0.181072 -0.432046 -0.512856 -0.445996 -0.275511  0.073635  0.048939 -0.067789 -0.407564 -0.853251 -0.695171 -0.144488  0.809093  1.609050  1.462754  1.099084  0.514955  0.259390  0.141069 -0.053533 -0.046978 -0.042610  0.154920  0.402380  0.428146  0.331084 -0.063066 -0.351759 -0.297495 -0.264232 -0.144419 -0.141066 -0.090808  0.059863 -0.019496 -0.121683 -0.187699 -0.060572  0.158947  0.406214  0.148333  0.060484 -0.065540 -0.252508 -0.450321 -0.927822 -0.907551  0.098070  0.767599  1.399205  1.156305  0.699440  0.877456  0.705088  0.598882 
Shapelet  12   0.239497  0.143387 -0.150792 -0.350655 -0.330459 -0.150084  0.043192  0.010394 -0.211531 -0.325319 -0.534398 -0.557082 -0.712284 -0.706849 -0.295459  0.012172  0.681400  0.866906  0.500077  0.086112 -0.141322  0.286699  1.231109  1.768873  1.654543  0.835534 -0.135950 -0.685311 -0.883810 -0.997845 -1.031719 -0.784883 -0.493494  0.294734  1.016269  1.304368  1.716398  1.516437  0.849050 -0.108307 -0.931644 -1.177654 -0.522492  0.024678  0.092768  0.096398 -0.058593  0.156287  0.311913  0.265909 -0.020399 -0.401856 -0.515388 -0.718540 -0.618082 -0.429456 -0.244140 -0.037109 -0.038387 -0.088772 -0.277194 -0.189769 -0.313809 -0.313809 
Shapelet  14  -0.852619  0.033043  1.087519  1.679595  1.679471  1.147649  0.662630  0.156272 -0.729583 -1.563442 -2.003889 -1.671359 -0.659167  0.338825  0.750582  0.527025 -0.124068 -0.554112 -0.659981 -0.405076 -0.102349 -0.155703 -0.584572 -1.460184 -2.065986 -2.004363 -1.157527  0.266041  1.374936  2.342530  2.346349  2.171010  1.685875  1.013931  0.746563  0.471839  0.292507  0.126139 -0.304544 -0.574844 -0.517201 -0.410757 -0.328915 -0.180836 -0.050840  0.656196  1.209091  1.006674  0.024958 -1.133376 -1.510954 -1.183366 -0.161908  0.086118  0.453893  0.812214  0.904399  0.898462  0.287667 -0.112141 -0.219272  0.335057  0.530558 -0.022425 -0.418641 -0.706444 -0.026673  0.782483  1.034504  0.740144  0.020513 -0.325459 -0.260516  0.191561  1.219722  1.352729  1.096255  0.597887 -0.301380 -0.315260 -0.419232 -0.188025  0.105900  0.366638  0.513708  0.180089 -0.269288 -0.898278 -1.087571 -0.712387 -0.406031  0.019163 -0.061563 -0.416597 -0.308178 -0.289722 -0.019242  0.175635  0.005510 -0.085232 -0.333634 
Shapelet  15   0.768701 -0.257293 -0.838006 -0.290532  0.959425  1.258179  0.429956 -0.804777 -0.846403 -0.144654 -0.377356 -1.005770 -1.425190 -0.296171  1.233389  1.917370  1.730102  0.866687  0.047810 -0.805089 -1.561634 -1.813460 -1.384194 -0.285817  0.602830  0.816682  0.493653  0.110654 -0.220981 -0.791726 -1.763678 -2.100111 -1.954381 -0.487988  0.703063  1.760134  1.546724  0.462587 -0.492400 -0.455852  0.629253  1.840273  1.965317  1.000665  0.046559 -0.202496  0.428315  0.887634 -0.000495 -0.685922 -1.074699 -0.354024  0.175560  0.003231 -0.084431 -0.001732  0.310466  0.061659 -0.388664 -0.672256 -0.220491  0.023545  0.431615  0.202147  0.266981  0.074196 -0.265524  0.094955  0.410779  0.185706 -1.337970 -2.395118 -1.291644  0.879556  2.477422 
Shapelet  21  -0.651900 -1.197465 -1.905685 -2.472453 -2.008649 -1.544845 -0.777788  0.037790  0.294651  0.184357  0.030100 -0.207686 -0.414678 -0.295261 -0.175843 -0.254082 -0.373500 -0.492320 -0.610688 -0.619486 -0.384793 -0.135093  0.389736  0.914566  1.072854  1.135523  1.046152  0.824358  0.606317  0.398127  0.191661  0.083452 -0.024757 -0.035276 -0.014712  0.005512  0.025396 
Shapelet  23  -1.834411 -2.250708 -2.210443 -1.615313 -0.717712  0.034656  0.545656  0.584031  0.300518 -0.038210 -0.425334 -0.870780 -1.243817 -1.593884 -1.660162 -1.243826 -0.535858  0.214160  0.721839  0.864108  0.768459  0.718482  0.899728  1.127708  1.465992  1.475831  0.964024  0.288428 -0.454801 -0.996893 -0.982487 -0.453678  0.160954  0.961776  1.043601  0.614583  0.194672 -0.336641 -0.905306 -1.196661 -1.078470 -0.743220  0.000013  0.670743  0.701831  0.327888 -0.239792 -0.643333 -0.662707 -0.295453  0.368092  0.893748  0.923107  1.106880  0.760613  0.139714 -0.230293 
Shapelet  28   0.679549  1.131618  1.321280  1.546185  1.695657  1.711416  1.747059  1.644394  1.077235  0.288118 -0.641544 -1.671593 -1.957319 -1.463787 -0.490804  0.253267  0.166120 -0.307877 -0.816490 -0.330505  0.790903  1.486799  1.919393  1.600282  0.698952 -0.100354 -1.131133 -1.850730 -1.684738 
Shapelet  29  -0.711273 -1.050603 -1.167190 -0.924626 -0.458102  0.125530  0.549572  0.146385 -0.436100 -0.977102 -0.854919  0.004459  1.133789  2.303072  2.364301  1.621900  0.100580 -1.292222 -1.827190 -2.154015 -2.300887 -2.539941 -2.566715 -1.548728 -0.864204  0.119888  0.802782  1.122993  1.633353  1.852502  1.667128  1.225116  0.891608  0.567896  0.690798  0.382296  0.119011 -0.074759 -0.124351 -0.037463 -0.221630 -0.292749 -0.150648  0.099077  0.187158 -0.030737 -0.342396 -0.392582 -0.253550 
Shapelet  30   1.362685  0.982825  0.043908 -0.955694 -1.243890 -1.226696 -1.229503 -0.630876  0.485297  0.983973  0.738591  0.013165 -0.256770 -1.249194 -1.723140 -1.082950  0.732068 -0.030826 -1.069640 -1.074389  0.493080  1.518695  1.077799  1.256905  1.672644  1.214331  0.366653 -0.320055 -0.314358  0.396281  1.276736 -0.483510 -0.689574 -0.334372 -0.406166 -1.023266  0.318003  1.053151  0.803654 -0.143207  0.009706 -0.312451 -0.614115 -0.754391 -0.870531  0.675461  1.625556  1.136071 -0.727419 -1.313596 -0.800359 -0.351951 -0.351648 -0.880759 -0.118880  0.163047 -0.155410  0.086091  3.458140  3.278304  0.858387 -1.133852 -1.117440  0.005039  0.033402 -0.723974 -1.411853 -1.097521  0.257881  1.048348  1.442824  1.527318  1.369149  0.476815 -0.609254 -0.690549  0.490912  1.028868 -0.651075 -1.147495 -0.244463  1.406001  0.513998 -0.847691 -1.348440 -0.663070  0.968024  0.517055 -0.312671 -0.798228 -0.627432 -0.192825  0.363646  0.299514  0.180687  0.572767  0.417808 
Shapelet  31   0.287062  0.255282 -0.205931 -0.344950  0.035700  0.688392  1.044667  0.911439  0.214570 -0.067481  0.043331  0.367520  0.486574  0.213474  0.154510  0.296240  0.664532  0.684647  0.431026  0.070683 -0.135089 -0.092118 -0.303319 -0.425385 -0.415769 -0.269267 -0.181082 -0.181194  0.023247  0.593467  1.164211  1.299952  0.961950  0.358409 -0.269186 -0.587862 -0.456849 -0.111751  0.318558  0.426765  0.326463  0.212239  0.266923  0.445159  0.268530 -0.175915 -0.631281 -0.800003 -0.513104 -0.104356  0.270432  0.663284  0.774010  0.773549  0.323814 -0.080553 -0.058560 -0.301458 -0.015683 -0.596974 -0.724212 -0.506643 -0.018496  0.340270 -0.175420 -0.052241  0.130745  0.966958  1.062294  1.644363  2.823444  2.588692  0.686335 -2.759342 -3.596878 -2.744818 -1.044264 
Shapelet  42  -1.336243 -2.153139 -2.632953 -2.373904 -1.482076 -0.474051  0.343560  0.779967  0.725594  0.290145 -0.192453 -0.533339 -0.640056 -0.533223 -0.428578 -0.417716 -0.492081 -0.652483 -0.869391 -1.052329 -0.671795 -0.009028  0.608873  1.128972  1.485998  1.426625  1.176843  0.905055  0.663947  0.537167  0.522789  0.220365  0.086053  0.027723 -0.166120 -0.418888 -0.422739 -0.474728 -0.481948 -0.343139 -0.174272 -0.051434  0.114058  0.064327  0.102396  0.128693 -0.036138 -0.440292 -0.608769 -0.724559 -0.959213 -0.803037 -0.243584  0.285420  0.542940  0.972746  0.996049  0.669850  0.202078 -0.195792 -0.391613 -0.307970 -0.056550  0.277534  0.588893  0.693031  0.680716  0.698196  0.700313  0.639817  0.482792  0.212902 -0.223106 -0.500337 -0.580443 -0.517558 -0.410435 -0.209230 -0.172597 
Shapelet  47   2.147204  1.988967  1.516995  0.642605 -0.380401 -1.036820 -0.972402 -0.355081  0.135939  0.341424 -0.367627 -1.540380 -2.702951 -2.817464 -1.379269  0.851974  2.441780  2.711291  2.072721  1.317869  0.585740 -0.046351 -0.647243 -1.245657 -1.642020 -1.844355 -1.511717 -0.437981  0.513461  1.180737  0.915474  0.325458 -0.220925 -0.361402 -0.117529  0.046976 -0.118479 -0.580049 -0.877560 -0.739917 -0.042834  0.441943  0.650122  0.727616  0.345968 -0.124412 -0.600511 
Shapelet  57   1.656607  1.541708  1.041325  0.571248  0.404236  0.237224  0.199850  0.215660  0.134384 -0.146461 -0.427305 -0.708149 -0.988993 -0.848785 -0.382601  0.068588  0.452297  0.836006  0.686076  0.402736  0.079157 -0.300407 -0.676649 -0.964854 -1.253059 -1.102545 -0.720485 -0.338425  0.043634  0.425694  0.126993 -0.255067 -0.826676 -1.581066 -2.211599 -1.992831 -1.774063 -1.255700 -0.635035  0.028582  0.767365  1.506149  1.845494  2.177443  2.100947  1.752154  1.419565  1.145038  0.870512  0.795510 
Shapelet  59  -1.270254 -0.415240  0.509331  1.441777  1.943876  2.241561  2.257267  1.938775  1.526583  0.813212  0.099679 -0.623297 -1.346273 -1.666626 -1.884183 -1.787544 -1.459879 -1.143313 -0.846832 -0.565589 -0.381498 -0.197407 -0.181807 -0.181807 -0.258163 -0.368041 -0.460993 -0.535206 -0.599991 -0.637120 -0.670488 -0.596644 -0.522800 -0.363590 -0.184817  0.107296  0.477127  0.820278  1.118559  1.397011  1.565297  1.733583  1.733050  1.720238  1.510953  1.222142  0.956704  0.715447  0.498362  0.346242  0.193118  0.021243 -0.150631 -0.110831 -0.027833  0.033305  0.080477  0.074171 -0.015839 -0.095876 -0.127047 -0.158217 -0.281756 -0.410243 -0.388364 -0.310534 -0.178000  0.007416  0.192177  0.375319  0.550859  0.621886  0.692914  0.578932  0.431649  0.324086  0.240142  0.192572  0.198046  0.228817  0.369969  0.511121  0.704783  0.900287  1.004053  1.076545  1.111648 
Shapelet  61  -2.377200 -1.982907 -1.525913 -0.488275  0.644377  1.683406  2.700830  2.814827  2.652264  1.739098  0.532218 -0.348687 -1.070395 -1.258753 -1.127101 -0.804708 -0.343124 -0.064846  0.051693  0.000725 -0.228557 -0.305222 -0.185664  0.030602  0.397733  0.712528  0.927406  1.001163  0.740684  0.264477 -0.858917 -1.810728 -2.089406 -2.136698 -0.934498  0.189442  0.676131  1.116315  0.858908  0.581394 -0.962831 -2.507056 -2.313685 -2.064262 -0.317421  1.556319  1.506555  1.182006  0.619293  0.007149  0.381707  1.032541  1.072925  0.892507  0.702045  0.507017  0.486222  0.563168  0.318288 -0.146790 -0.357529 -0.357529 -0.077205  0.483441  0.753725  0.673570  0.381354 -0.220796 -0.430889  0.057901  0.536810  0.993983  1.049860 -0.003727 -0.933304 -1.419993 -1.657970 -0.697603  0.172229  0.408326  0.630581  0.689507  0.738949  0.494375  0.249801 -0.135844 -0.523729 -0.082768  0.413448  0.835071  1.247533  1.046930  0.732797  0.347708 -0.055468  0.100808  0.443568  0.814773  1.197988  0.788769 -0.035535 -0.210538  0.030679  0.265182  0.494464  0.120321 -0.820675 -1.270637 -1.164091 -0.845847 -0.237500  0.051069 -0.193326 -0.318299 -0.198741 -0.014107  0.336834  0.441512 -0.258269 -0.805702 -0.692958 -0.579681 -0.463142 -0.346603 -0.230064 -0.230064 
Shapelet  63  -1.790775 -0.847121  1.080915  0.454456 -0.400058 -1.260999 -0.170924  0.772628  1.204956 -1.215420 -2.874030 -2.832085 -0.655201  1.201095  2.079088  2.183578  2.374002  2.904544  2.178684  1.030734 -0.516563 -1.925838 -2.656467 -2.143740 -1.279997 -0.725769 -0.925209  0.119350  1.018620  1.065643  0.507623 -0.093417 -0.487064 -0.563983 -0.525628 -0.397285 -0.479356 -0.576960 -0.576960  0.013612  0.720085  1.297643  1.001836  0.568377  0.477330  0.631090  0.658985  0.084865  0.104464 
Shapelet  85   1.201822  0.356243 -0.338341 -0.961431 -1.517111 -1.495909 -1.070890 -0.575505 -0.044156 -0.821296 -2.069493 -2.262723 -2.206596 -0.335593  1.777393  2.286985  2.685079  1.845815  1.049203  0.624276  0.054561 -1.190830 -2.141143 
Shapelet  95  -0.358606 -0.359021 -0.359316 -0.509242 -0.683885 -0.765655 -0.546346  0.164716  1.157422  1.988125  2.479811  2.510340  2.130665  1.528966  0.761815  0.036086 -0.419503 -0.654627 -1.188195 -1.532023 -1.891671 -1.906780 -1.779539 -1.885077 -1.666331 -1.021097  0.372331  1.688843  2.450488  2.436888  2.036909  1.504233  0.934653  0.397546 -0.311914 -0.874643 -1.365695 -1.313617 -0.919951 -0.380554 -0.053298 -0.032110 -0.164243 -0.641917 -1.047742 -1.356298 -1.354902 -0.508670  0.340599  0.977533  1.081547  0.583536  0.100014 -0.342120 -0.442495 -0.439859 -0.202264  0.181458  1.199684  2.349285  2.870678  2.269045  0.578312 -1.010303 -1.794928 -1.599800 -0.940797 -0.171742  0.320794  0.027705 -0.404221 -0.585441 -0.289100  0.569199  0.710782 -0.125195 -0.847392 -1.012547 -0.545327  0.241135  0.308376  0.177880  0.363651  0.645558  0.522959  0.209996 -0.456434 -0.586363 -0.271577 -0.242798 -0.098463 -0.308531 
Shapelet 115  -1.012049 -1.405602 -1.719621 -1.726114 -1.648731 -1.451126 -1.192076 -0.894792 -0.381314  0.175322  0.601128  0.927637  0.927050  0.928922  0.933941  0.743825  0.445762  0.148884 -0.133784 -0.174953 -0.216274 -0.258028 -0.215406 -0.076000 -0.030016 -0.029789 -0.070018 -0.123521 -0.261732 -0.479809 -0.895647 -1.307065 -1.713938 -1.926107 -2.054285 -2.025062 -1.944812 -1.585612 -1.112133 -0.390222  0.237672  0.778971  1.273223  1.749722  2.183847  2.564934  2.631516  2.580813  2.304922  1.919110  1.442611  0.903812  0.344625 -0.088323 -0.459011 -0.540714 -0.551538 -0.441606 -0.394923 -0.394923 -0.452729 -0.526761 -0.546397 -0.575570 -0.648116 -0.645563 -0.529066 -0.179775  0.322947  0.500483  0.598341  0.515037  0.365510 -0.019935 -0.595615 -1.429032 -1.611502 -1.411894 -0.819086 -0.147081  0.568014  1.302671  2.097101  2.326077  1.869654  1.253592  0.554384  0.301047  0.117934 -0.072639 -0.131295  0.159624  0.420926  0.650072  0.657477  0.562881  0.589506  0.624570  0.598527  0.477625  0.136820 -0.152195 -0.390818 -0.529328 -0.627407 -0.698614 -0.691363 -0.143297  0.320179  0.610951  0.622234  0.389859  0.372953  0.431861  0.223607 -0.013606 -0.326747 -0.430680 -0.156430  0.093060  0.323224  0.371960  0.365619  0.537496  0.627214  0.314563 -0.103935 -0.692545 -1.011815 
Shapelet 119  -0.097073 -0.503914 -0.910755 -1.252913 -1.567582 -1.872872 -2.164300 -2.379661 -1.948466 -1.517271 -0.843582 -0.111905  0.669571  1.499129  2.157541  2.174158  2.190775  1.240536  0.197329 -0.129707 -0.006578  0.193393  0.559855  0.913604  0.555425  0.197246 -0.166117 -0.531503 -0.794627 -0.917140 -0.979603 -0.613141 -0.246679  0.379190  1.060251  1.230966  0.942371  0.464721 -0.652809 -1.770339 -1.808848 -1.765921 -1.321286 -0.642322 -0.036868  0.421568  0.839564  0.145462 -0.548640 -1.349595 -2.188711 -2.133272 -0.932804  0.255368  1.368226  2.481084  2.121374  1.485558  1.108415  0.948223  0.942176  1.409579  1.876981  1.436572  0.945728  0.735322  0.676504  0.556011  0.321421  0.073442 -0.415533 -0.904508 -0.840575 -0.596626 -0.352676 -0.108727  0.019668 -0.468231 -0.956130 -0.710503 -0.345117 -0.117863  0.001477  0.086277  0.074365  0.062453  0.054131  0.045939 -0.103907 -0.324579 -0.315684  0.086757  0.480226  0.754821  1.029415  0.895350  0.640544  0.487725  0.448225  0.429953  0.511454  0.592954  0.389316  0.145759  0.264051  0.645507  0.885498  0.762985  0.640473  0.873388  1.112650  0.886959  0.446674 -0.070515 -0.710053 -1.270439 -1.007644 -0.744848 -0.867793 -1.093602 -1.214893 -1.227934 -1.108389 -0.434390  0.239609  0.198196  0.072616  0.009776 -0.010624 -0.010624 
Shapelet 126   1.655038  0.644546 -0.073853 -0.483007 -0.623716 -0.761128 -1.200745 -1.447075 -0.674866  0.563847  1.084066  0.390265 -0.027062 -0.210306 -0.210306 -0.210306 -0.010973  0.151559  0.010493 -0.837190 -1.353555 -1.271132  0.350577  1.158825  1.176820  0.076686 -0.410873 -0.194631  1.080874  1.135138  1.061857  0.994682  0.525690 -0.378332 -1.215757 -0.681224 -0.181009  0.053370 -0.191662 -0.297914 -0.733877 -1.429646 -1.137770  1.079071  3.261875  1.858559 -0.952307 
Shapelet 127  -1.850419 -2.098584 -1.680651 -1.001098 -0.533801 -0.307558 -0.296006 -0.031262  0.359323  0.980810  1.480628  1.738931  1.728374  1.480068  0.797194 -0.330726 -0.954789 -0.665599  1.111753  1.358821  0.278990 -1.702858 -1.638607 -0.584014 -0.454933 -1.098570 -1.288984  0.191079  1.635634  2.121126  1.656262  0.824367 -0.306109 -1.269599 -2.026077 -1.320991 -0.819934 -0.452815 -0.638151 -0.239682  0.723461  0.949122  0.566799  0.005753 -0.175919 -0.241344 -0.803261 -2.053218 -3.169909 -3.052839 -0.910371  1.981135  3.616624  2.840812  0.835615 -0.665110 -0.321671  0.740245  1.003588  0.869014 -0.091696 -0.392319 -1.126374 -0.820213  0.329294  1.372907  1.424590  0.705110 -0.001538 -0.101773 -0.280296 -0.280296 -0.280296 -0.280296 -0.280296 -0.280296 -0.280296 -0.280296 -0.280296 -0.280296 -0.280296 -0.280296 -0.280296 -0.205961 -0.083036 -0.238736 -0.223071  0.069422  0.904471  1.125166  0.568876 -0.197328  0.037771  0.657906  1.009554  0.404481 -0.020689 -0.070447  0.088719  0.008598 -0.231190 -0.315983 -0.309611 -0.241778 -0.159915 -0.023857 -0.083353 -0.129974 -0.486114 -0.769017 -0.827116 -0.195772  0.558150  0.737047  0.184847 -0.264471 -0.301160  0.054952  0.212359  0.354403  0.435193  0.532718  0.438660  0.206166  0.030962  0.173306  0.501699  0.624547  0.689782 


; cmd = ShapeletResearch/Execs/FastShapelet UCRArchive_2018//FaceAll/FaceAll_TRAIN.tsv 14 560 132 10 1 10 10 0 1 10 UCRArchive_2018//FaceAll/tree.txt UCRArchive_2018//FaceAll/time.txt
; time =>  133.376   7.112  66.831   5.219  50.015 
