;Shapelet Tree 

;random seed:1551068604, rand()=502434710, rand()=243642963
;command = ShapeletResearch/Execs/FastShapelet UCRArchive_2018//Coffee/Coffee_TRAIN.tsv 2 28 287 10 1 10 10 0 1 10 UCRArchive_2018//Coffee/tree.txt UCRArchive_2018//Coffee/time.txt 

;Local Class:   0  1 
;Real  Class:   0  1 

;Node ID class   obj  pos  len  dist_th 
TreeSize: 4 
NonL  1    --      0   89   99   2.1913 ==>  14   0  /   0  14 
Leaf  2     0    
Leaf  3     1    

;Shapelet id   <data>
Shapelet   1   0.684500  0.679707  0.635329  0.607399  0.603181  0.515347  0.446363  0.449767  0.427654  0.361268  0.318696  0.294655  0.230492  0.215936  0.202371  0.211645  0.237502  0.203086  0.182743  0.204875  0.236739  0.313830  0.383222  0.405067  0.439610  0.485770  0.533598  0.561598  0.603130  0.647410  0.640716  0.678633  0.723830  0.713678  0.735464  0.690663  0.632419  0.567229  0.512441  0.474847  0.432477  0.404438  0.339035  0.262049  0.223060  0.241407  0.240356  0.207298  0.212813  0.249487  0.256210  0.266584  0.338999  0.443320  0.540205  0.635210  0.708266  0.765825  0.874345  0.883256  0.846318  0.980768  1.046898  1.040239  1.037378  1.032466  1.032877  1.043206  1.025169  0.957242  0.982337  0.935269  0.843039  0.760112  0.721025  0.674734  0.616297  0.606485  0.596702  0.482590  0.324634  0.201112  0.100969 -0.034165 -0.159442 -0.249652 -0.319281 -0.340770 -0.357307 -0.354952 -0.342082 -0.342095 -0.286700 -0.220903 -0.187850 -0.140367 -0.085618 -0.093162 -0.118843 


; cmd = ShapeletResearch/Execs/FastShapelet UCRArchive_2018//Coffee/Coffee_TRAIN.tsv 2 28 287 10 1 10 10 0 1 10 UCRArchive_2018//Coffee/tree.txt UCRArchive_2018//Coffee/time.txt
; time =>    6.977   0.274   1.364   0.126   5.043 
