;Shapelet Tree 

;random seed:1551074589, rand()=1965995201, rand()=325336114
;command = ShapeletResearch/Execs/FastShapelet UCRArchive_2018//Strawberry/Strawberry_TRAIN.tsv 2 613 236 10 1 10 10 0 1 10 UCRArchive_2018//Strawberry/tree.txt UCRArchive_2018//Strawberry/time.txt 

;Local Class:   0  1 
;Real  Class:   2  1 

;Node ID class   obj  pos  len  dist_th 
TreeSize: 18 
NonL  1    --     64  110   40   0.7565 ==>  22 197  / 372  22 
NonL  2    --      0   59  164   0.9169 ==>  16  30  /   6 167 
Leaf  3     2    
NonL  4    --      0  137   36   0.2333 ==>   4  30  /  12   0 
Leaf  5     1    
NonL  8    --      0   90  139   0.6290 ==>   4   3  /   0  27 
Leaf  9     2    
Leaf 16     2    
Leaf 17     1    

;Shapelet id   <data>
Shapelet   1   0.055847  0.080872  0.114975  0.151040  0.186370  0.214094  0.228569  0.231513  0.228324  0.228078  0.228078  0.217774  0.203053  0.180727  0.144171  0.109332  0.090195  0.084307  0.093630  0.115220  0.136075  0.156438  0.176065  0.185879  0.192013  0.182690  0.160609  0.139019  0.115956  0.092649  0.070813  0.043090  0.000891 -0.053576 -0.083017 -0.154166 -0.256474 -0.375956 -0.470413 -0.557265 
Shapelet   2   0.745997  0.653012  0.574748  0.519791  0.511695  0.545061  0.575729  0.557083  0.475629  0.336520  0.166497  0.019291 -0.070750 -0.107306 -0.113194 -0.112703 -0.115157 -0.120064 -0.119573 -0.115647 -0.116874 -0.118101 -0.107796 -0.082771 -0.041799  0.011440  0.067378  0.114730  0.147606  0.166006  0.175084  0.180236  0.178274  0.166988  0.152022  0.130922  0.095102  0.052167  0.010704 -0.016283 -0.026588 -0.032476 -0.041554 -0.055293 -0.065597 -0.066088 -0.054312 -0.031004 -0.006224  0.014875  0.034748  0.055847  0.080872  0.114975  0.151040  0.186370  0.214094  0.228569  0.231513  0.228324  0.228078  0.228078  0.217774  0.203053  0.180727  0.144171  0.109332  0.090195  0.084307  0.093630  0.115220  0.136075  0.156438  0.176065  0.185879  0.192013  0.182690  0.160609  0.139019  0.115956  0.092649  0.070813  0.043090  0.000891 -0.053576 -0.083017 -0.154166 -0.256474 -0.375956 -0.470413 -0.557265 -0.644116 -0.705207 -0.749368 -0.778809 -0.814384 -0.833030 -0.848732 -0.845297 -0.840145 -0.855602 -0.855356 -0.851431 -0.866642 -0.889459 -0.901236 -0.900990 -0.888232 -0.890931 -0.913993 -0.915711 -0.896083 -0.859282 -0.850450 -0.843089 -0.822481 -0.802853 -0.787151 -0.789850 -0.787151 -0.783716 -0.788869 -0.795002 -0.801872 -0.821008 -0.856338 -0.883080 -0.894366 -0.925525 -0.944661 -0.949078 -0.941227 -0.909332 -0.937792 -0.931167 -0.893875 -0.872285 -0.875720 -0.895593 -0.898046 -0.900500 -0.892158 -0.895838 -0.896819 -0.873512 -0.856829 -0.859037 -0.836220 -0.785679 -0.751086 -0.733912 -0.711831 -0.685334 -0.651231 -0.638719 -0.645588 -0.655157 -0.668650 -0.704716 -0.747896 -0.793775 -0.829841 -0.873267 -0.915466 
Shapelet   4   0.139019  0.115956  0.092649  0.070813  0.043090  0.000891 -0.053576 -0.083017 -0.154166 -0.256474 -0.375956 -0.470413 -0.557265 -0.644116 -0.705207 -0.749368 -0.778809 -0.814384 -0.833030 -0.848732 -0.845297 -0.840145 -0.855602 -0.855356 -0.851431 -0.866642 -0.889459 -0.901236 -0.900990 -0.888232 -0.890931 -0.913993 -0.915711 -0.896083 -0.859282 -0.850450 
Shapelet   8   0.180236  0.178274  0.166988  0.152022  0.130922  0.095102  0.052167  0.010704 -0.016283 -0.026588 -0.032476 -0.041554 -0.055293 -0.065597 -0.066088 -0.054312 -0.031004 -0.006224  0.014875  0.034748  0.055847  0.080872  0.114975  0.151040  0.186370  0.214094  0.228569  0.231513  0.228324  0.228078  0.228078  0.217774  0.203053  0.180727  0.144171  0.109332  0.090195  0.084307  0.093630  0.115220  0.136075  0.156438  0.176065  0.185879  0.192013  0.182690  0.160609  0.139019  0.115956  0.092649  0.070813  0.043090  0.000891 -0.053576 -0.083017 -0.154166 -0.256474 -0.375956 -0.470413 -0.557265 -0.644116 -0.705207 -0.749368 -0.778809 -0.814384 -0.833030 -0.848732 -0.845297 -0.840145 -0.855602 -0.855356 -0.851431 -0.866642 -0.889459 -0.901236 -0.900990 -0.888232 -0.890931 -0.913993 -0.915711 -0.896083 -0.859282 -0.850450 -0.843089 -0.822481 -0.802853 -0.787151 -0.789850 -0.787151 -0.783716 -0.788869 -0.795002 -0.801872 -0.821008 -0.856338 -0.883080 -0.894366 -0.925525 -0.944661 -0.949078 -0.941227 -0.909332 -0.937792 -0.931167 -0.893875 -0.872285 -0.875720 -0.895593 -0.898046 -0.900500 -0.892158 -0.895838 -0.896819 -0.873512 -0.856829 -0.859037 -0.836220 -0.785679 -0.751086 -0.733912 -0.711831 -0.685334 -0.651231 -0.638719 -0.645588 -0.655157 -0.668650 -0.704716 -0.747896 -0.793775 -0.829841 -0.873267 -0.915466 -0.947605 -0.979255 -1.001336 -1.008941 -1.023171 -1.035929 


; cmd = ShapeletResearch/Execs/FastShapelet UCRArchive_2018//Strawberry/Strawberry_TRAIN.tsv 2 613 236 10 1 10 10 0 1 10 UCRArchive_2018//Strawberry/tree.txt UCRArchive_2018//Strawberry/time.txt
; time =>  130.463   5.238  29.422   3.807  89.217 
