;Shapelet Tree 

;random seed:1551073251, rand()=848105334, rand()=1369041074
;command = ShapeletResearch/Execs/FastShapelet UCRArchive_2018//GestureMidAirD1/GestureMidAirD1_TRAIN.tsv 26 208 361 10 1 10 10 0 1 10 UCRArchive_2018//GestureMidAirD1/tree.txt UCRArchive_2018//GestureMidAirD1/time.txt 

;Local Class:   0  1  2  3  4  5  6  7  8  9 10 11 12 13 14 15 16 17 18 19 20 21 22 23 24 25 
;Real  Class:   3 21 20 15 13 10  4 25 17 18 19  2 11 23  1  6  5  9 16 14 24 12  8  7 26 22 

;Node ID class   obj  pos  len  dist_th 
TreeSize: 366 
NonL  1    --      3    0  133  15.9725 ==>   2   0   0   8   8   0   2   7   8   0   8   8   8   8   0   0   8   0   8   8   0   8   8   0   8   8  /   6   8   8   0   0   8   6   1   0   8   0   0   0   0   8   8   0   8   0   0   8   0   0   8   0   0 
NonL  2    --      3   37  196  22.5665 ==>   0   0   0   0   0   0   0   0   8   0   8   0   0   8   0   0   0   0   0   0   0   0   1   0   8   8  /   2   0   0   8   8   0   2   7   0   0   0   8   8   0   0   0   8   0   8   8   0   8   7   0   0   0 
NonL  3    --     10   49   91  50000000000000000000.0000 ==>   0   8   8   0   0   8   0   1   0   0   0   0   0   0   8   8   0   0   0   0   0   0   0   8   0   0  /   6   0   0   0   0   0   6   0   0   8   0   0   0   0   0   0   0   8   0   0   8   0   0   0   0   0 
NonL  4    --      0   43  195  16.0540 ==>   0   0   0   0   0   0   0   0   8   0   0   0   0   8   0   0   0   0   0   0   0   0   0   0   0   8  /   0   0   0   0   0   0   0   0   0   0   8   0   0   0   0   0   0   0   0   0   0   0   1   0   8   0 
NonL  5    --      4    7  162   9.2762 ==>   2   0   0   7   8   0   2   1   0   0   0   7   7   0   0   0   0   0   0   0   0   8   1   0   0   0  /   0   0   0   1   0   0   0   6   0   0   0   1   1   0   0   0   8   0   8   8   0   0   6   0   0   0 
NonL  6    --     31    0  101  12.4975 ==>   0   8   0   0   0   1   0   1   0   0   0   0   0   0   8   0   0   0   0   0   0   0   0   8   0   0  /   0   0   8   0   0   7   0   0   0   0   0   0   0   0   0   8   0   0   0   0   0   0   0   0   0   0 
NonL  7    --      0   33   32   0.9822 ==>   6   0   0   0   0   0   6   0   0   0   0   0   0   0   0   0   0   0   0   0   7   0   0   0   0   0  /   0   0   0   0   0   0   0   0   0   8   0   0   0   0   0   0   0   8   0   0   1   0   0   0   0   0 
NonL  8    --     13   36  241  50000000000000000000.0000 ==>   0   0   0   0   0   0   0   0   0   0   0   0   0   0   0   0   0   0   0   0   0   0   0   0   0   8  /   0   0   0   0   0   0   0   0   8   0   0   0   0   8   0   0   0   0   0   0   0   0   0   0   0   0 
NonL  9    --      2   63  241  50000000000000000000.0000 ==>   0   0   0   0   0   0   0   0   0   0   8   0   0   0   0   0   0   0   0   0   0   0   0   0   0   0  /   0   0   0   0   0   0   0   0   0   0   0   0   0   0   0   0   0   0   0   0   0   0   1   0   8   0 
NonL 10    --      2   31  141   2.7457 ==>   0   0   0   7   8   0   0   0   0   0   0   7   0   0   0   0   0   0   0   0   0   0   0   0   0   0  /   2   0   0   0   0   0   2   1   0   0   0   0   7   0   0   0   0   0   0   0   0   8   1   0   0   0 
NonL 11    --      3    0  127   9.0524 ==>   0   0   0   1   0   0   0   0   0   0   0   1   0   0   0   0   0   0   8   8   0   0   0   0   0   0  /   0   0   0   0   0   0   0   6   0   0   0   0   1   0   0   0   8   0   0   0   0   0   6   0   0   0 
NonL 12    --     11   12  121  50000000000000000000.0000 ==>   0   0   0   0   0   0   0   1   0   0   0   0   0   0   8   0   0   0   0   0   0   0   0   0   0   0  /   0   8   0   0   0   1   0   0   0   0   0   0   0   0   0   0   0   0   0   0   0   0   0   8   0   0 
NonL 13    --      0   16   33   0.6404 ==>   0   0   8   0   0   0   0   0   0   0   0   0   0   0   0   0   0   0   0   0   0   0   0   0   0   0  /   0   0   0   0   0   7   0   0   0   0   0   0   0   0   0   8   0   0   0   0   0   0   0   0   0   0 
NonL 14    --     18   18   62   1.2172 ==>   0   0   0   0   0   0   6   0   0   0   0   0   0   0   0   0   0   0   0   0   0   0   0   0   0   0  /   6   0   0   0   0   0   0   0   0   0   0   0   0   0   0   0   0   0   0   0   7   0   0   0   0   0 
NonL 15    --      1   37   52   7.2982 ==>   0   0   0   0   0   0   0   0   0   0   0   0   0   0   0   0   0   8   0   0   0   0   0   0   0   0  /   0   0   0   0   0   0   0   0   0   8   0   0   0   0   0   0   0   0   0   0   1   0   0   0   0   0 
Leaf 16    22    
NonL 17    --      2   10  220   9.7174 ==>   0   0   0   0   0   0   0   0   8   0   0   0   0   0   0   0   0   0   0   0   0   0   0   0   0   0  /   0   0   0   0   0   0   0   0   0   0   0   0   0   8   0   0   0   0   0   0   0   0   0   0   0   0 
Leaf 18    19    
NonL 19    --      8   28  193   6.5009 ==>   0   0   0   0   0   0   0   0   0   0   0   0   0   0   0   0   0   0   0   0   0   0   1   0   0   0  /   0   0   0   0   0   0   0   0   0   0   0   0   0   0   0   0   0   0   0   0   0   0   0   0   8   0 
NonL 20    --      2   49  124   1.0829 ==>   0   0   0   7   0   0   0   0   0   0   0   0   0   0   0   0   0   0   0   0   0   0   0   0   0   0  /   0   0   0   0   8   0   0   0   0   0   0   7   0   0   0   0   0   0   0   0   0   0   0   0   0   0 
NonL 21    --      6    1  169   4.7378 ==>   0   0   0   0   0   0   0   0   0   0   0   0   5   0   0   0   0   0   0   0   0   8   0   0   0   0  /   2   0   0   0   0   0   2   1   0   0   0   0   2   0   0   0   0   0   0   0   0   0   1   0   0   0 
NonL 22    --      0   32   21   0.2693 ==>   0   0   0   0   0   0   0   0   0   0   0   0   0   0   0   0   0   0   7   0   0   0   0   0   0   0  /   0   0   0   1   0   0   0   0   0   0   0   1   0   0   0   0   0   0   1   8   0   0   0   0   0   0 
NonL 23    --     18   15  152  18.4827 ==>   0   0   0   0   0   0   0   6   0   0   0   0   0   0   0   0   0   0   0   0   0   0   6   0   0   0  /   0   0   0   0   0   0   0   0   0   0   0   0   1   0   0   0   8   0   0   0   0   0   0   0   0   0 
NonL 24    --      0   44  123  15.4566 ==>   0   0   0   0   0   0   0   0   0   0   0   0   0   0   8   0   0   0   0   0   0   0   0   0   0   0  /   0   0   0   0   0   0   0   1   0   0   0   0   0   0   0   0   0   0   0   0   0   0   0   0   0   0 
NonL 25    --      0   15   63   1.9438 ==>   0   8   0   0   0   0   0   0   0   0   0   0   0   0   0   0   0   0   0   0   0   0   0   0   0   0  /   0   0   0   0   0   1   0   0   0   0   0   0   0   0   0   0   0   0   0   0   0   0   0   8   0   0 
Leaf 26    20    
NonL 27    --      5   10   95   5.3359 ==>   0   0   0   0   0   7   0   0   0   0   0   0   0   0   0   0   0   0   0   0   0   0   0   0   0   0  /   0   0   0   0   0   0   0   0   0   0   0   0   0   0   0   8   0   0   0   0   0   0   0   0   0   0 
Leaf 28     4    
NonL 29    --      8    0   70   1.5983 ==>   1   0   0   0   0   0   0   0   0   0   0   0   0   0   0   0   0   0   0   0   7   0   0   0   0   0  /   5   0   0   0   0   0   0   0   0   0   0   0   0   0   0   0   0   0   0   0   0   0   0   0   0   0 
Leaf 30     9    
NonL 31    --      3    0   66   0.4589 ==>   0   0   0   0   0   0   0   0   0   0   0   0   0   0   0   0   0   0   0   0   1   0   0   0   0   0  /   0   0   0   0   0   0   0   0   0   8   0   0   0   0   0   0   0   0   0   0   0   0   0   0   0   0 
Leaf 34    17    
Leaf 35    23    
Leaf 38     8    
Leaf 39    26    
Leaf 40    15    
NonL 41    --      2    1   31   2.8856 ==>   0   0   0   0   8   0   0   0   0   0   0   0   0   0   0   0   0   0   0   0   0   0   0   0   0   0  /   0   0   0   0   0   0   0   0   0   0   0   7   0   0   0   0   0   0   0   0   0   0   0   0   0   0 
NonL 42    --      5   34   77   0.5169 ==>   0   0   0   0   0   0   0   0   0   0   0   0   5   0   0   0   0   0   0   0   0   0   0   0   0   0  /   0   0   0   0   0   0   0   0   0   0   0   0   0   0   0   0   0   0   0   0   0   8   0   0   0   0 
NonL 43    --      0   65   11   0.3482 ==>   0   0   0   0   0   0   0   1   0   0   0   0   2   0   0   0   0   0   0   0   0   0   1   0   0   0  /   2   0   0   0   0   0   2   0   0   0   0   0   0   0   0   0   0   0   0   0   0   0   0   0   0   0 
Leaf 44    16    
NonL 45    --      0   57   21   1.0409 ==>   0   0   0   0   0   0   0   0   0   0   0   0   0   0   0   0   0   0   0   8   0   0   0   0   0   0  /   0   0   0   1   0   0   0   0   0   0   0   1   0   0   0   0   0   0   1   0   0   0   0   0   0   0 
NonL 46    --      2   66   86   5.5855 ==>   0   0   0   0   0   0   0   0   0   0   0   0   0   0   0   0   0   0   0   0   0   0   6   0   0   0  /   0   0   0   0   0   0   0   6   0   0   0   0   0   0   0   0   0   0   0   0   0   0   0   0   0   0 
NonL 47    --      0   42  138  50000000000000000000.0000 ==>   0   0   0   0   0   0   0   0   0   0   0   0   0   0   0   0   8   0   0   0   0   0   0   0   0   0  /   0   0   0   0   0   0   0   0   0   0   0   0   1   0   0   0   0   0   0   0   0   0   0   0   0   0 
Leaf 48     1    
Leaf 49    25    
Leaf 50    21    
NonL 51    --      6    0  119   7.0341 ==>   0   0   0   0   0   1   0   0   0   0   0   0   0   0   0   0   0   0   0   0   0   0   0   0   0   0  /   0   0   0   0   0   0   0   0   0   0   0   0   0   0   0   0   0   0   0   0   0   0   0   8   0   0 
Leaf 54    10    
Leaf 55     6    
NonL 58    --      5    0   49   0.2569 ==>   1   0   0   0   0   0   0   0   0   0   0   0   0   0   0   0   0   0   0   0   0   0   0   0   0   0  /   0   0   0   0   0   0   0   0   0   0   0   0   0   0   0   0   0   0   0   0   7   0   0   0   0   0 
Leaf 59     3    
Leaf 62    24    
Leaf 63    18    
Leaf 82    13    
Leaf 83     2    
Leaf 84    11    
Leaf 85    12    
NonL 86    --      2   11  169  50000000000000000000.0000 ==>   0   0   0   0   0   0   0   1   0   0   0   0   0   0   0   0   0   0   0   0   0   0   1   0   0   0  /   0   0   0   0   0   0   0   0   0   0   0   0   2   0   0   0   0   0   0   0   0   0   0   0   0   0 
NonL 87    --      0   63   32   1.3505 ==>   2   0   0   0   0   0   0   0   0   0   0   0   0   0   0   0   0   0   0   0   0   0   0   0   0   0  /   0   0   0   0   0   0   2   0   0   0   0   0   0   0   0   0   0   0   0   0   0   0   0   0   0   0 
Leaf 90    14    
NonL 91    --      1    4  135  50000000000000000000.0000 ==>   0   0   0   1   0   0   0   0   0   0   0   0   0   0   0   0   0   0   1   0   0   0   0   0   0   0  /   0   0   0   0   0   0   0   0   0   0   0   1   0   0   0   0   0   0   0   0   0   0   0   0   0   0 
Leaf 92     8    
Leaf 93    25    
Leaf 94     5    
Leaf 95    11    
Leaf 102    10    
Leaf 103     7    
Leaf 116     3    
Leaf 117    24    
NonL 172    --      0   13  181  50000000000000000000.0000 ==>   0   0   0   0   0   0   0   0   0   0   0   0   0   0   0   0   0   0   0   0   0   0   1   0   0   0  /   0   0   0   0   0   0   0   1   0   0   0   0   0   0   0   0   0   0   0   0   0   0   0   0   0   0 
Leaf 173    11    
Leaf 174     3    
Leaf 175     4    
NonL 182    --      1    0  146  50000000000000000000.0000 ==>   0   0   0   0   0   0   0   0   0   0   0   0   0   0   0   0   0   0   1   0   0   0   0   0   0   0  /   0   0   0   1   0   0   0   0   0   0   0   0   0   0   0   0   0   0   0   0   0   0   0   0   0   0 
Leaf 183     2    
Leaf 344     8    
Leaf 345    25    
Leaf 364    16    
Leaf 365    15    

;Shapelet id   <data>
Shapelet   1  -88.146500 -88.468600 -88.585400 -88.686200 -88.647600 -88.566200 -88.453000 -88.336800 -88.025800 -87.703100 -87.388400 -86.631100 -86.222400 -86.088700 -85.825700 -85.714200 -85.752300 -85.966300 -86.299800 -86.528800 -86.745300 -87.075600 -87.756200 -88.084600 -88.565200 -88.822900 -89.012800 -89.463200 -90.384800 -90.736600 -91.414100 -91.469200 -91.079600 -90.522300 -90.009300 -89.637600 -90.002800 -90.211200 -90.108000 -90.013500 -90.160700 -90.426600 -90.186000 -89.927600 -89.206700 -88.768000 -88.695500 -88.632900 -88.267900 -87.668000 -87.089500 -86.510100 -85.875200 -84.129300 -82.431100 -80.544800 -77.692900 -75.919800 -73.297400 -71.729000 -68.422600 -65.003300 -61.089200 -55.354400 -50.992200 -46.499800 -44.089100 -38.967000 -34.483600 -30.267500 -26.053900 -22.151600 -18.003600 -15.747700 -11.677300 -7.003300 -2.160400  1.803710  5.178270  7.925330 12.613700 16.293700 19.410500 22.479400 23.898600 26.944500 27.592700 29.069200 30.665300 32.275700 33.914900 34.544100 34.863500 34.990300 35.269900 35.595800 35.842700 36.129400 36.288400 36.158900 36.116800 35.981600 35.475900 35.375600 35.009100 34.760600 35.099000 35.669200 36.254400 36.153200 35.570800 35.519700 35.405700 35.041000 34.695000 34.553600 34.117600 33.469900 33.395600 32.812800 32.366400 32.077400 30.942600 30.656100 29.929100 29.366400 28.429800 29.031500 28.548800 28.035800 27.940000 27.243600 26.028400 
Shapelet   2  -99.379000 -99.434900 -99.583900 -99.893800 -99.796300 -100.050000 -100.206000 -100.200000 -100.301000 -100.346000 -100.440000 -100.707000 -101.182000 -101.280000 -101.227000 -101.486000 -101.389000 -101.511000 -101.568000 -101.709000 -101.409000 -101.099000 -100.845000 -100.771000 -100.355000 -99.564300 -98.421100 -97.798200 -96.628000 -95.398900 -94.042400 -93.316600 -91.749000 -90.643100 -89.867800 -88.337000 -86.570800 -84.285700 -82.838800 -80.311800 -76.060200 -74.319200 -71.427700 -69.069500 -65.132200 -63.551400 -59.830200 -57.222600 -55.795500 -53.025900 -49.581400 -45.882000 -43.734900 -39.455000 -35.818200 -34.073800 -30.300400 -26.288400 -22.525000 -20.927300 -17.363800 -13.486000 -11.493300 -7.094700 -2.961210  1.812390  3.849290  8.743310 14.029000 17.804500 20.779400 23.970100 26.950100 28.260900 31.093500 33.226500 34.449500 35.910500 37.142700 38.146200 38.210100 38.136800 38.177000 38.101000 37.954600 37.365900 37.673900 37.699000 37.588800 36.960900 36.540100 36.292500 35.936700 35.468500 35.309100 35.453700 35.149600 34.911500 34.377800 34.021800 33.920200 34.378700 34.800700 33.873600 33.181900 33.203600 33.290100 32.766200 32.455500 31.464100 30.427400 29.476600 28.801000 27.102600 25.007900 23.768300 21.226500 18.953500 16.150300 14.467300 11.024700  7.145380  5.093290  0.227195 -4.449330 -9.023760 -11.303000 -16.071500 -21.807000 -24.231300 -29.058000 -33.509600 -39.157300 -41.581500 -45.853100 -49.899700 -51.926700 -56.084200 -60.129200 -63.810000 -65.694800 -69.174600 -72.968900 -74.818400 -77.888900 -80.696200 -82.395600 -85.293800 -87.937300 -90.000400 -92.449000 -93.466300 -95.465400 -97.678000 -98.624100 -100.602000 -101.669000 -102.441000 -103.041000 -103.522000 -103.792000 -103.931000 -104.304000 -104.577000 -104.684000 -104.723000 -104.649000 -104.597000 -104.538000 -104.479000 -104.418000 -104.387000 -104.323000 -104.263000 -104.258000 -104.249000 -104.214000 -104.215000 -104.217000 -104.233000 -104.280000 -104.334000 -104.362000 -104.407000 -104.559000 -104.654000 -104.796000 -104.860000 -104.878000 -104.835000 -104.676000 -104.109000 -103.696000 -103.526000 -103.195000 -102.725000 
Shapelet   3  19.041300 13.578700  7.727640  2.080600 -0.720472 -6.359390 -9.105050 -14.613900 -20.299400 -25.814200 -30.654700 -33.167600 -37.693200 -42.447400 -44.646800 -48.809500 -52.837600 -56.528800 -58.351100 -62.075600 -65.750200 -67.147800 -69.858900 -73.404500 -75.409100 -76.403000 -77.942100 -79.124800 -79.406400 -79.439800 -78.821700 -77.756300 -77.019800 -75.232000 -73.443600 -71.708800 -70.804100 -69.318900 -67.612100 -66.742500 -65.078300 -63.584000 -62.437300 -61.999900 -61.153600 -60.421000 -60.079400 -59.616200 -59.325200 -59.148000 -59.070800 -58.913900 -58.749600 -58.666400 -58.555800 -58.493500 -58.439500 -58.399300 -58.332700 -58.360100 -58.393000 -58.526500 -58.671800 -58.797900 -58.847400 -59.015600 -59.167900 -59.284300 -59.561000 -59.664700 -59.744000 -59.816100 -59.966600 -60.104900 -60.230200 -60.460100 -60.656100 -60.806900 -60.843100 -60.857200 -60.915100 -60.960500 -60.944200 -60.891900 -60.838100 -60.814400 -60.769100 -60.769600 -60.812200 -60.833600 -60.959500 
Shapelet   4  -100.206000 -100.200000 -100.301000 -100.346000 -100.440000 -100.707000 -101.182000 -101.280000 -101.227000 -101.486000 -101.389000 -101.511000 -101.568000 -101.709000 -101.409000 -101.099000 -100.845000 -100.771000 -100.355000 -99.564300 -98.421100 -97.798200 -96.628000 -95.398900 -94.042400 -93.316600 -91.749000 -90.643100 -89.867800 -88.337000 -86.570800 -84.285700 -82.838800 -80.311800 -76.060200 -74.319200 -71.427700 -69.069500 -65.132200 -63.551400 -59.830200 -57.222600 -55.795500 -53.025900 -49.581400 -45.882000 -43.734900 -39.455000 -35.818200 -34.073800 -30.300400 -26.288400 -22.525000 -20.927300 -17.363800 -13.486000 -11.493300 -7.094700 -2.961210  1.812390  3.849290  8.743310 14.029000 17.804500 20.779400 23.970100 26.950100 28.260900 31.093500 33.226500 34.449500 35.910500 37.142700 38.146200 38.210100 38.136800 38.177000 38.101000 37.954600 37.365900 37.673900 37.699000 37.588800 36.960900 36.540100 36.292500 35.936700 35.468500 35.309100 35.453700 35.149600 34.911500 34.377800 34.021800 33.920200 34.378700 34.800700 33.873600 33.181900 33.203600 33.290100 32.766200 32.455500 31.464100 30.427400 29.476600 28.801000 27.102600 25.007900 23.768300 21.226500 18.953500 16.150300 14.467300 11.024700  7.145380  5.093290  0.227195 -4.449330 -9.023760 -11.303000 -16.071500 -21.807000 -24.231300 -29.058000 -33.509600 -39.157300 -41.581500 -45.853100 -49.899700 -51.926700 -56.084200 -60.129200 -63.810000 -65.694800 -69.174600 -72.968900 -74.818400 -77.888900 -80.696200 -82.395600 -85.293800 -87.937300 -90.000400 -92.449000 -93.466300 -95.465400 -97.678000 -98.624100 -100.602000 -101.669000 -102.441000 -103.041000 -103.522000 -103.792000 -103.931000 -104.304000 -104.577000 -104.684000 -104.723000 -104.649000 -104.597000 -104.538000 -104.479000 -104.418000 -104.387000 -104.323000 -104.263000 -104.258000 -104.249000 -104.214000 -104.215000 -104.217000 -104.233000 -104.280000 -104.334000 -104.362000 -104.407000 -104.559000 -104.654000 -104.796000 -104.860000 -104.878000 -104.835000 -104.676000 -104.109000 -103.696000 -103.526000 -103.195000 -102.725000 -102.605000 -102.462000 -102.317000 -102.229000 -101.983000 
Shapelet   5  -150.104000 -150.077000 -150.092000 -150.158000 -150.337000 -150.388000 -150.496000 -150.598000 -150.660000 -150.723000 -150.728000 -150.451000 -150.271000 -149.637000 -148.998000 -148.578000 -147.846000 -147.297000 -146.446000 -146.127000 -145.358000 -144.411000 -143.822000 -142.906000 -141.499000 -139.439000 -138.482000 -136.964000 -134.431000 -132.869000 -128.797000 -125.929000 -122.519000 -120.569000 -116.820000 -112.763000 -110.806000 -107.705000 -103.587000 -99.861300 -98.060200 -93.383000 -89.323400 -87.370300 -79.580900 -73.595800 -68.761600 -66.722600 -62.812600 -58.277900 -56.042700 -51.777000 -47.666400 -42.867600 -40.464200 -35.817100 -31.586700 -29.427600 -24.986500 -20.941600 -16.863500 -14.896800 -11.029200 -7.476300 -5.463300 -2.302880  0.850344  4.301990  5.920880  9.103960 12.058200 15.254200 16.713200 18.882700 21.590500 22.860700 25.247900 28.143000 29.265000 31.315900 33.463700 35.595500 36.415500 37.911700 39.504500 40.096100 41.563900 42.488400 43.520800 43.884900 44.620300 45.177400 45.542600 45.659000 45.813600 45.868400 45.877200 45.925600 45.945200 46.000900 45.998800 45.977700 45.927800 45.850700 45.761500 45.728700 45.724800 45.647900 45.579700 45.514700 45.482600 45.411000 45.338500 45.294500 45.281700 45.231900 45.158600 45.122000 45.029000 44.910000 44.751500 44.650500 44.473200 44.262700 44.168500 43.971300 43.743000 43.511300 43.381200 43.143300 42.953900 42.768200 42.678800 42.354700 42.039100 41.966300 41.747800 41.484800 41.323400 41.176700 41.069900 40.927000 40.862600 40.699200 40.521400 40.474600 40.359800 40.066500 39.765300 39.634400 39.415800 39.273700 39.229900 39.140100 39.042800 38.974500 38.944100 38.906200 38.753700 38.693100 38.627800 38.645500 
Shapelet   6  -70.883800 -70.946400 -70.897700 -71.005500 -70.953600 -71.568500 -71.040500 -70.142900 -67.584400 -64.926400 -63.391500 -59.897100 -56.109400 -50.729100 -45.177000 -38.959700 -32.268700 -28.285300 -21.860800 -7.404850 -0.158012  8.237940 11.253900 17.718600 20.757900 32.451700 37.125000 41.835100 46.500100 49.001400 52.960800 56.357400 59.247700 62.065500 64.211800 65.666800 66.368500 67.908100 69.447400 71.092100 70.343500 70.061500 70.483700 70.784000 71.003600 71.627800 71.876400 71.976500 72.443400 73.999300 74.461600 75.031300 76.755500 78.870700 80.802000 81.873400 81.961900 81.911200 81.887600 80.793600 79.560400 76.988600 73.422500 71.184300 63.724200 60.644700 54.444400 47.047000 29.426100 21.073200 17.081100  8.680170  0.146458 -8.037050 -16.205200 -23.461900 -30.806500 -34.721000 -42.296100 -49.712000 -56.883800 -62.738200 -68.454800 -72.877200 -74.859000 -77.726700 -80.155300 -83.140900 -83.394600 -83.558600 -83.601000 -83.505900 -83.581500 -83.449100 -83.042000 -82.591900 -82.095000 -81.860600 -81.351400 -80.772800 -80.199800 
Shapelet   7  -18.939700 -14.334400 -11.992400 -7.716120 -2.823240  0.682635  1.996180  3.586870  5.428170  6.406180  7.784660  9.182390 10.314800 10.973100 12.390400 13.815500 14.897900 16.203300 17.862100 20.242800 21.727900 24.499400 27.366700 28.920500 33.139400 37.755400 42.772700 45.343900 50.750500 56.249100 59.303200 65.061300 
Shapelet   8  -18.035000 -18.703100 -20.161700 -21.566400 -23.035400 -23.852500 -26.054000 -28.650300 -30.991000 -32.484300 -34.806100 -36.581200 -37.627200 -39.471900 -41.505500 -41.934300 -43.611600 -45.421300 -47.382800 -48.192000 -50.384100 -52.465300 -53.343500 -55.207600 -56.094500 -57.842800 -58.283300 -59.670400 -60.164100 -59.723500 -59.688400 -59.835300 -60.193000 -60.323800 -60.271000 -60.537500 -60.680600 -60.615400 -60.600000 -60.541400 -60.487300 -60.408400 -60.319000 -60.155600 -60.038500 -59.827400 -59.643000 -59.555900 -59.151300 -58.506500 -57.542600 -56.979500 -55.706200 -54.346600 -53.456100 -51.721800 -49.711600 -48.620700 -46.174900 -44.047300 -41.710300 -40.500600 -38.166000 -35.477500 -33.432100 -31.365500 -28.266800 -24.475400 -22.779500 -19.298500 -16.435200 -12.642100 -10.613100 -7.170960 -3.107800 -0.927367  3.024180  6.855670  8.876240 12.142600 15.003500 17.709900 18.868900 21.357900 23.640600 25.775100 26.862800 29.064200 30.770200 31.499900 32.938000 33.891200 34.823500 35.247700 35.847400 36.034700 36.166000 36.109900 35.578100 34.450700 33.741800 31.674500 28.836300 27.483800 24.669300 22.104800 19.312500 17.676100 14.334700 11.126700  9.676540  6.294060  1.921780 -2.812230 -4.654810 -8.382320 -12.059600 -13.841600 -17.461100 -21.290000 -25.226600 -27.294600 -31.315800 -35.363200 -39.198700 -41.299000 -45.359300 -49.547300 -51.766300 -56.144800 -60.701200 -64.966000 -67.347300 -71.534700 -75.118200 -76.777700 -79.987600 -83.474500 -86.933100 -88.447000 -90.897500 -92.892700 -93.772100 -95.161400 -96.274600 -96.592600 -97.414600 -97.644200 -97.698200 -97.608000 -97.284700 -96.105900 -94.405800 -93.326900 -91.904400 -90.184700 -89.321700 -86.829800 -84.169500 -81.697700 -80.419400 -77.479400 -75.147000 -73.639100 -70.567100 -66.876600 -63.936600 -62.198900 -58.699400 -55.841500 -54.408300 -51.063200 -48.499100 -45.806100 -44.034600 -41.544300 -38.659100 -37.023400 -33.291600 -29.548000 -24.847800 -22.638000 -19.060600 -15.492900 -13.321900 -9.319100 -5.757990 -2.485930 -0.338563  3.163220  5.614910  7.424180 10.420100 12.636900 15.413100 16.469200 18.606300 20.436600 21.552000 22.927600 24.634200 25.432300 25.742100 26.396400 26.718300 26.927900 27.629400 28.620300 29.755800 29.653600 28.243700 26.775200 25.317000 24.760800 23.458900 22.623100 22.258100 20.929300 19.901300 18.827100 17.541300 15.189500 14.307300 13.878300 12.775400 11.464600 10.715100  8.852170  6.810020  5.007170  5.064650  3.954860  1.993870 -0.225440 -1.211000 -3.139250 -5.012350 -5.729860 -7.538280 -9.365220 -10.731800 
Shapelet   9  -31.879500 -32.047300 -32.041300 -31.977400 -31.684600 -31.353000 -31.162600 -30.597000 -29.482000 -27.902400 -26.897700 -24.451600 -21.581000 -20.013300 -16.289800 -12.159100 -7.712520 -5.660900 -0.874051  4.610070  7.053160 11.645500 16.898900 20.701600 22.710600 26.169700 28.019000 29.229000 32.887200 35.738900 37.835100 38.355000 39.540000 39.444900 39.324000 38.451100 37.340400 35.456700 34.370100 31.876600 29.739700 28.156500 24.826900 21.643500 17.362900 15.126500 10.608000  6.049710  1.744880 -0.556709 -5.285890 -9.622010 -11.645800 -15.721800 -19.781800 -23.904300 -25.946100 -29.384800 -32.827600 -34.589000 -37.035500 -38.878100 -39.936600 -40.397000 -41.002100 -41.182700 -41.193000 -40.436100 -39.738500 -38.035100 -37.088100 -34.568100 -31.858400 -30.406500 -29.042400 -26.096700 -20.347300 -17.682900 -13.361100 -8.643070 -6.168720 -0.949199  3.666030  8.218450 10.480400 14.067900 16.025400 18.375400 23.240200 28.871600 33.400100 35.040400 37.769200 39.618800 40.312100 42.747900 43.794500 44.712300 44.954800 44.473200 43.071700 42.604300 41.332300 39.514800 37.180600 36.154000 34.200600 31.712900 28.770300 27.396300 24.420500 21.192300 19.367400 15.917500 12.205000 10.369400  6.853280  3.280740 -0.331483 -2.130070 -5.939270 -9.198940 -10.885400 -13.349800 -16.334400 -19.571700 -21.353300 -23.527200 -24.994900 -25.781500 -27.291500 -28.072300 -28.333600 -28.489000 -28.092700 -27.404400 -26.869000 -25.687600 -24.018600 -21.901200 -20.497400 -17.877600 -15.062300 -11.764600 -10.114800 -5.689020 -1.429920  0.636865  4.533380  8.616170 12.449200 14.030600 17.892800 20.831500 21.991400 24.332500 26.552200 27.847900 28.237100 29.215600 29.648500 29.517300 29.072000 28.292500 27.035200 26.365300 24.697100 22.738200 21.746100 19.075500 16.329500 13.771300 12.378400  9.936170  6.577060  4.750570  1.246650 -2.269370 -5.477200 -7.035030 -9.828280 -12.784400 -14.426900 -16.795600 -19.303600 -22.648900 -24.365500 -27.266600 -29.568100 -30.741900 -32.456600 -34.243400 -35.761600 -36.134500 -36.606500 -36.775400 -36.480400 -35.801200 -34.456400 -32.733800 -31.477600 -29.319800 -26.897200 -25.703700 -22.512400 -18.686500 -15.211900 -13.391400 -9.473930 -5.801460 -3.680070  1.118960  6.173730 10.497000 12.650900 17.251300 21.268400 22.917100 26.299800 28.645600 30.445800 31.196900 32.353900 32.939900 33.306900 33.561300 33.036200 32.144700 31.522100 29.850900 27.562800 24.658000 22.943200 19.355200 15.803800 13.890100  9.970830  5.822520  3.690960 -0.426998 -4.468650 
Shapelet  10  -139.169000 -139.713000 -139.720000 -140.517000 -140.774000 -140.386000 -139.932000 -140.397000 -140.843000 -140.467000 -138.822000 -138.760000 -139.725000 -141.250000 -143.149000 -142.603000 -140.907000 -140.068000 -139.209000 -138.793000 -138.713000 -136.873000 -135.776000 -135.176000 -133.856000 -132.967000 -132.590000 -132.306000 -131.820000 -130.618000 -130.297000 -129.950000 -129.143000 -128.002000 -127.569000 -126.916000 -126.405000 -126.150000 -125.383000 -123.546000 -121.884000 -121.204000 -119.295000 -117.813000 -116.612000 -114.317000 -112.032000 -109.404000 -107.801000 -104.467000 -101.412000 -99.939300 -97.493800 -95.157500 -92.323200 -90.199900 -84.831700 -78.866200 -75.934700 -70.330400 -65.865300 -59.891000 -56.723900 -50.878600 -44.995500 -42.362700 -36.502800 -31.273400 -25.688000 -22.789100 -17.350800 -11.830200 -9.122110 -4.091220  1.029240  6.619840  9.314390 14.011600 18.289200 20.614200 24.418600 28.085900 30.916400 32.207700 34.270700 35.657100 36.382300 37.371300 37.962600 38.387600 38.723900 39.236400 39.454300 39.616200 38.934200 39.207900 38.808500 38.223500 37.259700 36.931400 35.838300 33.792600 33.899800 33.242800 32.819300 32.274900 31.211200 31.256400 30.036100 29.509400 29.436200 29.241400 28.517000 27.853600 26.914400 25.843000 25.626900 24.068000 23.195100 23.040200 22.035500 21.637400 21.024100 19.138100 17.393900 17.258700 16.836200 15.917800 15.320200 15.169100 13.909700 13.275100 13.332000 13.203600 13.001300 12.662600 12.545200 12.671100 12.217100 12.001800 12.037800 
Shapelet  11  -78.168200 -78.104100 -77.951600 -77.826500 -77.673400 -77.524800 -77.155500 -76.878700 -76.775800 -76.507700 -76.197900 -75.995500 -75.668200 -75.292300 -74.874100 -74.731600 -74.357000 -73.952600 -73.746500 -73.134500 -72.748600 -72.274100 -72.195900 -71.997500 -71.926100 -71.911200 -71.805800 -71.855500 -71.965500 -71.982700 -71.870000 -71.738300 -71.678600 -71.850100 -71.652600 -71.455700 -71.450700 -71.631100 -71.376700 -71.303900 -71.436000 -71.671700 -71.640700 -71.616300 -71.525100 -71.735900 -71.694100 -71.634600 -71.599500 -71.623600 -71.611600 -71.471500 -71.467100 -71.335400 -71.257700 -71.134700 -71.088700 -71.127100 -71.243100 -71.311200 -71.512000 -71.659000 -71.917900 -72.230200 -72.270800 -72.585100 -73.068700 -73.476500 -73.774400 -74.193800 -74.661800 -75.100400 -75.410500 -75.931900 -75.852900 -75.637600 -75.248300 -74.798100 -74.508200 -73.838900 -72.800600 -71.500500 -70.752000 -70.251200 -69.485700 -67.827500 -67.577900 -66.954200 -66.646300 -66.423400 -66.436900 -66.366600 -66.844600 -67.540600 -67.877300 -67.961400 -68.045800 -68.149700 -67.881900 -67.107100 -66.485600 -64.934600 -63.734700 -62.989400 -61.228100 -57.983500 -56.524900 -55.151500 -52.484500 -49.786600 -48.442000 -43.326400 -38.150600 -32.713100 -29.667400 -23.242000 -17.492500 -14.602400 -9.011020 -2.918320  3.380160  6.687200 13.391600 20.563900 24.209700 31.785800 39.082700 
Shapelet  12  118.273000 117.633000 116.158000 114.621000 112.982000 111.979000 109.951000 107.613000 106.362000 103.823000 101.325000 98.801300 97.223100 94.099000 90.832500 89.068100 85.184500 80.823000 78.607900 74.152100 69.685200 65.188000 62.977800 57.957400 52.442900 49.751000 44.215300 38.266800 32.024400 29.274800 23.576900 17.406300 14.211200  8.270940  2.124310 -3.875110 -6.916420 -12.977000 -18.913100 -24.835200 -27.866800 -33.704800 -39.014500 -41.787200 -47.258100 -53.012300 -58.599500 -60.979800 -65.338200 -69.875400 -71.868200 -76.244200 -80.116900 -83.606800 -85.150300 -87.584800 -89.348100 -89.854600 -90.328100 -90.432800 -90.438800 -90.236300 -89.353100 -88.300700 -87.758700 -86.345300 -85.126000 -83.754500 -83.215900 -82.015100 -80.938700 -80.201900 -79.794900 -79.148200 -78.640800 -78.471000 -78.145800 -77.932600 -77.812800 -77.612300 -77.384400 -77.238900 -77.191800 -77.154500 -77.114700 -77.146300 -77.155000 -77.150200 -77.153700 -77.143600 -77.176500 -77.189100 -77.283800 -77.344200 -77.407400 -77.407700 -77.453000 -77.494400 -77.597600 -77.679400 -77.718000 -77.717400 -77.745200 -77.871400 -77.994600 -78.228900 -78.361800 -78.402000 -78.496700 -78.551300 -78.548300 -78.554000 -78.556800 -78.503700 -78.462900 -78.404700 -78.338400 -78.318700 -78.243000 -78.190200 -78.094900 
Shapelet  13  15.279200 14.795500 13.607600 11.913400 10.757200  8.392770  5.518070  1.772500 -0.421879 -4.911100 -9.629340 -12.185700 -17.550700 -22.747800 -27.558300 -29.820000 -33.870500 -36.796900 -37.877900 -40.187100 -41.763200 -42.457000 -43.659400 -43.457300 -43.046000 -42.620700 -42.249400 -42.225100 -42.457600 -42.625500 -42.785500 -42.617200 -42.473700 
Shapelet  14  -59.798000 -58.600500 -58.131900 -57.700800 -56.810300 -56.393600 -55.385700 -54.790900 -53.487800 -52.583700 -52.009800 -50.498100 -49.253700 -48.302100 -47.805600 -44.879100 -43.034300 -42.234300 -41.107300 -39.718800 -38.688500 -37.825200 -36.886900 -36.110900 -35.848400 -35.470500 -35.202600 -34.927400 -34.740900 -34.437200 -33.791000 -33.419400 -32.251800 -30.896000 -30.200900 -29.612700 -27.903600 -26.173600 -25.280600 -22.907800 -20.193900 -17.988400 -16.534300 -13.859100 -10.243500 -7.370280 -5.921690 -2.612650  0.409037  1.915870  5.424960  9.246480 11.478000 15.887200 19.647500 23.913500 25.401900 28.417400 31.260100 32.412600 36.305900 37.848100 
Shapelet  15  86.502500 85.622300 85.234600 84.100200 82.878400 81.688500 81.143000 80.031100 78.482400 77.677400 75.971500 74.065800 73.031800 70.890400 68.765600 66.307100 64.873600 62.110000 58.962500 56.018000 54.522000 51.501800 48.523600 47.009700 43.762700 40.331900 37.047400 35.354300 31.923400 28.600300 26.969600 23.356700 19.772100 16.774900 15.082200 11.736400  8.262490  6.649100  3.662960  0.465581 -2.646600 -4.200690 -7.268600 -10.112200 -12.785000 -13.904700 -16.141100 -18.146200 -19.799000 -20.592000 -22.033500 -22.697500 
Shapelet  17  -193.758000 -194.063000 -194.261000 -194.775000 -195.110000 -195.170000 -195.487000 -195.637000 -195.856000 -196.482000 -197.280000 -197.790000 -197.869000 -197.466000 -197.611000 -197.662000 -197.918000 -198.244000 -198.908000 -198.527000 -198.595000 -198.465000 -198.334000 -197.758000 -197.297000 -196.653000 -196.385000 -195.967000 -195.303000 -194.669000 -193.248000 -191.454000 -189.108000 -187.126000 -183.751000 -180.179000 -178.810000 -174.638000 -170.354000 -165.099000 -161.768000 -155.775000 -149.309000 -146.233000 -138.339000 -130.763000 -123.463000 -119.593000 -110.537000 -101.644000 -97.232100 -88.327300 -79.543800 -70.437100 -65.870000 -56.496200 -46.894400 -42.130200 -32.740400 -23.205900 -13.554100 -8.708600  0.907679 10.581600 15.270700 24.577600 33.970300 42.816400 47.070400 54.976300 62.071400 65.580900 72.086100 77.713000 83.272300 85.938900 89.085200 92.093600 93.567300 95.181400 96.646200 97.799300 98.206600 98.951500 99.909000 100.034000 100.097000 100.047000 100.069000 99.993300 99.803000 99.730300 99.469400 99.424500 99.504500 98.763600 98.604600 99.025000 98.687200 98.116300 97.981500 97.423100 97.167300 96.741800 96.179800 95.417900 95.109100 94.361700 93.178000 92.078000 91.287100 89.715200 88.959500 87.383200 86.309400 83.852100 81.194200 79.677900 75.999800 71.849500 67.102700 64.670900 59.469100 53.746000 50.846400 44.669800 37.960200 30.957100 27.537100 20.002400 12.508700  8.980990  1.195110 -6.807780 -15.434500 -19.791400 -27.869000 -36.429600 -40.848400 -49.515100 -57.924300 -66.423000 -70.759300 -79.029500 -87.423700 -91.493800 -99.463300 -106.452000 -114.622000 -118.475000 -125.178000 -131.992000 -135.141000 -141.035000 -146.939000 -152.342000 -154.864000 -159.494000 -163.817000 -167.990000 -169.902000 -173.336000 -175.995000 -177.240000 -179.707000 -182.394000 -183.432000 -185.778000 -187.459000 -189.416000 -190.340000 -191.754000 -193.330000 -194.559000 -195.378000 -196.783000 -197.997000 -198.737000 -199.686000 -200.475000 -201.256000 -201.768000 -202.926000 -202.983000 -202.819000 -203.237000 -203.806000 -204.487000 -204.854000 -205.193000 -205.391000 -205.588000 -205.701000 -205.900000 -206.122000 -206.223000 -206.329000 -206.376000 -206.434000 -206.611000 -206.875000 -207.060000 -207.109000 -207.213000 -207.177000 -207.175000 -207.101000 -207.113000 -207.022000 -206.986000 -206.941000 -206.748000 -206.611000 -206.365000 -206.184000 -206.130000 -205.999000 -205.915000 -205.707000 -205.685000 
Shapelet  19  -11.092900 12.674500 19.558500 29.845400 34.074400 38.244300 42.370800 46.020700 48.272400 49.443200 51.476700 52.317600 52.475900 52.352600 51.326600 49.690900 48.217000 44.760700 40.934400 35.718600 30.496200 24.584900 21.786100 15.536800  8.546070  1.378600 -5.363320 -11.325600 -18.115000 -21.533700 -29.073300 -36.166500 -43.536000 -50.703400 -57.585400 -64.028100 -66.623600 -77.279100 -81.566000 -84.094300 -86.295100 -87.526800 -87.904100 -88.327000 -88.440000 -88.222000 -87.535300 -85.927100 -84.898900 -82.550500 -79.716200 -76.311100 -72.097100 -67.538800 -62.830300 -60.179900 -54.952000 -49.313800 -43.711600 -38.133100 -31.583200 -24.953900 -15.412200 -8.990170 -2.000130  4.262950 10.765600 17.222500 20.228300 31.223100 35.257300 39.409200 42.605600 45.645600 47.404200 49.763600 51.150400 52.767000 53.432400 53.854800 53.988700 53.955300 53.486300 52.938400 52.300500 51.319800 50.751900 50.850700 50.859400 50.664700 50.491600 50.290300 50.165600 50.116800 50.276100 50.255100 50.194400 50.084800 49.824600 49.566900 49.461600 49.334700 49.208500 48.978400 48.769400 48.485200 48.397500 47.943000 47.901500 47.957300 48.120100 48.285600 48.323100 48.371500 48.393700 48.343900 48.115800 47.822500 47.295500 46.793100 46.782900 46.679000 46.537300 46.494900 46.256900 45.954300 45.958800 46.071000 46.052200 46.044800 45.839900 45.662800 45.515300 45.346900 45.204300 45.193400 45.273000 45.355800 45.574800 45.723500 45.845700 45.945900 46.164400 46.179800 46.285200 46.316300 46.312400 46.393600 46.355800 46.305600 46.293300 46.316400 46.312100 46.456700 46.432800 46.392300 46.326500 46.265300 46.075500 45.890900 45.620300 45.432200 45.301600 45.279900 45.286000 45.295700 45.545500 45.544500 45.513000 45.476500 45.334400 45.137900 45.067800 45.015600 44.941200 44.885100 44.829800 44.909500 45.048900 45.153400 45.225100 45.274000 45.242900 45.294100 45.194100 45.151400 45.095900 45.061000 45.008100 44.992900 44.983200 44.992400 44.921700 
Shapelet  20  -139.209000 -138.793000 -138.713000 -136.873000 -135.776000 -135.176000 -133.856000 -132.967000 -132.590000 -132.306000 -131.820000 -130.618000 -130.297000 -129.950000 -129.143000 -128.002000 -127.569000 -126.916000 -126.405000 -126.150000 -125.383000 -123.546000 -121.884000 -121.204000 -119.295000 -117.813000 -116.612000 -114.317000 -112.032000 -109.404000 -107.801000 -104.467000 -101.412000 -99.939300 -97.493800 -95.157500 -92.323200 -90.199900 -84.831700 -78.866200 -75.934700 -70.330400 -65.865300 -59.891000 -56.723900 -50.878600 -44.995500 -42.362700 -36.502800 -31.273400 -25.688000 -22.789100 -17.350800 -11.830200 -9.122110 -4.091220  1.029240  6.619840  9.314390 14.011600 18.289200 20.614200 24.418600 28.085900 30.916400 32.207700 34.270700 35.657100 36.382300 37.371300 37.962600 38.387600 38.723900 39.236400 39.454300 39.616200 38.934200 39.207900 38.808500 38.223500 37.259700 36.931400 35.838300 33.792600 33.899800 33.242800 32.819300 32.274900 31.211200 31.256400 30.036100 29.509400 29.436200 29.241400 28.517000 27.853600 26.914400 25.843000 25.626900 24.068000 23.195100 23.040200 22.035500 21.637400 21.024100 19.138100 17.393900 17.258700 16.836200 15.917800 15.320200 15.169100 13.909700 13.275100 13.332000 13.203600 13.001300 12.662600 12.545200 12.671100 12.217100 12.001800 12.037800 12.059000 
Shapelet  21  -125.872000 -124.219000 -122.241000 -121.187000 -119.142000 -118.132000 -115.083000 -112.316000 -109.550000 -106.452000 -105.101000 -102.310000 -99.583300 -96.688900 -93.471300 -90.102500 -86.856100 -85.252300 -81.667500 -77.839500 -74.181300 -70.235300 -66.193300 -62.083200 -60.108200 -55.564000 -50.910400 -46.293100 -41.470900 -36.727700 -34.345900 -29.672300 -20.195700 -15.971400 -12.317000 -8.946920 -7.675870 -5.651950 -2.952750 -0.988800  0.353463  1.057700  1.465050  1.570300  1.770510  1.650160  1.274860  0.801512  0.413993  0.191891 -0.003644 -0.095148 -0.195411 -0.233610 -0.136784  0.111334  0.447076  0.678056  1.093550  2.073310  2.770190  3.336850  3.741360  3.871460  4.243910  4.910320  5.736420  6.701170  7.400980  8.196130  9.206960  9.828110 10.926200 11.557700 12.207400 12.638300 12.741200 13.282700 13.490900 13.780600 14.010900 14.273900 14.474600 14.489000 14.735400 14.688500 14.773700 14.824000 14.923200 14.947700 14.850500 14.908900 15.029600 15.203100 15.560400 15.838200 16.871300 17.598300 17.947800 18.250900 18.677400 19.125900 19.322200 20.060700 20.891600 21.858100 22.796900 23.781800 24.625800 25.301100 26.181900 27.024400 27.635500 28.077000 28.493200 29.074600 29.553700 30.056300 30.896500 31.532100 32.037400 33.166900 33.805800 34.493300 34.788100 35.165200 35.927400 36.482500 36.888900 37.542900 38.395600 38.291100 38.242100 38.184100 37.894500 37.602600 37.597300 37.515000 37.650900 37.326900 37.323600 37.280300 37.432300 37.538000 37.283500 36.795400 43.445000 44.618100 39.788800 36.182600 33.881400 32.237800 30.446400 30.336600 29.959500 30.015200 30.009600 30.006100 29.987900 29.931500 29.752200 29.881800 29.860800 29.187100 28.478500 27.909200 27.494600 27.198600 27.126100 
Shapelet  22  -107.422000 -107.322000 -107.358000 -107.210000 -107.320000 -107.279000 -107.220000 -107.009000 -106.742000 -106.147000 -105.817000 -105.548000 -104.875000 -104.160000 -103.309000 -102.862000 -102.081000 -101.225000 -100.789000 -99.962600 -99.284400 
Shapelet  23  31.045000 29.248200 26.359900 24.483400 15.157300 15.963600 20.000900 22.553200 21.923800 22.237300 21.996800 21.466800 21.236600 20.769900 20.327000 19.921300 19.617400 19.470300 19.458800 19.756800 20.697700 22.433900 27.493100 29.426900 33.397300 37.292200 41.429200 46.308300 50.551400 56.039600 69.466100 88.152600 93.588400 98.768600 103.686000 108.205000 112.473000 114.481000 118.269000 121.230000 124.848000 128.028000 131.019000 133.606000 135.157000 137.469000 139.754000 143.878000 145.733000 147.040000 148.119000 150.882000 151.575000 152.030000 152.548000 152.813000 152.677000 152.622000 151.825000 150.754000 149.324000 147.813000 145.789000 143.914000 141.922000 139.413000 137.061000 134.926000 133.332000 131.233000 130.305000 128.865000 127.128000 125.517000 124.093000 122.318000 122.171000 121.107000 120.660000 119.869000 119.016000 118.483000 118.599000 118.498000 118.455000 118.501000 117.278000 116.224000 116.092000 115.503000 115.182000 114.283000 112.155000 109.902000 107.558000 104.596000 101.426000 99.252000 95.131200 90.184100 84.743900 79.149500 73.198400 69.976800 63.202300 56.322000 49.465500 42.346000 27.935800 23.998800 19.295200 13.254100  7.485040  1.597340 -3.512920 -7.933340 -10.077600 -13.600700 -16.053400 -17.784600 -19.151100 -19.951400 -20.185300 -19.907500 -18.884600 -17.678900 -16.788000 -15.491700 -14.014400 -13.252900 -9.342050 -6.270560 -5.217420 -4.889500 -4.937190 -4.971780 -5.185000 -6.213910 -5.639520 -5.495940 -5.970170 -6.875790 -7.220660 -5.277470 -6.052810 -7.889140 -8.995870 -10.382700 -12.447300 -12.842600 -7.745300 -4.679750 
Shapelet  24  41.084600 35.523900 32.663700 27.272500 21.792900 19.041300 13.578700  7.727640  2.080600 -0.720472 -6.359390 -9.105050 -14.613900 -20.299400 -25.814200 -30.654700 -33.167600 -37.693200 -42.447400 -44.646800 -48.809500 -52.837600 -56.528800 -58.351100 -62.075600 -65.750200 -67.147800 -69.858900 -73.404500 -75.409100 -76.403000 -77.942100 -79.124800 -79.406400 -79.439800 -78.821700 -77.756300 -77.019800 -75.232000 -73.443600 -71.708800 -70.804100 -69.318900 -67.612100 -66.742500 -65.078300 -63.584000 -62.437300 -61.999900 -61.153600 -60.421000 -60.079400 -59.616200 -59.325200 -59.148000 -59.070800 -58.913900 -58.749600 -58.666400 -58.555800 -58.493500 -58.439500 -58.399300 -58.332700 -58.360100 -58.393000 -58.526500 -58.671800 -58.797900 -58.847400 -59.015600 -59.167900 -59.284300 -59.561000 -59.664700 -59.744000 -59.816100 -59.966600 -60.104900 -60.230200 -60.460100 -60.656100 -60.806900 -60.843100 -60.857200 -60.915100 -60.960500 -60.944200 -60.891900 -60.838100 -60.814400 -60.769100 -60.769600 -60.812200 -60.833600 -60.959500 -61.043800 -61.128300 -61.206100 -61.294600 -61.346000 -61.389700 -61.437000 -61.462100 -61.473900 -61.526600 -61.574400 -61.612400 -61.633800 -61.702200 -61.730200 -61.704900 -61.535900 -61.229400 -60.851000 -60.584900 -60.106600 -59.901900 -59.716300 -59.580300 -59.418900 -59.256600 -59.192100 
Shapelet  25   8.548880  8.453810  8.127610  7.632390  7.329020  7.240240  7.199610  7.349340  8.441120  9.227160 10.713400 12.135100 12.930200 14.747800 16.660000 19.240500 22.003100 25.131400 26.860000 30.201400 33.094500 36.223400 39.385500 42.172900 44.828400 45.945700 47.830000 49.571500 50.686800 51.472900 51.818400 52.012100 52.024000 51.871800 51.592600 51.744300 51.546800 51.555000 51.583300 52.286800 52.568100 52.883500 52.708500 52.733000 52.979000 53.400100 53.489400 53.716000 53.840400 54.321000 54.299900 54.284200 54.160400 53.881700 53.166200 52.980300 53.888900 55.090500 57.002400 57.468300 57.843900 58.017800 57.554100 
Shapelet  27  -90.021600 -90.049100 -90.095000 -90.112900 -90.164200 -90.206700 -90.244500 -90.267400 -90.291800 -90.328800 -90.324100 -90.232300 -90.003200 -89.411400 -88.938000 -87.459000 -84.981400 -83.537600 -80.245000 -76.247600 -71.847700 -69.328900 -64.682200 -59.940800 -57.372400 -52.241000 -47.480500 -42.409500 -40.047600 -35.491500 -30.768900 -28.537200 -24.418500 -20.660500 -17.557300 -16.113100 -13.596900 -11.793500 -10.950600 -9.669330 -9.215470 -9.146820 -9.352620 -10.229300 -11.658400 -12.564600 -14.430600 -16.583200 -19.295400 -20.614100 -23.379800 -26.272400 -27.775700 -30.719100 -33.423600 -36.051000 -37.371300 -39.719400 -41.813400 -42.672400 -44.068800 -45.099200 -45.507200 -45.571700 -45.375000 -44.672800 -44.190300 -42.896300 -41.238300 -39.284600 -38.248600 -35.815500 -32.941200 -31.280300 -27.855800 -24.241000 -20.124800 -17.990900 -13.436800 -8.503470 -3.598800 -1.027050  4.210410  9.567840 12.083600 16.905800 21.638400 23.764900 27.735900 31.291000 34.185200 35.466500 37.688700 39.284500 40.329100 
Shapelet  29  -81.692500 -81.747800 -81.807400 -81.814900 -81.822200 -81.809500 -81.798800 -81.748800 -81.697200 -81.649700 -81.579900 -81.427400 -81.218900 -81.047500 -80.804600 -80.409600 -79.812000 -79.464100 -78.945800 -78.142200 -77.702100 -76.597300 -75.603500 -74.425900 -73.648800 -72.468900 -71.350700 -70.854900 -69.463500 -67.861400 -65.449000 -64.098400 -61.628300 -58.956600 -57.309400 -53.672600 -50.656200 -47.588200 -45.805100 -42.703100 -39.558700 -37.819900 -34.880800 -31.841700 -29.041900 -27.883100 -25.378300 -23.178000 -22.454500 -20.425200 -18.540200 -16.723300 -15.809500 -14.576800 -13.530700 -13.119500 -11.784800 -10.779900 -9.471090 -8.646510 -6.814990 -5.204020 -3.865760 -1.539660  0.207740  2.570320  3.852710  6.677250  9.630630 11.159700 
Shapelet  31  -18.449000 -18.774400 -19.029500 -19.448900 -19.921700 -20.379800 -20.614700 -21.092900 -21.607100 -22.056200 -22.360400 -22.661700 -23.045500 -23.216300 -23.703100 -23.987600 -24.102300 -23.997800 -23.907300 -24.006200 -24.161400 -24.173800 -23.949400 -23.565600 -23.218500 -22.585500 -21.681000 -21.250700 -20.490000 -19.423500 -18.302800 -16.447500 -14.985000 -13.666100 -12.357700 -11.478400 -6.703320 -5.721820 -4.427440 -3.141250 -2.700660 -1.581010 -0.069362  0.978789  2.339710  4.157950  5.978730  7.164450  8.716500 11.939800 13.246000 14.310000 15.150900 15.585500 16.649900 17.717200 18.889500 19.764800 20.432500 21.063700 21.418500 22.229800 22.526700 23.696100 24.676000 25.678400 
Shapelet  41  -62.757400 -62.810600 -62.942900 -63.088700 -63.156500 -63.185200 -63.119400 -63.024000 -62.962200 -62.832000 -62.777800 -62.776400 -62.657600 -62.632700 -62.588700 -62.570900 -62.508100 -62.420800 -62.385400 -62.397500 -62.327400 -62.384000 -62.377500 -62.266600 -62.107400 -62.084100 -62.030700 -62.229300 -62.395000 -62.449400 -62.690500 
Shapelet  42  -100.924000 -99.503500 -96.490500 -92.502600 -90.297900 -85.388300 -80.052400 -77.420600 -72.263800 -66.487700 -60.551900 -54.464500 -51.222300 -44.571500 -37.887100 -34.478300 -27.496100 -20.357100 -13.056300 -9.521450 -2.189390  5.022110  8.536660 15.249400 21.668500 27.812700 30.816100 36.214100 40.895700 42.929800 46.874100 49.999900 52.370000 53.399900 55.117700 56.732100 57.402300 58.441400 59.252000 59.898800 60.134900 60.632000 60.855000 61.042400 61.428800 61.838700 62.311700 62.546600 62.595400 62.690100 62.842200 62.914000 63.008600 62.848300 62.771500 62.574600 62.513200 62.430300 62.436200 62.285600 62.021800 61.728000 61.328400 61.124900 61.018400 60.683800 59.978200 59.659400 59.592300 59.560000 59.806600 59.965200 60.113900 60.207800 60.288100 60.323300 60.595000 
Shapelet  43  47.559300 45.883300 45.685000 44.918500 44.247000 43.601500 42.999200 42.159200 41.899300 41.364100 40.883100 
Shapelet  45  -71.127100 -71.243100 -71.311200 -71.512000 -71.659000 -71.917900 -72.230200 -72.270800 -72.585100 -73.068700 -73.476500 -73.774400 -74.193800 -74.661800 -75.100400 -75.410500 -75.931900 -75.852900 -75.637600 -75.248300 -74.798100 
Shapelet  46  29.342500 29.144200 28.796800 27.602800 25.522100 23.917900 20.255400 16.616100 14.584700 10.343800  6.762880  2.345500  0.341921 -3.918530 -7.437940 -13.198500 -16.379500 -22.341800 -27.246500 -29.568400 -34.743600 -39.720300 -43.896900 -46.341200 -50.352700 -55.267900 -57.355400 -61.762600 -66.388300 -69.973300 -72.457700 -75.573800 -78.135200 -78.909300 -80.387400 -81.546700 -82.529900 -82.957700 -83.730500 -84.758800 -85.299100 -85.910100 -86.545800 -86.784700 -86.763600 -86.311900 -84.907100 -83.709800 -81.282200 -77.913700 -74.165700 -72.068600 -67.879100 -62.532400 -57.293000 -54.856400 -49.628900 -44.165100 -41.245800 -36.665600 -30.981500 -28.403600 -23.450700 -18.433900 -13.344800 -10.697500 -5.216360  0.037918  2.163750  6.266560 11.777000 16.207300 17.828300 21.386700 24.325700 27.337500 28.609500 31.114100 32.462600 32.764900 33.490800 33.988600 33.912200 33.939200 33.741000 33.620800 
Shapelet  47  -3.611410 -6.142760 -11.184500 -16.615200 -19.473400 -25.085600 -30.913100 -33.740700 -39.173500 -44.321600 -49.529200 -52.072000 -56.815400 -61.099500 -65.262300 -67.156400 -70.304600 -73.140200 -74.367100 -76.917000 -78.944400 -80.748800 -81.394300 -82.501100 -83.269500 -83.363500 -83.395500 -83.258600 -82.673000 -82.050000 -80.392800 -78.079900 -76.890600 -74.592300 -72.000200 -69.010300 -67.440900 -64.053200 -60.703200 -59.069100 -55.318300 -51.623700 -47.916700 -46.214800 -42.444900 -38.474300 -36.551500 -32.421300 -28.338000 -24.018500 -21.727800 -16.883000 -12.003500 -7.200660 -4.705960  0.209419  5.098020  7.458330 12.082000 16.551800 20.922300 22.926400 26.718000 30.664300 32.706000 36.531600 40.150200 43.593700 45.233100 48.049600 50.481200 51.805400 54.386000 56.528600 57.644900 59.206200 60.444500 61.324400 61.696100 62.400200 62.616000 62.843900 62.952300 62.933300 62.512100 62.001500 61.380300 60.536800 59.644200 59.255600 58.449900 57.492200 57.116800 56.159300 54.941000 53.938600 53.429800 52.298900 51.051900 50.382200 49.016000 47.618300 46.366300 45.764500 44.724100 43.976100 43.716900 43.186100 42.636400 42.033600 41.714900 41.300000 41.028000 40.920100 40.710300 40.578100 40.497000 40.459800 40.336700 40.266900 40.204700 40.199100 40.193400 40.209100 40.211400 40.238900 40.240500 40.225900 40.184300 40.158200 40.150200 40.136200 40.113300 40.108500 40.122300 40.142100 40.142100 40.125800 
Shapelet  51  -105.371000 -105.289000 -105.163000 -105.006000 -104.850000 -104.638000 -104.430000 -104.335000 -104.220000 -104.157000 -104.334000 -104.316000 -104.194000 -104.047000 -103.987000 -103.660000 -102.965000 -101.950000 -101.269000 -99.409900 -97.405900 -96.266200 -93.850400 -91.805600 -88.432500 -86.428400 -82.133200 -77.812100 -75.570300 -71.121900 -66.046600 -61.123100 -58.483700 -52.779700 -47.528600 -45.211800 -40.478600 -36.088400 -31.400800 -29.612100 -25.862100 -22.973500 -20.238700 -19.231100 -17.651100 -17.106000 -16.675200 -16.413900 -16.806500 -16.635100 -16.948000 -18.276500 -19.818800 -20.673600 -22.637200 -26.025900 -28.291300 -30.085300 -31.982600 -33.284100 -36.071800 -38.928300 -41.518700 -42.739300 -45.121900 -47.592700 -48.797100 -51.839100 -54.280900 -55.609300 -56.120600 -56.915200 -57.443800 -57.397600 -57.480100 -57.656700 -57.283500 -56.283700 -55.322900 -53.798400 -53.052500 -51.237800 -49.065600 -46.174500 -44.480500 -41.581400 -38.810400 -37.097000 -32.700000 -28.843000 -25.193500 -23.153600 -19.028200 -14.567000 -10.441100 -8.449210 -4.467410 -0.705220  1.661260  6.523370 10.519000 12.263600 15.423500 20.783300 23.762200 25.002600 27.029500 28.160000 28.573700 29.267700 29.847200 30.114500 30.078800 30.244700 30.283200 30.342200 30.457500 30.656600 30.781100 
Shapelet  58  -81.692500 -81.747800 -81.807400 -81.814900 -81.822200 -81.809500 -81.798800 -81.748800 -81.697200 -81.649700 -81.579900 -81.427400 -81.218900 -81.047500 -80.804600 -80.409600 -79.812000 -79.464100 -78.945800 -78.142200 -77.702100 -76.597300 -75.603500 -74.425900 -73.648800 -72.468900 -71.350700 -70.854900 -69.463500 -67.861400 -65.449000 -64.098400 -61.628300 -58.956600 -57.309400 -53.672600 -50.656200 -47.588200 -45.805100 -42.703100 -39.558700 -37.819900 -34.880800 -31.841700 -29.041900 -27.883100 -25.378300 -23.178000 -22.454500 
Shapelet  86  -163.299000 -163.252000 -163.050000 -163.598000 -163.258000 -162.164000 -160.144000 -157.684000 -156.621000 -152.798000 -147.742000 -137.651000 -131.552000 -125.368000 -122.266000 -114.890000 -107.524000 -99.865600 -91.780400 -83.332300 -74.473500 -70.120600 -60.942700 -51.739500 -42.765200 -33.677900 -24.442800 -19.790900 -11.153600 -2.320090  6.343980 14.423100 21.889800 28.965300 32.467100 39.073900 44.848400 49.773000 54.076800 61.135500 62.526900 64.749800 66.390900 67.520600 67.933700 68.135300 67.691700 67.865300 66.817100 64.721500 61.370600 57.344200 52.527600 50.026300 44.449500 38.071600 31.190700 23.662800 15.682700 11.606300  2.891200 -6.258390 -15.554900 -25.385700 -34.865000 -50.046700 -57.936500 -67.036000 -76.641800 -85.497300 -93.832100 -101.809000 -105.693000 -112.966000 -119.504000 -125.477000 -131.480000 -133.946000 -137.419000 -140.252000 -142.365000 -143.483000 -144.583000 -145.020000 -144.918000 -144.830000 -144.248000 -142.926000 -140.485000 -134.235000 -129.505000 -126.800000 -121.159000 -115.656000 -109.360000 -102.462000 -98.734200 -90.602700 -82.612900 -74.191100 -65.366600 -56.074700 -51.826900 -42.634700 -33.597700 -24.705800 -16.139200 -7.957510  0.891508  9.681140 18.346300 22.969500 38.641600 44.950600 50.482600 55.877200 61.381900 63.828200 70.662200 76.095900 82.829300 85.196200 85.114200 88.140600 90.125500 91.902200 93.215000 94.731000 96.230400 96.378000 95.052900 95.254500 95.651900 96.320200 96.531300 96.521700 97.386300 97.702700 98.263000 98.338000 98.406800 98.430000 97.598200 103.333000 109.672000 113.130000 115.239000 115.887000 116.629000 116.950000 117.179000 117.678000 118.162000 118.386000 118.104000 117.527000 117.089000 87.055400 90.988800 99.232500 105.065000 106.833000 108.737000 109.443000 109.980000 109.875000 110.484000 109.973000 110.014000 
Shapelet  87  65.484900 66.769600 67.409900 67.620000 67.711400 67.757900 67.712400 67.483700 67.172100 66.719400 66.466400 66.418600 66.084000 65.653600 65.288600 65.067600 64.914800 64.765600 64.261900 63.977700 63.672000 63.468600 63.276900 63.042200 62.979000 62.965600 63.024000 63.141400 63.241200 63.271800 63.314900 63.342300 
Shapelet  91  -46.164300 -46.193800 -46.227700 -46.243100 -46.330700 -46.486900 -46.605700 -46.817800 -47.097200 -47.329100 -47.484700 -47.789300 -48.225800 -48.492000 -49.033800 -49.490500 -49.938100 -50.233200 -50.986600 -51.633200 -51.981400 -52.654500 -53.220800 -53.941200 -54.347400 -55.484000 -56.407400 -57.134000 -58.031700 -60.278300 -61.624300 -62.902700 -64.400100 -65.806900 -66.648200 -67.769800 -68.994400 -69.602300 -70.957500 -72.761700 -74.647800 -75.243200 -76.290900 -77.480700 -78.278300 -78.653300 -79.195000 -80.024600 -80.299900 -80.394300 -80.489600 -80.484800 -80.437900 -80.386100 -79.977600 -79.710400 -79.121900 -78.482500 -77.773400 -77.411800 -76.878200 -76.346100 -76.132100 -75.783000 -75.537000 -75.392400 -75.222700 -74.928000 -75.195100 -75.157800 -75.044000 -75.049200 -74.710400 -74.456100 -74.617200 -74.115800 -74.008400 -73.738800 -73.456600 -73.056200 -72.902400 -72.783900 -72.753900 -72.656000 -72.310900 -71.927500 -71.744600 -71.770000 -71.637100 -71.079100 -71.043600 -70.938300 -71.083800 -71.026800 -70.886300 -70.975600 -70.530600 -69.955200 -69.785200 -69.196100 -68.915700 -68.405400 -67.246700 -65.385300 -63.407200 -62.521900 -59.929700 -57.226300 -55.417500 -52.579900 -47.759300 -45.950600 -42.325600 -37.859800 -30.076900 -25.376600 -20.879900 -15.554800 -12.671700 -7.256900 -1.428790  1.250330  6.095210 12.199300 15.082200 20.019700 25.094900 30.553900 33.491900 38.907300 44.538000 50.207500 53.227600 57.815100 62.805300 
Shapelet 172  -163.050000 -163.598000 -163.258000 -162.164000 -160.144000 -157.684000 -156.621000 -152.798000 -147.742000 -137.651000 -131.552000 -125.368000 -122.266000 -114.890000 -107.524000 -99.865600 -91.780400 -83.332300 -74.473500 -70.120600 -60.942700 -51.739500 -42.765200 -33.677900 -24.442800 -19.790900 -11.153600 -2.320090  6.343980 14.423100 21.889800 28.965300 32.467100 39.073900 44.848400 49.773000 54.076800 61.135500 62.526900 64.749800 66.390900 67.520600 67.933700 68.135300 67.691700 67.865300 66.817100 64.721500 61.370600 57.344200 52.527600 50.026300 44.449500 38.071600 31.190700 23.662800 15.682700 11.606300  2.891200 -6.258390 -15.554900 -25.385700 -34.865000 -50.046700 -57.936500 -67.036000 -76.641800 -85.497300 -93.832100 -101.809000 -105.693000 -112.966000 -119.504000 -125.477000 -131.480000 -133.946000 -137.419000 -140.252000 -142.365000 -143.483000 -144.583000 -145.020000 -144.918000 -144.830000 -144.248000 -142.926000 -140.485000 -134.235000 -129.505000 -126.800000 -121.159000 -115.656000 -109.360000 -102.462000 -98.734200 -90.602700 -82.612900 -74.191100 -65.366600 -56.074700 -51.826900 -42.634700 -33.597700 -24.705800 -16.139200 -7.957510  0.891508  9.681140 18.346300 22.969500 38.641600 44.950600 50.482600 55.877200 61.381900 63.828200 70.662200 76.095900 82.829300 85.196200 85.114200 88.140600 90.125500 91.902200 93.215000 94.731000 96.230400 96.378000 95.052900 95.254500 95.651900 96.320200 96.531300 96.521700 97.386300 97.702700 98.263000 98.338000 98.406800 98.430000 97.598200 103.333000 109.672000 113.130000 115.239000 115.887000 116.629000 116.950000 117.179000 117.678000 118.162000 118.386000 118.104000 117.527000 117.089000 87.055400 90.988800 99.232500 105.065000 106.833000 108.737000 109.443000 109.980000 109.875000 110.484000 109.973000 110.014000 109.851000 110.364000 110.103000 110.166000 110.169000 110.394000 110.687000 110.876000 111.099000 111.123000 110.768000 110.465000 109.864000 109.586000 
Shapelet 182  -46.166000 -46.167000 -46.162400 -46.162100 -46.164300 -46.193800 -46.227700 -46.243100 -46.330700 -46.486900 -46.605700 -46.817800 -47.097200 -47.329100 -47.484700 -47.789300 -48.225800 -48.492000 -49.033800 -49.490500 -49.938100 -50.233200 -50.986600 -51.633200 -51.981400 -52.654500 -53.220800 -53.941200 -54.347400 -55.484000 -56.407400 -57.134000 -58.031700 -60.278300 -61.624300 -62.902700 -64.400100 -65.806900 -66.648200 -67.769800 -68.994400 -69.602300 -70.957500 -72.761700 -74.647800 -75.243200 -76.290900 -77.480700 -78.278300 -78.653300 -79.195000 -80.024600 -80.299900 -80.394300 -80.489600 -80.484800 -80.437900 -80.386100 -79.977600 -79.710400 -79.121900 -78.482500 -77.773400 -77.411800 -76.878200 -76.346100 -76.132100 -75.783000 -75.537000 -75.392400 -75.222700 -74.928000 -75.195100 -75.157800 -75.044000 -75.049200 -74.710400 -74.456100 -74.617200 -74.115800 -74.008400 -73.738800 -73.456600 -73.056200 -72.902400 -72.783900 -72.753900 -72.656000 -72.310900 -71.927500 -71.744600 -71.770000 -71.637100 -71.079100 -71.043600 -70.938300 -71.083800 -71.026800 -70.886300 -70.975600 -70.530600 -69.955200 -69.785200 -69.196100 -68.915700 -68.405400 -67.246700 -65.385300 -63.407200 -62.521900 -59.929700 -57.226300 -55.417500 -52.579900 -47.759300 -45.950600 -42.325600 -37.859800 -30.076900 -25.376600 -20.879900 -15.554800 -12.671700 -7.256900 -1.428790  1.250330  6.095210 12.199300 15.082200 20.019700 25.094900 30.553900 33.491900 38.907300 44.538000 50.207500 53.227600 57.815100 62.805300 65.223600 69.377300 73.554300 77.493000 78.763300 80.303300 81.766300 


; cmd = ShapeletResearch/Execs/FastShapelet UCRArchive_2018//GestureMidAirD1/GestureMidAirD1_TRAIN.tsv 26 208 361 10 1 10 10 0 1 10 UCRArchive_2018//GestureMidAirD1/tree.txt UCRArchive_2018//GestureMidAirD1/time.txt
; time =>  251.513   6.929  13.019   1.459 229.177 
