;Shapelet Tree 

;random seed:1551078140, rand()=904714745, rand()=1534005416
;command = ShapeletResearch/Execs/FastShapelet UCRArchive_2018//Yoga/Yoga_TRAIN.tsv 2 300 427 10 1 10 10 0 1 10 UCRArchive_2018//Yoga/tree.txt UCRArchive_2018//Yoga/time.txt 

;Local Class:   0  1 
;Real  Class:   1  2 

;Node ID class   obj  pos  len  dist_th 
TreeSize: 28 
NonL  1    --      0  187   45   0.6213 ==>  63  18  /  74 145 
NonL  2    --      5  256  165   2.4286 ==>  37   0  /  26  18 
NonL  3    --    196  208  176   4.7630 ==>  34 130  /  40  15 
Leaf  4     1    
NonL  5    --      3  356   45   1.0392 ==>  15   0  /  11  18 
NonL  6    --    101  171  114   4.2451 ==>   4  90  /  30  40 
NonL  7    --     24    0  425  19.2202 ==>   1  11  /  39   4 
Leaf 10     1    
NonL 11    --      0   73   57   1.6131 ==>   2  18  /   9   0 
Leaf 12     2    
NonL 13    --      8  310   53   1.6538 ==>   2  29  /  28  11 
Leaf 14     2    
Leaf 15     1    
Leaf 22     2    
Leaf 23     1    
Leaf 26     2    
Leaf 27     1    

;Shapelet id   <data>
Shapelet   1  -0.293621 -0.357496 -0.398322 -0.477326 -0.556063 -0.629763 -0.654631 -0.678206 -0.753762 -0.829891 -0.905480 -0.935125 -0.995950 -1.029159 -1.044459 -1.092374 -1.130483 -1.140799 -1.149213 -1.155698 -1.179367 -1.240525 -1.286971 -1.285476 -1.281858 -1.279282 -1.329365 -1.376409 -1.433175 -1.490400 -1.535085 -1.588282 -1.644360 -1.700196 -1.755753 -1.810988 -1.853972 -1.895085 -1.935820 -1.967789 -2.006316 -2.026250 -2.062588 -2.067472 -2.105206 
Shapelet   2   0.952940  1.004401  1.055951  1.107586  1.159301  1.211093  1.262959  1.314895  1.372842  1.434512  1.486428  1.538408  1.590451  1.642554  1.689440  1.732595  1.785048  1.837548  1.890092  1.942680  1.995310  2.047980  2.096380  2.137075  2.160437  2.149695  2.139594  2.130136  2.121326  2.095337  2.051766  2.027208  1.968934  1.915043  1.861162  1.805324  1.747198  1.691505  1.632143  1.573395  1.515287  1.457852  1.401118  1.345120  1.290017  1.235767  1.181518  1.127269  1.073020  1.019158  0.966538  0.913978  0.859794  0.805612  0.752374  0.700729  0.645661  0.588222  0.532124  0.477909  0.423267  0.367813  0.313568  0.259176  0.204487  0.150232  0.095976  0.041720 -0.012536 -0.066791 -0.121047 -0.175303 -0.229559 -0.283643 -0.337310 -0.391544 -0.445777 -0.500008 -0.554427 -0.609349 -0.663605 -0.717861 -0.772116 -0.826372 -0.880628 -0.934884 -0.989139 -1.043395 -1.097402 -1.150600 -1.203987 -1.254651 -1.308585 -1.362482 -1.414740 -1.461087 -1.511733 -1.552799 -1.604397 -1.651829 -1.683499 -1.731296 -1.777786 -1.816795 -1.827847 -1.856779 -1.841229 -1.813533 -1.775656 -1.737460 -1.739402 -1.735955 -1.712937 -1.615768 -1.637816 -1.573710 -1.550706 -1.524515 -1.495454 -1.463827 -1.434531 -1.433091 -1.389662 -1.312998 -1.236325 -1.159644 -1.086989 -1.045298 -0.972306 -0.929749 -0.856516 -0.816569 -0.775728 -0.734063 -0.688833 -0.615386 -0.569859 -0.496347 -0.452999 -0.406799 -0.331067 -0.257435 -0.213402 -0.166952 -0.093343 -0.046812  0.028578  0.102387  0.147169  0.190903  0.207651  0.226635  0.247802  0.271099  0.297297  0.346598  0.395394  0.424552  0.474781  0.525160  0.575680  0.626335  0.677118  0.728330  0.797814 
Shapelet   3   0.919608  0.900222  0.881367  0.863285  0.887329  0.929087  0.914046  0.899407  0.885723  0.872854  0.860548  0.849482  0.838834  0.829342  0.820537  0.812476  0.805538  0.794676  0.729057  0.686195  0.682413  0.679634  0.677362  0.734747  0.794811  0.855439  0.916456  0.977789  1.038510  1.099413  1.162045  1.225217  1.289077  1.309321  1.312033  1.257671  1.201377  1.141129  1.198167  1.325878  1.288770  1.235504  1.175612  1.182153  1.252010  1.226500  1.178523  1.132231  1.080850  1.021834  0.973338  0.929438  0.887664  0.846555  0.807049  0.768920  0.731774  0.696800  0.662575  0.630472  0.587434  0.532161  0.497425  0.467259  0.413196  0.359255  0.305534  0.233369  0.151533  0.096494  0.042904 -0.010388 -0.063448 -0.116313 -0.168789 -0.221123 -0.273023 -0.324686 -0.376040 -0.426961 -0.477705 -0.527818 -0.577704 -0.627111 -0.652971 -0.664152 -0.707695 -0.754159 -0.799855 -0.845017 -0.889655 -0.933369 -0.976731 -1.018952 -1.027084 -0.982343 -0.963201 -0.955669 -0.991736 -1.028046 -1.063157 -1.067494 -1.049180 -1.073184 -1.103057 -1.131234 -1.158404 -1.184411 -1.208672 -1.232244 -1.253527 -1.273913 -1.292647 -1.271489 -1.228660 -1.238250 -1.250294 -1.260258 -1.268722 -1.275888 -1.331066 -1.387831 -1.389345 -1.389576 -1.388061 -1.384373 -1.379792 -1.372275 -1.382373 -1.431315 -1.442008 -1.428039 -1.411463 -1.394057 -1.374438 -1.325692 -1.247348 -1.212275 -1.188364 -1.162357 -1.135517 -1.107340 -1.077777 -1.047561 -1.015479 -0.969248 -0.885270 -0.829428 -0.794984 -0.759196 -0.722964 -0.685511 -0.626242 -0.540949 -0.490456 -0.451382 -0.411171 -0.355329 -0.269681 -0.212352 -0.170953 -0.128622 -0.086012 -0.042686  0.023026  0.108748  0.160212  0.204454  0.249390  0.311241  0.396839  0.453942  0.499523  0.545774  0.603927  0.689328 
Shapelet   5  -0.374859 -0.410205 -0.394522 -0.426378 -0.400037 -0.428336 -0.391293 -0.418675 -0.443522 -0.465741 -0.485204 -0.501863 -0.515655 -0.526521 -0.534412 -0.539293 -0.541141 -0.471505 -0.457285 -0.450319 -0.504319 -0.505093 -0.489052 -0.470200 -0.448615 -0.369539 -0.324105 -0.230263 -0.125741 -0.126311 -0.121879 -0.091095 -0.014175  0.046549  0.123163  0.188340  0.226582  0.302653  0.374125  0.416079  0.491243  0.568219  0.613317  0.659662  0.733439 
Shapelet   6  -1.721397 -1.668632 -1.609647 -1.552556 -1.497303 -1.447057 -1.438856 -1.427820 -1.412829 -1.394049 -1.371737 -1.346188 -1.317682 -1.257183 -1.209598 -1.142911 -1.093218 -1.109870 -1.140052 -1.167979 -1.193394 -1.216052 -1.235857 -1.252630 -1.266200 -1.276465 -1.283284 -1.286582 -1.286326 -1.282518 -1.275203 -1.264430 -1.250253 -1.232941 -1.212653 -1.189565 -1.163860 -1.135644 -1.105131 -1.072553 -1.038083 -1.001882 -0.964100 -0.924878 -0.884343 -0.842611 -0.799790 -0.755976 -0.711238 -0.665655 -0.619327 -0.572315 -0.519190 -0.447663 -0.399381 -0.350878 -0.301894 -0.252464 -0.202621 -0.152394 -0.101811 -0.050900  0.000321  0.051829  0.103604  0.155639  0.207911  0.260400  0.313092  0.365974  0.419036  0.472273  0.525670  0.579218  0.632908  0.686732  0.740684  0.794757  0.848943  0.903235  0.957630  1.012121  1.065759  1.097680  1.076632  1.022967  0.967880  0.912868  0.857937  0.803091  0.748334  0.693671  0.639107  0.584651  0.530307  0.476080  0.421979  0.368010  0.314181  0.260514  0.207009  0.153679  0.100534  0.047586 -0.005150 -0.057657 -0.109918 -0.161916 -0.213628 -0.265034 -0.270321  0.844105  1.177919  1.234972 
Shapelet   7   1.235665  1.247969  1.261049  1.274898  1.289506  1.304865  1.321005  1.337958  1.349463  1.328105  1.337375  1.310534  1.284443  1.299566  1.283364  1.296207  1.274146  1.228023  1.203725  1.157174  1.113599  1.088276  1.046024  1.025008  0.952743  0.905360  0.855388  0.785854  0.736639  0.663285  0.613744  0.539708  0.463934  0.388241  0.312639  0.241996  0.205093  0.140595  0.102274  0.033383 -0.014326 -0.061287 -0.107890 -0.154121 -0.195409 -0.214247 -0.254880 -0.264743 -0.271735 -0.269112 -0.233951 -0.195628 -0.156572 -0.122978 -0.124579 -0.157427 -0.197673 -0.274289 -0.350993 -0.419494 -0.463087 -0.537091 -0.613360 -0.684836 -0.728968 -0.779202 -0.854147 -0.925006 -0.968593 -1.017388 -1.075917 -1.033259 -0.965560 -0.931039 -0.920081 -0.883411 -0.871915 -0.866927 -0.903037 -0.971683 -1.018699 -1.070928 -1.145809 -1.220670 -1.295175 -1.364081 -1.411729 -1.441743 -1.422870 -1.421134 -1.393859 -1.385122 -1.343840 -1.308732 -1.287426 -1.242379 -1.201254 -1.173150 -1.128831 -1.094799 -1.044393 -0.993149 -0.945523 -0.905984 -0.856721 -0.813495 -0.763310 -0.719668 -0.672047 -0.619481 -0.570893 -0.520260 -0.482319 -0.468074 -0.426808 -0.423971 -0.403990 -0.360291 -0.352058 -0.343164 -0.332779 -0.320926 -0.307611 -0.292917 -0.276842 -0.259408 -0.225668 -0.170169 -0.149317 -0.127386 -0.104290 -0.080080 -0.054794 -0.028460 -0.001125  0.027166  0.056401  0.100992  0.162301  0.193564  0.225615  0.258439  0.306188  0.382894  0.459629  0.524608  0.567860  0.622579  0.699153  0.764165  0.819199  0.883935  0.939406  1.004173  1.059756  1.120300  1.137482  1.128651  1.108242  1.080043  1.061517  1.035227  1.018525  0.994357  0.979790  0.942048  0.904796  0.868050  0.831830  0.796151  0.777977  0.786526  0.796991  0.773022  0.715117  0.684075  0.634861  0.571703  0.526397  0.487349  0.437691  0.362032  0.286468  0.223689  0.178040  0.132763  0.087880  0.043414 -0.000611 -0.029103 -0.052982 -0.094853 -0.136150 -0.193461 -0.253904 -0.294002 -0.333394 -0.390036 -0.449177 -0.505568 -0.564088 -0.600932 -0.636787 -0.691861 -0.748251 -0.781657 -0.813790 -0.844564 -0.873890 -0.901676 -0.927827 -0.952247 -0.999851 -1.071548 -1.132470 -1.193370 -1.254169 -1.304658 -1.354677 -1.415937 -1.476635 -1.526192 -1.574999 -1.622890 -1.669647 -1.714989 -1.776387 -1.835140 -1.876858 -1.915143 -1.948807 -1.976323 -1.995933 -2.035787 -2.059233 -2.045718 -2.021257 -2.008429 -1.983133 -1.936334 -1.887490 -1.837285 -1.786136 -1.734311 -1.681986 -1.629284 -1.576288 -1.515402 -1.447815 -1.378669 -1.308300 -1.249300 -1.186541 -1.114964 -1.042704 -0.983921 -0.920572 -0.847700 -0.803469 -0.748615 -0.674251 -0.616247 -0.552233 -0.477693 -0.419855 -0.355726 -0.281048 -0.223556 -0.159129 -0.084341 -0.027020  0.037537  0.094689  0.159445  0.216502  0.281250  0.338338  0.403337  0.478025  0.552850  0.609424  0.674717  0.749609  0.824616  0.880814  0.946397  1.021453  1.096371  1.152436  1.218308  1.274042  1.340040  1.415178  1.490222  1.545772  1.592299  1.626421  1.655405  1.685562  1.746803  1.822496  1.876949  1.943794  1.998164  2.043970  2.089973  2.115650  2.154208  2.181200  2.200706  2.188041  2.162140  2.136769  2.111932  2.087463  2.027507  1.954948  1.899318  1.832541  1.777269  1.710393  1.638338  1.582482  1.515656  1.443256  1.371055  1.336169  1.277496  1.206136  1.135038  1.064213  0.993680  0.923461  0.853562  0.784011  0.714844  0.646082  0.578131  0.521612  0.457684  0.401856  0.337258  0.281671  0.217313  0.150441  0.084182  0.018619 -0.046190 -0.110168 -0.171004 -0.192889 -0.242371 -0.302150 -0.360682 -0.374393 -0.418965 -0.473043 -0.525419 -0.575846 -0.623466 -0.624832 -0.617856 -0.647734 -0.643690 -0.672976 -0.705535 -0.694958 -0.676195 -0.692608 -0.675195 -0.648783 -0.623025 -0.631286 -0.644466 -0.654188 -0.660145 -0.662331 -0.660800 -0.658469 -0.683833 -0.679512 -0.665112 -0.647038 -0.625621 -0.599614 -0.554648 -0.522998 -0.491396 -0.456099 -0.407617 -0.367471 -0.327804 -0.285891 -0.241502 -0.189240 -0.141149 -0.088515 -0.039484  0.010225  0.061622  0.115791  0.170352  0.224825  0.277838  0.280166  0.280741  0.287484  0.332759  0.343540  0.348541  0.354771  0.362099  0.375779  0.431876  0.495403  0.549596  0.602512  0.648449  0.701106  0.754992  0.809055  0.871718  0.934323  0.988993  1.042699 
Shapelet  11   0.724170  0.701062  0.632665  0.564774  0.497448  0.430747  0.364677  0.303740  0.244798  0.181869  0.125772  0.069981  0.006201 -0.051726 -0.112878 -0.146410 -0.152329 -0.157017 -0.160460 -0.162482 -0.163351 -0.162877 -0.161121 -0.158116 -0.153867 -0.148380 -0.129639 -0.073318 -0.061151 -0.049449  0.002498  0.035633  0.049012  0.063483  0.067379  0.036206  0.052651  0.071747  0.091952  0.113141  0.162984  0.237446  0.312188  0.382760  0.435515  0.487078  0.538812  0.590698  0.642737  0.704694  0.762406  0.785629  0.803816  0.784565  0.801721  0.866327  0.926061 
Shapelet  13   0.206401  0.152202  0.086264  0.016894 -0.037209 -0.095577 -0.171128 -0.226520 -0.280205 -0.333585 -0.407062 -0.469175 -0.537575 -0.616970 -0.686690 -0.732814 -0.758260 -0.773777 -0.750159 -0.759815 -0.731820 -0.696052 -0.688912 -0.669907 -0.649637 -0.635363 -0.592610 -0.555392 -0.545267 -0.504904 -0.489071 -0.446650 -0.423320 -0.405668 -0.368792 -0.330444 -0.296798 -0.251055 -0.219440 -0.167903 -0.133820 -0.082563 -0.045110  0.005342  0.048945  0.087209  0.127445  0.149383  0.150893  0.186432  0.175022  0.164867  0.155819 


; cmd = ShapeletResearch/Execs/FastShapelet UCRArchive_2018//Yoga/Yoga_TRAIN.tsv 2 300 427 10 1 10 10 0 1 10 UCRArchive_2018//Yoga/tree.txt UCRArchive_2018//Yoga/time.txt
; time =>  645.666  16.693  67.925   7.530 547.280 
