;Shapelet Tree 

;random seed:1551068531, rand()=879556338, rand()=742879213
;command = ShapeletResearch/Execs/FastShapelet UCRArchive_2018//Fungi/Fungi_TRAIN.tsv 18 18 202 10 1 10 10 0 1 10 UCRArchive_2018//Fungi/tree.txt UCRArchive_2018//Fungi/time.txt 

;Local Class:   0  1  2  3  4  5  6  7  8  9 10 11 12 13 14 15 16 17 
;Real  Class:   1  2  3  4  5  6  7  8  9 10 11 12 13 14 15 16 17 18 

;Node ID class   obj  pos  len  dist_th 
TreeSize: 50 
NonL  1    --      9   92  103   6.1702 ==>   0   0   0   0   1   0   1   0   0   1   1   1   1   1   1   0   1   0  /   1   1   1   1   0   1   0   1   1   0   0   0   0   0   0   1   0   1 
NonL  2    --      5    0  185   7.7833 ==>   0   0   0   0   0   0   0   0   0   0   0   1   1   1   1   0   1   0  /   0   0   0   0   1   0   1   0   0   1   1   0   0   0   0   0   0   0 
NonL  3    --      4    3  175  10.5828 ==>   0   0   1   1   0   1   0   1   1   0   0   0   0   0   0   0   0   0  /   1   1   0   0   0   0   0   0   0   0   0   0   0   0   0   1   0   1 
NonL  4    --      2   11  188   7.7633 ==>   0   0   0   0   0   0   0   0   0   0   0   1   1   1   0   0   0   0  /   0   0   0   0   0   0   0   0   0   0   0   0   0   0   1   0   1   0 
NonL  5    --      2   71  124   3.1554 ==>   0   0   0   0   0   0   0   0   0   1   1   0   0   0   0   0   0   0  /   0   0   0   0   1   0   1   0   0   0   0   0   0   0   0   0   0   0 
NonL  6    --      1  109   90   4.9497 ==>   0   0   0   1   0   1   0   0   1   0   0   0   0   0   0   0   0   0  /   0   0   1   0   0   0   0   1   0   0   0   0   0   0   0   0   0   0 
NonL  7    --      1    8  182  11.1686 ==>   1   1   0   0   0   0   0   0   0   0   0   0   0   0   0   0   0   0  /   0   0   0   0   0   0   0   0   0   0   0   0   0   0   0   1   0   1 
NonL  8    --      2    0  168   9.0372 ==>   0   0   0   0   0   0   0   0   0   0   0   1   0   1   0   0   0   0  /   0   0   0   0   0   0   0   0   0   0   0   0   1   0   0   0   0   0 
NonL  9    --      1    0  126   3.5304 ==>   0   0   0   0   0   0   0   0   0   0   0   0   0   0   0   0   1   0  /   0   0   0   0   0   0   0   0   0   0   0   0   0   0   1   0   0   0 
NonL 10    --      1    0  152   3.5191 ==>   0   0   0   0   0   0   0   0   0   0   1   0   0   0   0   0   0   0  /   0   0   0   0   0   0   0   0   0   1   0   0   0   0   0   0   0   0 
NonL 11    --      0    0  151   5.9787 ==>   0   0   0   0   1   0   0   0   0   0   0   0   0   0   0   0   0   0  /   0   0   0   0   0   0   1   0   0   0   0   0   0   0   0   0   0   0 
NonL 12    --      0    0  135   6.5769 ==>   0   0   0   1   0   0   0   0   1   0   0   0   0   0   0   0   0   0  /   0   0   0   0   0   1   0   0   0   0   0   0   0   0   0   0   0   0 
NonL 13    --      0    0  200   9.0861 ==>   0   0   1   0   0   0   0   0   0   0   0   0   0   0   0   0   0   0  /   0   0   0   0   0   0   0   1   0   0   0   0   0   0   0   0   0   0 
NonL 14    --      1    0  187   6.3334 ==>   0   1   0   0   0   0   0   0   0   0   0   0   0   0   0   0   0   0  /   1   0   0   0   0   0   0   0   0   0   0   0   0   0   0   0   0   0 
NonL 15    --      1    0  179   9.0047 ==>   0   0   0   0   0   0   0   0   0   0   0   0   0   0   0   0   0   1  /   0   0   0   0   0   0   0   0   0   0   0   0   0   0   0   1   0   0 
NonL 16    --      0    0  127   3.3272 ==>   0   0   0   0   0   0   0   0   0   0   0   1   0   0   0   0   0   0  /   0   0   0   0   0   0   0   0   0   0   0   0   0   1   0   0   0   0 
Leaf 17    13    
Leaf 18    17    
Leaf 19    15    
Leaf 20    11    
Leaf 21    10    
Leaf 22     5    
Leaf 23     7    
NonL 24    --      0    9   92   2.2887 ==>   0   0   0   1   0   0   0   0   0   0   0   0   0   0   0   0   0   0  /   0   0   0   0   0   0   0   0   1   0   0   0   0   0   0   0   0   0 
Leaf 25     6    
Leaf 26     3    
Leaf 27     8    
Leaf 28     2    
Leaf 29     1    
Leaf 30    18    
Leaf 31    16    
Leaf 32    12    
Leaf 33    14    
Leaf 48     4    
Leaf 49     9    

;Shapelet id   <data>
Shapelet   1  29.153994 32.894488 36.525751 39.662134 40.479125 38.611375 33.802920 26.215420 18.333864 10.943456  5.410905  2.166668  0.338280 -0.438237 -0.299271 -0.061226  0.147024  0.377825  0.628450  0.763711  0.756717  0.712158  0.663693  0.626243  0.605820  0.611392  0.646491  0.676921  0.683611  0.707717  0.777787  0.848141  0.879497  0.876897  0.845773  0.815036  0.823399  0.849949  0.859949  0.853156  0.851341  0.868328  0.903465  0.956245  1.010176  1.049186  1.049269  0.981161  0.896108  0.871308  0.886058  0.900848  0.920038  0.955335  0.989105  0.972076  0.913980  0.856468  0.807250  0.784222  0.785200  0.789524  0.791307  0.771419  0.726502  0.666541  0.616507  0.580441  0.567018  0.567988  0.550396  0.516241  0.488968  0.471546  0.464337  0.464375  0.449789  0.418036  0.386073  0.358926  0.347344  0.353533  0.359124  0.356899  0.334286  0.285957  0.225576  0.160758  0.108676  0.080780  0.077915  0.109377  0.172625  0.190319  0.139767  0.095682  0.087356  0.066088  0.008478 -0.022282  0.012145  0.077060  0.146466 
Shapelet   2  -0.082963 -0.013905  0.129430  0.362860  0.628537  0.834648  0.975187  1.040709  1.093530  1.282917  1.535074  1.615620  1.562616  1.566769  1.640003  1.759400  1.894221  1.888714  1.752882  1.727680  1.849622  2.021802  2.218340  2.410217  2.590751  2.795818  3.037128  3.273938  3.488691  3.719484  3.985695  4.102572  3.944853  3.699086  3.522979  3.377450  3.220828  3.052480  2.857461  2.630250  2.405561  2.201872  2.048919  1.965631  1.899070  1.807093  1.757226  1.817043  1.910054  1.940039  1.953211  2.022121  2.105111  2.120671  2.110616  2.177861  2.358104  2.741658  3.247635  3.570503  3.760346  4.152493  4.816521  5.918502  7.454829  9.226042 11.237849 13.887271 17.322130 22.186840 28.680865 36.964693 47.051707 57.763785 68.521143 76.678765 80.786109 79.363879 71.426509 58.536594 41.991996 25.590101 13.306241  5.038002  0.650361 -0.852293 -1.084896 -0.525505 -0.082389  0.222494  0.396757  0.440746  0.425328  0.420108  0.436306  0.487790  0.548606  0.578886  0.584747  0.578558  0.556632  0.509784  0.461253  0.477827  0.548571  0.621424  0.688924  0.738088  0.766959  0.772996  0.764750  0.803017  0.885907  0.895543  0.815384  0.777822  0.818223  0.885302  0.959600  1.011028  1.027341  1.046982  1.090332  1.142480  1.193618  1.241125  1.282862  1.338837  1.429614  1.520578  1.567104  1.593945  1.640900  1.697533  1.742362  1.774121  1.791135  1.807230  1.863287  1.947299  2.006260  2.035538  2.035868  2.008984  1.964126  1.902728  1.834970  1.784000  1.727523  1.600968  1.419078  1.245228  1.091783  0.988670  0.936121  0.917723  0.920666  0.875357  0.775323  0.675814  0.588655  0.503005  0.415399  0.319879  0.216192  0.149303  0.137683  0.146774  0.158234  0.156741  0.132440  0.103127  0.083073  0.065381  0.043093  0.037589  0.075960  0.118799  0.104074  0.049180 -0.010859 -0.059230 -0.058275 -0.021990  0.004522 
Shapelet   3   0.961683  0.797558  0.569818  0.428399  0.419371  0.529439  0.749360  0.956756  1.094323  1.125131  1.029240  0.912217  0.846937  0.831056  0.837454  0.862243  0.967378  1.166009  1.256973  1.158648  1.016719  0.907241  0.896607  1.026255  1.184371  1.284171  1.394854  1.583342  1.761775  1.823824  1.846277  1.944192  2.103506  2.296490  2.488259  2.602452  2.672597  2.797124  2.963156  3.109974  3.226958  3.290519  3.302473  3.284429  3.239359  3.158020  3.021539  2.860064  2.749879  2.683084  2.624923  2.556559  2.417127  2.228313  2.114745  2.085748  2.107292  2.162174  2.165337  2.108119  2.066113  2.060924  2.131644  2.285267  2.439265  2.568171  2.795965  3.176667  3.661788  4.225183  4.876234  5.620982  6.390953  7.130229  7.869103  8.638516  9.427986 10.008689 10.287607 10.273466  9.974627  9.661742  9.498770  9.512965  9.724616 10.197249 10.989537 11.734562 12.007547 11.930142 11.677407 11.519701 11.929224 12.867140 14.231573 16.091441 18.634974 21.912360 26.051861 30.880985 35.693414 40.411281 45.000202 49.153975 51.066595 50.318027 45.996448 37.912343 27.261193 17.516745  9.274344  3.861329  1.112021 -0.205586 -0.377712 -0.176533  0.237583  0.559860  0.734028  0.771077  0.687031  0.639285  0.672085  0.769079  0.922413  1.080956  1.221734  1.298947  1.289556  1.256163  1.238601  1.257170  1.327741  1.411541  1.470780  1.511476  1.540962  1.567065  1.601531  1.644864  1.719324  1.837290  1.918412  1.905483  1.843396  1.771777  1.715377  1.701586  1.719942  1.756054  1.801827  1.843764  1.870911  1.861192  1.819372  1.759023  1.683847  1.603141  1.521873  1.456136  1.412866  1.416904  1.464871  1.519864  1.566047  1.531163  1.411278  1.304375  1.232524  1.170101  1.109377  1.049619  0.987752  0.926679  0.883182 
Shapelet   4   1.119971  1.012578  0.976324  1.011145  1.053287  1.106934  1.237676  1.435450  1.557346  1.581403  1.562255  1.518115  1.510554  1.558126  1.662327  1.822650  2.010145  2.211384  2.407508  2.587801  2.717352  2.772598  2.848722  3.026193  3.211409  3.304559  3.308495  3.292529  3.283692  3.179155  2.926682  2.651719  2.434900  2.302537  2.275581  2.327250  2.430743  2.544885  2.617880  2.724675  2.982408  3.395000  3.967333  4.665326  5.408672  6.236571  7.271315  8.465850  9.627049 10.707594 11.574574 12.187290 12.408253 12.259365 12.037101 11.841634 12.065027 12.788819 13.865003 15.231789 16.577025 17.771156 18.378729 18.217805 17.795125 17.392913 17.741020 19.328108 22.524586 27.638108 34.401772 42.536172 50.557194 56.518138 59.460007 57.840401 51.587993 40.603295 26.991702 15.897906  7.554930  2.114091 -0.275982 -0.751530 -0.717114 -0.357753  0.048667  0.414201  0.578631  0.601335  0.628244  0.660163  0.682793  0.694346  0.691627  0.684279  0.714866  0.778373  0.821824  0.841348  0.864087  0.891426  0.890445  0.857704  0.844160  0.863279  0.892917  0.925395  0.966145  1.017197  1.063816  1.098296  1.136367  1.188372  1.254759  1.335893  1.409990  1.454666  1.478197  1.491257  1.486433  1.451822  1.413010  1.420487  1.456074  1.472905  1.472628  1.466114  1.463221  1.497017  1.555049  1.568199  1.533834  1.483824  1.423126  1.361398  1.320614  1.288884  1.230749  1.153843  1.091388  1.045441  1.013017  0.989066  0.948753  0.890111  0.824128  0.754220  0.692377  0.640571  0.589583  0.537789  0.501611  0.486024  0.471814  0.450637  0.418559  0.373707  0.333388  0.308740  0.282429  0.240557  0.195109  0.158174  0.135549  0.134577  0.145056  0.150922  0.145785  0.117680  0.075810  0.042640  0.024131  0.034794  0.062108  0.058296  0.026915  0.002160 -0.010063  0.000579  0.028233  0.020884 -0.024181 -0.040137 -0.014205  0.012956  0.028885  0.026962 
Shapelet   5  13.797533 15.053672 16.313449 17.379134 17.757440 17.589674 17.388920 17.249346 17.389505 17.812346 18.432903 19.240405 20.095293 20.730148 21.107193 21.153671 21.061526 21.384059 22.215722 23.766667 26.064952 29.153994 32.894488 36.525751 39.662134 40.479125 38.611375 33.802920 26.215420 18.333864 10.943456  5.410905  2.166668  0.338280 -0.438237 -0.299271 -0.061226  0.147024  0.377825  0.628450  0.763711  0.756717  0.712158  0.663693  0.626243  0.605820  0.611392  0.646491  0.676921  0.683611  0.707717  0.777787  0.848141  0.879497  0.876897  0.845773  0.815036  0.823399  0.849949  0.859949  0.853156  0.851341  0.868328  0.903465  0.956245  1.010176  1.049186  1.049269  0.981161  0.896108  0.871308  0.886058  0.900848  0.920038  0.955335  0.989105  0.972076  0.913980  0.856468  0.807250  0.784222  0.785200  0.789524  0.791307  0.771419  0.726502  0.666541  0.616507  0.580441  0.567018  0.567988  0.550396  0.516241  0.488968  0.471546  0.464337  0.464375  0.449789  0.418036  0.386073  0.358926  0.347344  0.353533  0.359124  0.356899  0.334286  0.285957  0.225576  0.160758  0.108676  0.080780  0.077915  0.109377  0.172625  0.190319  0.139767  0.095682  0.087356  0.066088  0.008478 -0.022282  0.012145  0.077060  0.146466 
Shapelet   6  47.782365 56.496113 62.290479 64.108809 59.408692 47.647432 33.728225 19.642709  8.817873  2.815457 -0.148299 -1.093419 -1.026187 -0.646446 -0.177994  0.186713  0.436398  0.558903  0.595807  0.602798  0.612696  0.679029  0.801584  0.898882  0.919383  0.918174  0.938323  0.958948  0.959696  0.969975  1.025637  1.070536  1.020080  0.945626  0.980049  1.090941  1.199184  1.283224  1.292353  1.254393  1.271410  1.332860  1.362572  1.359085  1.356100  1.352380  1.310535  1.224003  1.127443  1.107546  1.144145  1.163222  1.163078  1.156431  1.144720  1.129045  1.117879  1.158858  1.245460  1.275810  1.233538  1.155145  1.051151  0.940966  0.833660  0.786254  0.817101  0.855792  0.870290  0.835376  0.737592  0.605517  0.458200  0.306013  0.263128  0.351523  0.427041  0.442177  0.421060  0.374020  0.316460  0.256003  0.188008  0.109734  0.039027 -0.010748 -0.037000 -0.037314 -0.025069 -0.015866 
Shapelet   7   0.900431  0.926392  0.939007  0.980119  1.065866  1.121400  1.107084  1.015996  0.843916  0.725347  0.770699  0.893310  1.002734  1.102031  1.195249  1.237698  1.155816  1.040562  1.079372  1.214196  1.285374  1.294329  1.269348  1.212449  1.143234  1.087227  1.037491  0.982568  0.984762  1.169757  1.442697  1.559212  1.534121  1.448056  1.336526  1.313159  1.363735  1.367867  1.320288  1.283621  1.273423  1.329204  1.454528  1.598540  1.742929  1.818062  1.803874  1.765012  1.727863  1.701040  1.735909  1.822455  1.817683  1.714826  1.753788  1.978068  2.105791  2.049525  1.908006  1.725616  1.663886  1.801088  1.985110  2.122143  2.191497  2.177268  2.175124  2.278161  2.392498  2.402088  2.380052  2.439978  2.558152  2.686642  2.824479  3.018269  3.303383  3.623314  3.923836  4.241403  4.620493  5.027390  5.410433  5.810423  6.305697  6.925796  7.735446  8.654172  9.441991 10.136463 10.925840 11.804667 12.673844 13.394191 13.247882 12.231291 11.133658 10.112395  9.150746  8.200924  7.239471  6.193949  5.123111  4.313616  3.776508  3.384961  3.129482  3.082065  3.235151  3.383398  3.469785  3.413091  3.199700  3.043959  3.024760  3.065589  3.128546  3.097115  2.905172  2.768614  2.843055  3.000620  3.125160  3.216259  3.266284  3.275454  3.334269  3.483196  3.643620  3.770893  3.915609  4.113730  4.286655  4.363949  4.409909  4.497920  4.592990  4.644812  4.673883  4.717449  4.729570  4.607426  4.379143  4.131177  3.917881  3.905590  4.059373  4.176607  4.234877  4.290622  4.443250  4.676252  4.949614  5.238632  5.480699  5.792116  6.570510  7.826897  9.476046 11.430610 13.284897 15.061549 17.297245 20.045811 22.916645 25.798012 28.440595 30.687672 31.113120 29.237099 25.851792 21.338981 17.190040 14.218054 12.386214 11.379382 11.078359 10.938408 10.789258 10.388345  9.644991  8.433993 
Shapelet   8   0.773201  0.812812  0.864907  0.937643  1.002094  1.012349  0.986497  0.960910  0.959106  1.034956  1.139000  1.119971  1.012578  0.976324  1.011145  1.053287  1.106934  1.237676  1.435450  1.557346  1.581403  1.562255  1.518115  1.510554  1.558126  1.662327  1.822650  2.010145  2.211384  2.407508  2.587801  2.717352  2.772598  2.848722  3.026193  3.211409  3.304559  3.308495  3.292529  3.283692  3.179155  2.926682  2.651719  2.434900  2.302537  2.275581  2.327250  2.430743  2.544885  2.617880  2.724675  2.982408  3.395000  3.967333  4.665326  5.408672  6.236571  7.271315  8.465850  9.627049 10.707594 11.574574 12.187290 12.408253 12.259365 12.037101 11.841634 12.065027 12.788819 13.865003 15.231789 16.577025 17.771156 18.378729 18.217805 17.795125 17.392913 17.741020 19.328108 22.524586 27.638108 34.401772 42.536172 50.557194 56.518138 59.460007 57.840401 51.587993 40.603295 26.991702 15.897906  7.554930  2.114091 -0.275982 -0.751530 -0.717114 -0.357753  0.048667  0.414201  0.578631  0.601335  0.628244  0.660163  0.682793  0.694346  0.691627  0.684279  0.714866  0.778373  0.821824  0.841348  0.864087  0.891426  0.890445  0.857704  0.844160  0.863279  0.892917  0.925395  0.966145  1.017197  1.063816  1.098296  1.136367  1.188372  1.254759  1.335893  1.409990  1.454666  1.478197  1.491257  1.486433  1.451822  1.413010  1.420487  1.456074  1.472905  1.472628  1.466114  1.463221  1.497017  1.555049  1.568199  1.533834  1.483824  1.423126  1.361398  1.320614  1.288884  1.230749  1.153843  1.091388  1.045441  1.013017  0.989066  0.948753  0.890111  0.824128  0.754220  0.692377  0.640571  0.589583  0.537789  0.501611  0.486024  0.471814  0.450637  0.418559 
Shapelet   9   1.002057  1.126180  1.203488  1.236594  1.220636  1.147890  1.057783  1.027327  1.072824  1.228414  1.421641  1.436530  1.300823  1.163942  1.051024  1.014288  1.053313  1.131098  1.233187  1.297602  1.312293  1.277627  1.200832  1.171057  1.214564  1.322905  1.488836  1.599150  1.604970  1.607865  1.663411  1.718524  1.737243  1.789686  1.935133  2.102308  2.215212  2.276334  2.346200  2.450725  2.594259  2.778677  2.969906  3.146193  3.347881  3.607088  3.843283  3.975874  4.027709  4.027530  4.019904  4.074193  4.185175  4.341281  4.519958  4.668914  4.775024  4.806802  4.776852  4.736614  4.704059  4.738028  4.836623  4.951938  5.059563  5.040307  4.905273  4.961243  5.281624  5.867519  6.711419  7.678389  8.712492  9.627304 10.333012 10.499721  9.951226  8.989331  7.816595  6.818468  6.315101  6.264963  6.624577  7.408561  8.636093 10.474247 13.194045 16.876516 21.675677 27.839428 35.962358 46.071367 56.618918 66.084996 71.983797 71.242503 63.857648 49.836831 32.541534 18.314087  7.695330  1.590578 -0.740231 -1.493544 -1.094132 -0.554412 -0.004336  0.368911  0.564361  0.691570  0.769043  0.812130  0.825226  0.821663  0.808134  0.826924  0.888488  0.962373  1.037542  1.109208  1.174754  1.211210  1.206508  1.180626  1.146766  1.134227 
Shapelet  10  -0.067991 -0.020941  0.090212  0.270651  0.485814  0.720395  0.888012  0.965199  1.017814  1.070436  1.109864  1.129316  1.093735  0.984109  0.891051  0.877108  0.937369  1.014950  1.092891  1.159680  1.209413  1.197050  1.105757  1.024867  1.000676  1.046928  1.171908  1.277927  1.289159  1.224232  1.101162  1.022886  1.113979  1.243753  1.216563  1.085634  0.951705  0.854073  0.875470  1.006783  1.215088  1.451355  1.559745  1.552614  1.529753  1.508586  1.523427  1.578992  1.666538  1.768211  1.877413  1.979054  2.126268  2.481935  2.990394  3.404700  3.741443  4.181258  4.764743  5.596148  6.706776  8.203600 10.092607 12.233081 14.532402 16.264920 17.200364 17.112457 15.941796 14.304386 12.486485 11.056705 10.322119 10.219927 10.707902 11.525669 12.460583 13.518523 14.705494 16.017479 17.366809 18.708975 19.736049 20.295146 20.375649 19.972889 19.418405 18.958725 18.666491 18.608793 18.665185 18.696225 18.929588 19.691669 21.204511 23.853447 27.410757 31.373898 35.187966 37.452209 37.848317 35.596799 30.775048 23.907126 15.646088  8.869002  3.976066  1.112846  0.140730 -0.180115 -0.107382  0.227094  0.440234  0.520774  0.515301  0.454925  0.457415  0.528920  0.628381  0.741907  0.816663  0.845342  0.851429  0.840821  0.818196  0.786648  0.774575  0.792203  0.845781  0.936299  0.996345  0.991727  0.991561  1.039626  1.104421  1.161317  1.191285  1.175779  1.157930  1.190322  1.227761  1.202073  1.114506  1.076033  1.150371  1.227539  1.229209  1.188724  1.135516  1.093050  1.087293  1.083037 
Shapelet  11   0.145040  0.269192  0.381611  0.367440  0.249086  0.105329 -0.058872 -0.142090 -0.024702  0.170711  0.265160  0.277223  0.242791  0.190013  0.178591  0.184267  0.137346  0.053219 -0.006455 -0.031225  0.001681  0.090779  0.217444  0.347017  0.283101  0.039446 -0.017900  0.162937  0.321320  0.390169  0.382776  0.303387  0.189367  0.206592  0.341742  0.412109  0.396538  0.342370  0.266834  0.243103  0.284220  0.337398  0.386456  0.418919  0.433684  0.514807  0.694771  0.804424  0.756194  0.711978  0.776143  0.873851  0.945520  1.042679  1.216530  1.421920  1.602791  1.756204  1.790621  1.665731  1.629345  1.827769  2.238764  2.846052  3.437526  3.822407  4.014648  4.029987  4.021496  4.203083  4.508415  4.821315  5.125867  5.392950  5.610466  5.749979  5.872012  6.168367  6.658971  7.367655  8.302635  9.491512 10.937784 12.601792 14.407545 16.237095 17.819680 19.122417 20.083476 20.588708 20.255797 19.201319 18.059206 17.019612 16.707798 17.272419 19.095653 22.255144 26.814035 32.795543 40.298985 49.213416 57.374405 63.901777 65.621440 61.209210 51.148732 38.335083 23.870056 12.478093  5.052944  0.718377 -0.864480 -1.228458 -0.885356 -0.417484 -0.048287  0.203835  0.331149  0.377868  0.369591  0.371057  0.427208  0.493412  0.531288  0.545792  0.542268  0.518307  0.470681  0.443159  0.507787  0.664207  0.796944  0.832872  0.828592  0.828356  0.844179  0.887774  0.924930  0.913944  0.874254  0.835246  0.812886  0.836016  0.901701  1.001956  1.127445  1.253518  1.364672  1.414003  1.402910 
Shapelet  12   0.048240 -0.039317 -0.080913  0.007982  0.160665  0.174232  0.035915 -0.096480 -0.036841  0.104357  0.165607  0.181898  0.218148  0.238075  0.159966  0.038724  0.027165  0.099665  0.147223  0.162199  0.147124  0.111283  0.098712  0.104774  0.065290 -0.014882 -0.013271  0.086904  0.192610  0.275677  0.282509  0.195986  0.045296 -0.039977 -0.044751  0.028940  0.161752  0.220969  0.198916  0.256325  0.413076  0.447941  0.310379  0.237779  0.308337  0.358740  0.320357  0.288887  0.314407  0.351906  0.372410  0.409847  0.491228  0.574162  0.616522  0.632414  0.639348  0.638473  0.665930  0.737845  0.769224  0.711083  0.763746  1.072359  1.448553  1.722898  1.902493  1.995346  2.107004  2.384963  2.732721  2.983149  3.179532  3.418314  3.737061  4.223603  4.965701  6.221734  7.879242  9.442638 10.871061 12.197614 13.426496 14.462888 15.125102 15.488074 15.737035 15.965045 16.414695 16.968697 17.169478 16.934226 16.076021 14.674634 13.262233 11.941246 10.876985 10.100363  9.615869  9.445594  9.827336 10.828906 12.466839 14.750604 17.767490 21.553911 26.192482 32.177713 39.530363 47.782365 56.496113 62.290479 64.108809 59.408692 47.647432 33.728225 19.642709  8.817873  2.815457 -0.148299 -1.093419 -1.026187 -0.646446 -0.177994  0.186713  0.436398  0.558903  0.595807  0.602798  0.612696  0.679029  0.801584  0.898882  0.919383  0.918174 
Shapelet  13   0.735543  0.768928  0.726793  0.688332  0.664843  0.673774  0.715183  0.777371  0.852887  0.889094  0.845813  0.767570  0.696967  0.674849  0.750467  0.849122  0.858754  0.829694  0.856778  0.906875  0.900432  0.860711  0.860425  0.888020  0.889937  0.862909  0.811727  0.768731  0.900212  1.182694  1.301859  1.200068  0.978276  0.900836  0.965351  1.119681  1.324510  1.439892  1.450927  1.355026  1.177766  1.079944  1.085660  1.166290  1.315658  1.533905  1.807464  1.938065  1.869242  1.791435  1.780512  1.800439  1.833080  1.856579  1.857981  1.899766  2.028823  2.237582  2.425464  2.558134  2.578957  2.471442  2.391092  2.409226  2.445317  2.453132  2.430334  2.375347  2.372231  2.495184  2.702988  2.949710  3.148921  3.180471  3.094793  2.979796  2.857000  2.768527  2.731349  2.785730  2.926713  3.132195  3.400551  3.686226  3.929461  4.131556  4.295050  4.457545  4.693927  5.044769  5.604041  6.318842  7.018348  7.676786  8.241453  8.748409  9.384059 10.173636 11.130335 12.248920 13.475988 14.774911 15.898198 16.771455 17.229202 17.220651 16.800050 16.200283 15.422830 14.332876 12.932025 11.367344  9.704288  8.277000  7.167689  6.420306  6.034078  5.782753  5.582538  5.352882  5.060239  4.773807  4.530441  4.319097  4.132496  3.963841  3.807583  3.655166  3.497799  3.352781  3.242414  3.166003  3.094515  3.012516  2.863891  2.614408  2.414141  2.378479  2.386846  2.322995  2.238145  2.194513  2.163317  2.100926  2.023872  1.963663  1.920506  1.893273  1.864512  1.785764  1.697148  1.745497  1.909584  2.048280  2.147039  2.212399  2.245312  2.306611  2.527320  2.816088  2.920401  2.869397  2.800551  2.764148  2.918751  3.232126  3.463113  3.612748  3.892300  4.318143  4.726980  5.092331  5.510990  6.022050  6.816618  7.951389  9.280162 10.741597 12.268193 13.829420 15.638620 17.826165 20.400036 23.438845 26.869293 29.437079 30.696963 29.653903 25.976727 21.253746 16.244290 11.570011  7.591550  4.514723  2.486028  1.206084  0.408638 -0.010865 -0.169809 -0.141666 
Shapelet  14   0.373947  0.607236  0.744079  0.702786  0.641625  0.665660  0.766744  0.853188  0.900431  0.926392  0.939007  0.980119  1.065866  1.121400  1.107084  1.015996  0.843916  0.725347  0.770699  0.893310  1.002734  1.102031  1.195249  1.237698  1.155816  1.040562  1.079372  1.214196  1.285374  1.294329  1.269348  1.212449  1.143234  1.087227  1.037491  0.982568  0.984762  1.169757  1.442697  1.559212  1.534121  1.448056  1.336526  1.313159  1.363735  1.367867  1.320288  1.283621  1.273423  1.329204  1.454528  1.598540  1.742929  1.818062  1.803874  1.765012  1.727863  1.701040  1.735909  1.822455  1.817683  1.714826  1.753788  1.978068  2.105791  2.049525  1.908006  1.725616  1.663886  1.801088  1.985110  2.122143  2.191497  2.177268  2.175124  2.278161  2.392498  2.402088  2.380052  2.439978  2.558152  2.686642  2.824479  3.018269  3.303383  3.623314  3.923836  4.241403  4.620493  5.027390  5.410433  5.810423  6.305697  6.925796  7.735446  8.654172  9.441991 10.136463 10.925840 11.804667 12.673844 13.394191 13.247882 12.231291 11.133658 10.112395  9.150746  8.200924  7.239471  6.193949  5.123111  4.313616  3.776508  3.384961  3.129482  3.082065  3.235151  3.383398  3.469785  3.413091  3.199700  3.043959  3.024760  3.065589  3.128546  3.097115  2.905172  2.768614  2.843055  3.000620  3.125160  3.216259  3.266284  3.275454  3.334269  3.483196  3.643620  3.770893  3.915609  4.113730  4.286655  4.363949  4.409909  4.497920  4.592990  4.644812  4.673883  4.717449  4.729570  4.607426  4.379143  4.131177  3.917881  3.905590  4.059373  4.176607  4.234877  4.290622  4.443250  4.676252  4.949614  5.238632  5.480699  5.792116  6.570510  7.826897  9.476046 11.430610 13.284897 15.061549 17.297245 20.045811 22.916645 25.798012 28.440595 30.687672 31.113120 29.237099 25.851792 21.338981 17.190040 14.218054 12.386214 11.379382 11.078359 10.938408 10.789258 
Shapelet  15   0.549599  0.747786  1.003109  1.213284  1.372635  1.477338  1.527154  1.555659  1.602451  1.659185  1.713599  1.748206  1.731972  1.638747  1.412981  1.148761  1.100203  1.220845  1.317006  1.389861  1.502184  1.652663  1.803500  1.929909  1.911374  1.757019  1.696796  1.765154  1.817297  1.818680  1.814273  1.818441  1.826787  1.819797  1.797626  1.773975  1.759668  1.815560  1.943025  2.049061  2.108538  2.085848  1.980359  1.956047  2.066885  2.199071  2.302337  2.340387  2.294523  2.207819  2.108220  2.032072  2.008308  2.066564  2.236290  2.431405  2.545032  2.577599  2.553179  2.483579  2.377486  2.240477  2.144044  2.140061  2.271787  2.578130  2.806817  2.673336  2.380167  2.210644  2.153067  2.184103  2.284273  2.413691  2.510957  2.423111  2.215426  2.113451  2.119203  2.179582  2.283465  2.402911  2.534376  2.667924  2.784512  2.870511  2.895219  2.902173  3.018519  3.251932  3.602109  4.020837  4.303164  4.461163  4.680652  5.013694  5.626215  6.520393  7.454633  8.378613  9.347012 10.363836 11.252258 11.948631 12.383286 12.527159 12.387494 12.007665 11.403263 10.638098  9.735495  8.795437  7.855484  7.075657  6.502480  6.064378  5.733351  5.491275  5.328822  5.198682  5.074314  4.993648  4.982890  4.925639  4.721799  4.457216  4.224415  4.046234  3.953218  3.904440  3.832296  3.736384  3.664639  3.647294  3.627852  3.562145  3.499954  3.489793  3.513617  3.549427  3.617666  3.749167  3.970740  4.331158  4.834611  5.488112  6.264615  7.089640  8.044744  9.415143 11.233567 13.540706 16.393958 20.060890 24.378625 28.082166 30.949427 32.399728 30.980719 27.083513 22.110261 16.565147 11.964559  8.482341  6.259153  5.208852  4.739573  4.716805  4.846302  5.080065  5.516801  6.173928  6.965030  7.855289  8.689393  9.409379  9.992188 10.420802 10.384446 
Shapelet  16   0.605382  0.881091  1.081011  1.175729  1.158362  1.036875  0.940437  0.909282  0.942269  1.036746  1.127934  1.185690  1.200394  1.166803  1.106547  1.034558  0.958596  0.968554  1.082080  1.170345  1.190622  1.194773  1.204610  1.212693  1.215104  1.205525  1.180179  1.192208  1.282855  1.359339  1.331930  1.282015  1.308086  1.380524  1.454751  1.524225  1.577769  1.616313  1.642458  1.668197  1.725757  1.802499  1.850731  1.884134  1.973318  2.118151  2.280522  2.455193  2.635285  2.806752  2.990124  3.237440  3.580610  4.108761  4.798862  5.543241  6.326270  7.122621  7.952893  8.951522 10.139183 11.512469 13.076650 14.886986 16.931717 18.896119 20.653370 21.633317 21.636549 20.896915 19.523714 17.761281 15.745601 13.846981 12.311140 11.369903 11.212597 11.763411 12.944918 14.767206 17.450477 21.071619 25.179003 29.545542 33.964073 38.308182 42.384523 46.048958 48.311244 48.256783 45.143296 38.111461 28.763322 19.395379 10.993087  5.255068  1.882964  0.170849 -0.244200 -0.245585  0.019294  0.228014  0.367260  0.477877  0.562694  0.615691  0.634978  0.613962  0.561667  0.555162  0.610465  0.705302  0.774951  0.812308  0.806791  0.774452  0.789347  0.851578  0.914932  0.970738  1.007100  1.025071  1.053681  1.098229  1.141163  1.176751  1.193811 
Shapelet  24   0.104357  0.165607  0.181898  0.218148  0.238075  0.159966  0.038724  0.027165  0.099665  0.147223  0.162199  0.147124  0.111283  0.098712  0.104774  0.065290 -0.014882 -0.013271  0.086904  0.192610  0.275677  0.282509  0.195986  0.045296 -0.039977 -0.044751  0.028940  0.161752  0.220969  0.198916  0.256325  0.413076  0.447941  0.310379  0.237779  0.308337  0.358740  0.320357  0.288887  0.314407  0.351906  0.372410  0.409847  0.491228  0.574162  0.616522  0.632414  0.639348  0.638473  0.665930  0.737845  0.769224  0.711083  0.763746  1.072359  1.448553  1.722898  1.902493  1.995346  2.107004  2.384963  2.732721  2.983149  3.179532  3.418314  3.737061  4.223603  4.965701  6.221734  7.879242  9.442638 10.871061 12.197614 13.426496 14.462888 15.125102 15.488074 15.737035 15.965045 16.414695 16.968697 17.169478 16.934226 16.076021 14.674634 13.262233 11.941246 10.876985 10.100363  9.615869  9.445594  9.827336 


; cmd = ShapeletResearch/Execs/FastShapelet UCRArchive_2018//Fungi/Fungi_TRAIN.tsv 18 18 202 10 1 10 10 0 1 10 UCRArchive_2018//Fungi/tree.txt UCRArchive_2018//Fungi/time.txt
; time =>    7.348   0.325   1.809   0.182   4.890 
