;Shapelet Tree 

;random seed:1551068539, rand()=1107842382, rand()=516828057
;command = ShapeletResearch/Execs/FastShapelet UCRArchive_2018//MelbournePedestrian/MelbournePedestrian_TRAIN.tsv 10 1200 25 10 1 10 10 0 1 10 UCRArchive_2018//MelbournePedestrian/tree.txt UCRArchive_2018//MelbournePedestrian/time.txt 

;Local Class:   0  1  2  3  4  5  6  7  8  9 
;Real  Class:   1  2  3  4  5  6  7  8  9 10 

;Node ID class   obj  pos  len  dist_th 
TreeSize: 256 
NonL  1    --    740    5   13   0.7603 ==>  73   0   0   0   0   1 116   1   2   1  /  47 120 120 120 120 119   4 119 118 119 
NonL  2    --     14    3   17   1.1743 ==>  72   0   0   0   0   1   1   1   0   1  /   1   0   0   0   0   0 115   0   2   0 
NonL  3    --    413    1   17   1.8086 ==>  36   0   6   7 103  16   0   2   0   2  /  11 120 114 113  17 103   4 117 118 117 
Leaf  4     1    
Leaf  5     7    
NonL  6    --     33    0   23   1.8983 ==>  36   0   0   7   0  13   0   0   0   2  /   0   0   6   0 103   3   0   2   0   0 
NonL  7    --     59    0   21   2.2113 ==>   0  75   0  65   0   0   0   3   0   2  /  11  45 114  48  17 103   4 114 118 115 
NonL 12    --      0    1   15   0.5331 ==>  36   0   0   0   0   3   0   0   0   2  /   0   0   0   7   0  10   0   0   0   0 
Leaf 13     5    
NonL 14    --     12    5   17   1.3383 ==>   0  75   0   0   0   0   0   0   0   0  /   0   0   0  65   0   0   0   3   0   2 
NonL 15    --    153    0   22   3.0758 ==>   0   8  74  13   9  18   3   2  20  99  /  11  37  40  35   8  85   1 112  98  16 
NonL 24    --      3    0   20   1.3002 ==>  36   0   0   0   0   0   0   0   0   2  /   0   0   0   0   0   3   0   0   0   0 
NonL 25    --      3    1   22   1.0143 ==>   0   0   0   6   0   0   0   0   0   0  /   0   0   0   1   0  10   0   0   0   0 
Leaf 28     2    
Leaf 29     4    
NonL 30    --    148    0   21   1.1608 ==>   0   0   2   0   0   0   0   0   0  72  /   0   8  72  13   9  18   3   2  20  27 
NonL 31    --     66    1   21   3.2584 ==>  11  25  10  35   4  81   1  26  86  14  /   0  12  30   0   4   4   0  86  12   2 
Leaf 48     1    
Leaf 49     6    
Leaf 50     4    
Leaf 51     6    
Leaf 60    10    
NonL 61    --     13    0   17   2.5890 ==>   0   8  19  13   9  18   3   2  19  24  /   0   0  53   0   0   0   0   0   1   3 
NonL 62    --      1    2   11   0.6383 ==>  11   0   8  31   0  20   1  22  13   9  /   0  25   2   4   4  61   0   4  73   5 
NonL 63    --     60    2   20   1.2920 ==>   0   0   0   0   0   0   0  67   0   0  /   0  12  30   0   4   4   0  19  12   2 
NonL 122    --     43    0   23   2.6297 ==>   0   1  12   1   9   0   3   1   0  17  /   0   7   7  12   0  18   0   1  19   7 
Leaf 123     3    
NonL 124    --     23    0   23   1.4981 ==>   2   0   1  28   0   5   1   0   5   7  /   9   0   7   3   0  15   0  22   8   2 
NonL 125    --     73    0   14   1.2994 ==>   0   0   0   0   0  49   0   1   2   2  /   0  25   2   4   4  12   0   3  71   3 
Leaf 126     8    
NonL 127    --     58    0   23   4.7958 ==>   0   4   0   0   4   4   0  17   9   1  /   0   8  30   0   0   0   0   2   3   1 
Leaf 244    10    
Leaf 245     9    
Leaf 248     4    
Leaf 249     8    
Leaf 250     6    
Leaf 251     9    
Leaf 254     8    
Leaf 255     3    

;Shapelet id   <data>
Shapelet   1  16.000000 54.000000 56.000000 166.000000 179.000000 360.000000 507.000000 948.000000 1090.000000 934.000000 873.000000 787.000000 987.000000 
Shapelet   2   6.000000 16.000000 17.000000 70.000000 289.000000 850.000000 891.000000 1240.000000 1710.000000 2912.000000 3309.000000 2697.000000 2890.000000 3075.000000 3257.000000 2466.000000 1315.000000 
Shapelet   3  75.000000 47.000000 35.000000 32.000000 47.000000 125.000000 365.000000 913.000000 1227.000000 1322.000000 1514.000000 2184.000000 2341.000000 1053.000000 733.000000 741.000000 789.000000 
Shapelet   6  120.000000 69.000000 50.000000 50.000000 23.000000 30.000000 84.000000 129.000000 267.000000 527.000000 948.000000 1428.000000 1731.000000 2117.000000 2209.000000 2465.000000 2616.000000 2484.000000 1893.000000 1305.000000 585.000000 362.000000 224.000000 
Shapelet   7  19.000000 11.000000  8.000000  6.000000  4.000000 89.000000 578.000000 1848.000000 3680.000000 2018.000000 757.000000 711.000000 1562.000000 1324.000000 943.000000 1213.000000 2348.000000 2673.000000 1362.000000 601.000000 441.000000 
Shapelet  12  229.000000 142.000000 143.000000 74.000000 70.000000 62.000000 82.000000 198.000000 761.000000 1517.000000 2398.000000 3225.000000 3541.000000 3614.000000 3501.000000 
Shapelet  14  126.000000 621.000000 1936.000000 2916.000000 1878.000000 830.000000 869.000000 1527.000000 1470.000000 1085.000000 1415.000000 2366.000000 2815.000000 1264.000000 557.000000 275.000000 193.000000 
Shapelet  15  34.000000 14.000000 11.000000  8.000000  6.000000 17.000000 69.000000 224.000000 319.000000 221.000000 138.000000 172.000000 385.000000 324.000000 277.000000 170.000000 206.000000 440.000000 449.000000 469.000000 398.000000 315.000000 
Shapelet  24  261.000000 156.000000 110.000000 106.000000 57.000000 31.000000 43.000000 91.000000 325.000000 783.000000 1431.000000 2368.000000 2909.000000 3370.000000 3420.000000 3894.000000 3972.000000 3515.000000 2943.000000 2416.000000 
Shapelet  25  623.000000 406.000000 388.000000 206.000000 230.000000 258.000000 349.000000 487.000000 729.000000 1041.000000 1549.000000 1741.000000 1927.000000 2162.000000 2163.000000 2232.000000 2010.000000 1592.000000 1468.000000 1353.000000 1151.000000 724.000000 
Shapelet  30  217.000000 97.000000 39.000000 47.000000 26.000000 194.000000 861.000000 1884.000000 3724.000000 2207.000000 1529.000000 1680.000000 3605.000000 3427.000000 2257.000000 2193.000000 2688.000000 4613.000000 3869.000000 2892.000000 2293.000000 
Shapelet  31  11.000000  9.000000 11.000000  3.000000  5.000000 13.000000 35.000000 38.000000 97.000000 104.000000 187.000000 214.000000 236.000000 238.000000 360.000000 362.000000 468.000000 733.000000 453.000000 155.000000 135.000000 
Shapelet  61  46.000000 10.000000 12.000000  2.000000  1.000000 14.000000 37.000000 130.000000 206.000000 123.000000 91.000000 194.000000 83.000000 155.000000 170.000000 272.000000 196.000000 
Shapelet  62  132.000000 99.000000 59.000000 43.000000 71.000000 290.000000 550.000000 1186.000000 1767.000000 2695.000000 3269.000000 
Shapelet  63   1.000000  0.000000  1.000000 25.000000 125.000000 263.000000 381.000000 193.000000 138.000000 177.000000 529.000000 451.000000 209.000000 229.000000 320.000000 522.000000 293.000000 140.000000 90.000000 54.000000 
Shapelet 122  95.000000 54.000000 53.000000 23.000000 13.000000 33.000000 72.000000 162.000000 354.000000 466.000000 618.000000 716.000000 983.000000 985.000000 658.000000 678.000000 753.000000 1093.000000 1640.000000 1846.000000 1645.000000 1239.000000 808.000000 
Shapelet 124  768.000000 570.000000 314.000000 250.000000 157.000000 146.000000 250.000000 370.000000 691.000000 1093.000000 1441.000000 1739.000000 1918.000000 2164.000000 2330.000000 2569.000000 2634.000000 2690.000000 2226.000000 1697.000000 1585.000000 1461.000000 1276.000000 
Shapelet 125  35.000000 24.000000 11.000000  4.000000 25.000000 70.000000 256.000000 372.000000 656.000000 365.000000 264.000000 393.000000 611.000000 850.000000 
Shapelet 127  -1.000000 -1.000000 -1.000000 -1.000000 -1.000000 -1.000000 -1.000000 -1.000000 -1.000000 -1.000000 -1.000000 -1.000000 -1.000000 -1.000000 -1.000000 -1.000000 -1.000000 -1.000000 -1.000000 -1.000000 -1.000000 -1.000000 -1.000000 


; cmd = ShapeletResearch/Execs/FastShapelet UCRArchive_2018//MelbournePedestrian/MelbournePedestrian_TRAIN.tsv 10 1200 25 10 1 10 10 0 1 10 UCRArchive_2018//MelbournePedestrian/tree.txt UCRArchive_2018//MelbournePedestrian/time.txt
; time =>    3.316   0.191   1.564   0.233   1.145 
