;Shapelet Tree 

;random seed:1550655494, rand()=1963219706, rand()=915299808
;command = ../../ShapeletResearch/Execs/FastShapelet ../../UCRArchive_2018//Worms/Worms_TRAIN.tsv 5 181 901 10 1 10 10 1 0 10 ../../UCRArchive_2018//Worms/tree.txt ../../UCRArchive_2018//Worms/time.txt 

;Local Class:   0  1  2  3  4 
;Real  Class:   1  2  3  4  5 

;Node ID class   obj  pos  len  dist_th 
TreeSize: 100 
NonL  1    --    128  407  449  62.4670 ==>  20   4  13  30  17  /  56  27  12   2   0 
NonL  2    --     20  153  343  16.2192 ==>   2   4  13   7   0  /  18   0   0  23  17 
NonL  3    --     76  194  252  27.5848 ==>  10  23  11   2   0  /  46   4   1   0   0 
NonL  4    --     14   96  116   5.7792 ==>   0   0  13   7   0  /   2   4   0   0   0 
NonL  5    --     16  259  410  22.2558 ==>   0   0   0   5  12  /  18   0   0  18   5 
NonL  6    --     32  265  169  17.9294 ==>   7   1  11   2   0  /   3  22   0   0   0 
Leaf  7     1    
NonL  8    --      0   93   23   3.1286 ==>   0   0  11   0   0  /   0   0   2   7   0 
NonL  9    --      3  608  138  13.6000 ==>   2   0   0   0   0  /   0   4   0   0   0 
NonL 10    --      0  216   41   0.4011 ==>   0   0   0   5   0  /   0   0   0   0  12 
NonL 11    --     29  182  291  15.2799 ==>   7   0   0  18   5  /  11   0   0   0   0 
NonL 12    --      1  729   38   3.6462 ==>   7   0  11   0   0  /   0   1   0   2   0 
NonL 13    --      0   14   64   1.8747 ==>   3   0   0   0   0  /   0  22   0   0   0 
Leaf 16     3    
NonL 17    --      0    1  881  20.9649 ==>   0   0   2   0   0  /   0   0   0   7   0 
Leaf 18     1    
Leaf 19     2    
Leaf 20     4    
Leaf 21     5    
NonL 22    --      1    0  205  13.5476 ==>   4   0   0  17   0  /   3   0   0   1   5 
Leaf 23     1    
NonL 24    --      0  865   11   1.3800 ==>   5   0   0   0   0  /   2   0  11   0   0 
NonL 25    --      0   36  862  30.3302 ==>   0   1   0   0   0  /   0   0   0   2   0 
Leaf 26     1    
Leaf 27     2    
Leaf 34     3    
Leaf 35     4    
NonL 44    --      0  247   18   0.1929 ==>   4   0   0   0   0  /   0   0   0  17   0 
NonL 45    --      3  381  224   9.5676 ==>   3   0   0   1   0  /   0   0   0   0   5 
Leaf 48     1    
NonL 49    --      1  127  264  10.9574 ==>   2   0   0   0   0  /   0   0  11   0   0 
Leaf 50     2    
Leaf 51     4    
Leaf 88     1    
Leaf 89     4    
Leaf 90     1    
Leaf 91     5    
Leaf 98     1    
Leaf 99     3    

;Shapelet id   <data>
Shapelet   1   0.535433  0.526661  0.509118  0.493767  0.476223  0.482802  0.471837  0.463065  0.445521  0.399469  0.390697  0.379732  0.370960  0.331486  0.292012  0.272276  0.267890  0.263504  0.259118  0.250346  0.230609  0.210872  0.188942  0.197714  0.184556  0.175784  0.167013  0.158241  0.158241  0.147276  0.142890  0.138504  0.156048  0.160434  0.147276  0.167013  0.186749  0.206486  0.193328  0.193328  0.162627  0.177977  0.173591  0.158241  0.149469  0.140697  0.131925  0.066135  0.081486  0.063942  0.046399  0.035434  0.022276  0.011311 -0.001847  0.000346 -0.001847 -0.001847 -0.004040 -0.036935 -0.041321 -0.045707 -0.050093 -0.063250 -0.076408 -0.087373 -0.118075 -0.122461 -0.140005 -0.157549 -0.177285 -0.203601 -0.194829 -0.199215 -0.212373 -0.225531 -0.238689 -0.227724 -0.218952 -0.234303 -0.236496 -0.251847 -0.265005 -0.267198 -0.269391 -0.271584 -0.271584 -0.249654 -0.282549 -0.315443 -0.341759 -0.317636 -0.319829 -0.324215 -0.326408 -0.326408 -0.326408 -0.326408 -0.341759 -0.337373 -0.337373 -0.335180 -0.335180 -0.337373 -0.357110 -0.394391 -0.398777 -0.400969 -0.405355 -0.414127 -0.407548 -0.427285 -0.447022 -0.475531 -0.422899 -0.447022 -0.444829 -0.442636 -0.440443 -0.471145 -0.453601 -0.462373 -0.488689 -0.493075 -0.497461 -0.499654 -0.543513 -0.543513 -0.545706 -0.547899 -0.547899 -0.556671 -0.565443 -0.574215 -0.600531 -0.582987 -0.637811 -0.633425 -0.635618 -0.640004 -0.642197 -0.629039 -0.688250 -0.701408 -0.745267 -0.784741 -0.804478 -0.824215 -0.846145 -0.868074 -0.898776 -0.900969 -0.903162 -0.911934 -0.931671 -0.940443 -0.949215 -0.957987 -0.993074 -0.997460 -0.999653 -1.001846 -0.988688 -0.999653 -1.010618 -1.019390 -1.036934 -1.045706 -1.056671 -1.054478 -1.069829 -1.087373 -1.102723 -1.118074 -1.155355 -1.131232 -1.164127 -1.179478 -1.194829 -1.254039 -1.295706 -1.339565 -1.330793 -1.414127 -1.387811 -1.394390 -1.418513 -1.442635 -1.464565 -1.427285 -1.482109 -1.468951 -1.455793 -1.444828 -1.464565 -1.471144 -1.479916 -1.488688 -1.490881 -1.495267 -1.499653 -1.519390 -1.486495 -1.510618 -1.530355 -1.547899 -1.567635 -1.582986 -1.609302 -1.611495 -1.626846 -1.644390 -1.659741 -1.688249 -1.718951 -1.738688 -1.769390 -1.769390 -1.778161 -1.784740 -1.791319 -1.800091 -1.784740 -1.797898 -1.813249 -1.811056 -1.797898 -1.784740 -1.780355 -1.769390 -1.760618 -1.751846 -1.780355 -1.760618 -1.769390 -1.778161 -1.786933 -1.773775 -1.769390 -1.795705 -1.784740 -1.771583 -1.758425 -1.765004 -1.760618 -1.767197 -1.749653 -1.754039 -1.743074 -1.729916 -1.718951 -1.705793 -1.694828 -1.683863 -1.670705 -1.659741 -1.646583 -1.635618 -1.624653 -1.611495 -1.600530 -1.587372 -1.576407 -1.567635 -1.567635 -1.567635 -1.567635 -1.574214 -1.558863 -1.541319 -1.585179 -1.576407 -1.585179 -1.593951 -1.602723 -1.580793 -1.600530 -1.591758 -1.582986 -1.576407 -1.569828 -1.574214 -1.561056 -1.543513 -1.530355 -1.532548 -1.536934 -1.519390 -1.517197 -1.517197 -1.497460 -1.504039 -1.495267 -1.484302 -1.475530 -1.471144 -1.462372 -1.451407 -1.442635 -1.411934 -1.405355 -1.398776 -1.376846 -1.372460 -1.372460 -1.370267 -1.370267 -1.354916 -1.341758 -1.328600 -1.311057 -1.300092 -1.286934 -1.275969 -1.289127 -1.243074 -1.227723 -1.229916 -1.221144 -1.212372 -1.203601 -1.197021 -1.188250 -1.203601 -1.177285 -1.205793 -1.194829 -1.183864 -1.166320 -1.159741 -1.153162 -1.144390 -1.144390 -1.133425 -1.118074 -1.135618 -1.109302 -1.111495 -1.104916 -1.098337 -1.091759 -1.085179 -1.069829 -1.054478 -1.050092 -1.078601 -1.063250 -1.047899 -1.034741 -0.993074 -0.993074 -0.993074 -0.993074 -0.999653 -0.990881 -0.979916 -0.971145 -0.944829 -0.927285 -0.909741 -0.940443 -0.907548 -0.905355 -0.903162 -0.900969 -0.896583 -0.885618 -0.876846 -0.861495 -0.841759 -0.824215 -0.813250 -0.804478 -0.795706 -0.802285 -0.778162 -0.782548 -0.767197 -0.751846 -0.736496 -0.725531 -0.707987 -0.677285 -0.694829 -0.677285 -0.659741 -0.642197 -0.613689 -0.622461 -0.602724 -0.582987 -0.552285 -0.539127 -0.525969 -0.512812 -0.493075 -0.436057 -0.409741 -0.411934 -0.411934 -0.411934 -0.354917 -0.304478 -0.315443 -0.326408 -0.278163 -0.212373 -0.214566 -0.201408 -0.188250 -0.175092 -0.135619 -0.098338 -0.102724 -0.078601 -0.056671 -0.008426 -0.028163 -0.019391 -0.008426  0.000346  0.039820  0.042013  0.081486  0.079293  0.125346  0.127539  0.134118  0.142890  0.149469  0.193328  0.217451  0.204293  0.217451  0.228416  0.241574  0.270083  0.285434  0.307363  0.333679  0.353416  0.373153  0.368767  0.375346  0.381925  0.406047  0.432363  0.458679  0.465258 
Shapelet   2   0.213020  0.331998  0.249945  0.336101  0.278663  0.188404  0.233534  0.163788  0.192507  0.114556 -0.029038 -0.127502 -0.164426 -0.172632 -0.209556 -0.254685 -0.234172 -0.312123 -0.271096 -0.324431 -0.336739 -0.340842 -0.295712 -0.336739 -0.254685 -0.197248 -0.225967 -0.164426 -0.143913 -0.111092 -0.061859 -0.086475 -0.106989 -0.057757 -0.041346 -0.024935  0.011989  0.007886 -0.045449 -0.004422 -0.053654 -0.106989 -0.148016 -0.205453 -0.308020 -0.365458 -0.476230 -0.468025 -0.431101 -0.463922 -0.468025 -0.394177 -0.324431 -0.275199 -0.164426 -0.061859  0.003784  0.106351  0.221226  0.282766  0.483798  0.582262  0.668418  0.656110  0.652008  0.598673  0.652008  0.610981  0.615083  0.569954  0.561749  0.549440  0.574057  0.537132  0.557646  0.578159  0.664316  0.635597  0.652008  0.680726  0.688932  0.738164  0.725856  0.787396  0.742267  0.693034  0.766883  0.705342  0.627391  0.615083  0.541235  0.492003  0.516619  0.471490  0.430463  0.434565  0.450976  0.500208  0.516619  0.545338  0.524824  0.561749  0.569954  0.533030  0.450976  0.418155  0.368922  0.282766  0.188404 -0.008524 -0.041346 -0.029038 -0.070065 -0.057757 -0.098784 -0.156221 -0.258788 -0.320328 -0.361355 -0.410587 -0.533668 -0.648543 -0.697775 -0.726494 -0.759316 -0.710083 -0.742905 -0.710083 -0.693673 -0.558284 -0.545976 -0.426998 -0.361355 -0.344945 -0.328534 -0.344945 -0.361355 -0.402382 -0.443409 -0.509052 -0.537771 -0.652646 -0.664954 -0.759316 -0.816753 -0.980860 -1.083427 -1.120352 -1.206508 -1.288562 -1.419848 -1.387026 -1.547031 -1.702933 -1.571647 -1.707035 -1.842424 -1.912170 -1.936786 -1.920375 -1.908067 -1.789089 -1.784986 -1.768576 -1.698830 -1.592160 -1.551133 -1.501901 -1.497799 -1.440361 -1.399334 -1.329589 -1.243432 -1.235227 -1.181892 -1.173687 -1.157276 -1.149071 -1.198303 -1.124454 -1.149071 -1.128557 -1.079325 -1.054709 -1.038298 -1.058811 -1.030093 -0.956244 -0.923423 -0.943936 -0.972655 -0.890601 -0.907012 -0.792137 -0.722391 -0.853677 -0.902909 -0.976758 -1.054709 -1.091633 -1.210611 -1.218816 -1.251638 -1.350102 -1.399334 -1.358307 -1.337794 -1.292664 -1.222919 -1.140865 -1.087530 -1.001374 -0.952142 -0.878293 -0.812650 -0.841369 -0.841369 -0.861883 -0.902909 -0.980860 -0.968552 -0.972655 -0.960347 -0.943936 -0.960347 -0.943936 -0.939834 -0.993169 -1.071120 -1.030093 -1.103941 -1.144968 -1.185995 -1.227021 -1.268048 -1.309075 -1.436258 -1.432156 -1.436258 -1.534723 -1.551133 -1.522415 -1.583955 -1.592160 -1.657803 -1.735754 -1.735754 -1.817808 -1.879348 -1.867040 -2.018839 -2.080380 -2.248590 -2.240384 -2.252692 -2.211666 -2.265000 -2.310130 -2.404492 -2.461929 -2.519367 -2.576804 -2.724501 -2.703988 -2.831171 -2.777836 -2.703988 -2.646550 -2.539880 -2.457826 -2.314233 -2.219871 -2.121406 -1.998326 -1.801397 -1.735754 -1.698830 -1.657803 -1.666009 -1.645495 -1.633187 -1.653701 -1.649598 -1.649598 -1.653701 -1.670111 -1.657803 -1.711138 -1.674214 -1.649598 -1.629085 -1.588058 -1.477285 -1.366513 -1.296767 -1.300870 -1.317281 -1.321383 -1.399334 -1.403437 -1.444464 -1.506004 -1.542928 -1.526517 -1.526517 -1.551133 -1.501901 -1.493696 -1.370615 -1.329589 -1.296767 -1.243432 -1.255740 -1.259843 -1.333691 -1.345999 -1.403437 -1.432156 -1.456772 -1.382923 -1.415745 -1.456772 -1.440361 -1.378821 -1.272151 -1.218816 -1.231124 -1.153173 -1.149071 -1.112146 -1.030093 -1.054709 -1.034195 -1.001374 -0.812650 -0.714186 -0.660851 -0.541873 -0.587003 -0.591106 -0.599311 -0.681365 -0.771624 
Shapelet   3   0.369144  0.453248  0.600429  0.579403  0.474274  0.390170  0.369144  0.390170  0.474274  0.474274  0.516326  0.327093  0.348119  0.516326  0.411196  0.348119  0.411196  0.474274  0.348119  0.579403  0.369144  0.474274  0.432222  0.453248  0.306067  0.453248  0.558377  0.852740  0.495300  0.411196  0.600429  0.516326  0.642481  0.306067  0.537352  0.537352  0.390170  0.390170  0.516326  0.390170  0.537352  0.453248  0.264015  0.285041  0.369144  0.411196  0.558377  0.306067  0.516326  0.285041  0.369144  0.306067  0.579403  0.411196  0.348119  0.600429  0.474274  0.432222  0.453248  0.327093  0.285041  0.200937  0.369144  0.242989  0.453248  0.579403  0.474274  0.306067  0.390170  0.474274  0.516326  0.474274  0.348119  0.432222  0.390170  0.495300  0.474274  0.453248  0.516326  0.432222  0.453248  0.411196  0.684533  0.411196  0.453248  0.327093  0.095808  0.495300  0.390170  0.264015  0.432222  0.453248  0.474274  0.390170  0.348119  0.432222  0.369144  0.495300  0.221963  0.474274  0.558377  0.558377  0.453248  0.684533  0.453248  0.432222  0.558377  0.537352  0.642481  0.558377  0.684533  0.663507  0.432222  0.432222  0.537352  0.684533  0.411196  0.453248  0.074782  0.369144  0.369144  0.390170  0.390170  0.264015  0.621455  0.537352  0.158886  0.264015  0.495300  0.390170  0.390170  0.306067  0.621455  0.621455  0.474274  0.474274  0.579403  0.600429  0.747610  1.399413  0.516326  1.147102  1.126076  1.357361  1.462491  1.252232  1.252232  1.147102  1.126076  1.147102  0.915818  1.273258  1.020947  1.062999  0.894792  1.041973  1.210180  0.978895  0.957869  1.210180  0.831714  1.189154  1.189154  0.747610  0.873766  1.273258  1.399413  1.336335  1.252232  1.041973  1.126076  1.041973  1.294283  1.168128  1.105050  1.336335  1.105050  1.210180  1.294283  1.336335  1.378387  1.231206  1.294283  1.210180  1.315309  0.936843  1.252232  1.441465  1.357361  1.357361  1.273258  1.294283  1.168128  1.420439  1.651724  1.672749  1.378387  1.672749  1.904034  2.093267  1.630698  1.946086  1.988138  1.819931  2.051216  1.840957  1.798905  1.883008  1.672749  1.756853  1.735827  1.672749  1.777879  1.777879  1.567620  1.462491  1.525568  1.546594  1.441465  1.441465  1.672749  1.441465  1.672749  1.420439  1.609672  1.588646  1.546594  1.588646  1.567620  1.483516  1.777879  1.756853  1.798905  1.861983  1.798905  1.904034  1.714801  1.967112  1.798905  1.819931  1.861983  1.756853  1.630698  1.925060  1.567620  1.462491  1.441465  1.651724  1.525568  1.588646  1.462491  1.651724 
Shapelet   4   1.108655  1.124878  1.130286  1.097840  1.081617  0.989687  0.951834  1.038356  1.011318  0.984280  0.989687  0.989687  0.946426  0.957241  0.957241  0.849089  0.886942  0.913980  0.930203  0.897757  0.870719  0.946426  0.892350  0.822051  0.941019  0.886942  0.919388  0.930203  0.903165  0.892350  0.935611  0.903165  0.903165  0.897757  0.930203  0.941019  0.881535  0.811235  0.859904  0.822051  0.805828  0.832866  0.735528  0.832866  0.784197  0.800420  0.767974  0.805828  0.746344  0.740936  0.713898  0.708490  0.697675  0.632783  0.638191  0.535446  0.621968  0.589522  0.557076  0.540854  0.557076  0.524631  0.459739  0.443516  0.459739  0.443516  0.454331  0.448924  0.405663  0.427293  0.421886  0.448924  0.492185  0.459739  0.405663  0.465147  0.438109  0.492185  0.486777  0.486777  0.497593  0.578707  0.567892  0.551669  0.584115  0.616560  0.605745  0.627376  0.670637  0.638191  0.632783  0.627376  0.562484  0.562484  0.594930  0.594930  0.578707  0.497593  0.205580  0.465147  0.459739  0.454331  0.486777  0.486777  0.400255  0.367809  0.416478  0.400255  0.362402  0.438109  0.427293  0.421886  0.411070  0.427293  0.384032  0.384032 
Shapelet   5  -1.030004 -1.013705 -1.024571 -1.057167 -1.051735 -1.051735 -1.049018 -1.049018 -1.054451 -1.049018 -1.062600 -1.070749 -1.057167 -1.076182 -1.078898 -1.068033 -1.122360 -1.122360 -1.160389 -1.187553 -1.168538 -1.222865 -1.228298 -1.277193 -1.269044 -1.307073 -1.279909 -1.312506 -1.374982 -1.361400 -1.358684 -1.342386 -1.347818 -1.339669 -1.350535 -1.369549 -1.355967 -1.364116 -1.345102 -1.366833 -1.328804 -1.339669 -1.339669 -1.347818 -1.323371 -1.315222 -1.301640 -1.304356 -1.298924 -1.285342 -1.293491 -1.282625 -1.263611 -1.252746 -1.220149 -1.233731 -1.228298 -1.217433 -1.212000 -1.206567 -1.203851 -1.203851 -1.187553 -1.190269 -1.201135 -1.192986 -1.225582 -1.225582 -1.222865 -1.236447 -1.239164 -1.244596 -1.271760 -1.269044 -1.269044 -1.285342 -1.285342 -1.258178 -1.269044 -1.255462 -1.247313 -1.260895 -1.250029 -1.214716 -1.203851 -1.201135 -1.187553 -1.182120 -1.163105 -1.163105 -1.171255 -1.163105 -1.138658 -1.149524 -1.141374 -1.141374 -1.122360 -1.125076 -1.108778 -1.108778 -1.062600 -1.081614 -1.073465 -1.073465 -1.068033 -1.070749 -1.068033 -1.073465 -1.076182 -1.076182 -1.100629 -1.081614 -1.106062 -1.119644 -1.114211 -1.114211 -1.122360 -1.149524 -1.149524 -1.152240 -1.163105 -1.133225 -1.154956 -1.122360 -1.141374 -1.141374 -1.130509 -1.106062 -1.081614 -1.081614 -1.089764 -1.081614 -1.078898 -1.051735 -1.059884 -1.057167 -1.057167 -1.046302 -1.035436 -1.021854 -1.010989 -1.002840 -0.997407 -1.000123 -0.986542 -0.975676 -0.989258 -0.970243 -0.967527 -0.981109 -0.953945 -0.972960 -0.964811 -0.962094 -0.983825 -0.983825 -1.013705 -1.008273 -1.021854 -1.010989 -1.010989 -1.024571 -1.040869 -1.035436 -1.081614 -1.070749 -1.106062 -1.095196 -1.095196 -1.130509 -1.157673 -1.163105 -1.130509 -1.160389 -1.135942 -1.144091 -1.133225 -1.130509 -1.108778 -1.095196 -1.065316 -1.065316 -1.051735 -1.054451 -1.046302 -1.046302 -1.002840 -1.002840 -0.994691 -0.983825 -0.989258 -0.981109 -0.951229 -0.959378 -0.967527 -0.948513 -0.948513 -0.951229 -0.945796 -0.905051 -0.924065 -0.902334 -0.888753 -0.894185 -0.880603 -0.869738 -0.888753 -0.891469 -0.869738 -0.875171 -0.872454 -0.891469 -0.886036 -0.872454 -0.902334 -0.905051 -0.915916 -0.910483 -0.918633 -0.929498 -0.926782 -0.929498 -0.918633 -0.915916 -0.891469 -0.886036 -0.880603 -0.845291 -0.848007 -0.820843 -0.807262 -0.815411 -0.793680 -0.744785 -0.763800 -0.763800 -0.763800 -0.736636 -0.693174 -0.698607 -0.668727 -0.655145 -0.649712 -0.630698 -0.644280 -0.636131 -0.603534 -0.600818 -0.576371 -0.568221 -0.568221 -0.576371 -0.576371 -0.579087 -0.581803 -0.568221 -0.568221 -0.554640 -0.565505 -0.598101 -0.579087 -0.598101 -0.603534 -0.603534 -0.625265 -0.619832 -0.630698 -0.622549 -0.625265 -0.617116 -0.611683 -0.589952 -0.584520 -0.549207 -0.505745 -0.508461 -0.489447 -0.478581 -0.475865 -0.462283 -0.478581 -0.437836 -0.418821 -0.432403 -0.432403 -0.418821 -0.405239 -0.405239 -0.394374 -0.391658 -0.402523 -0.394374 -0.407956 -0.429687 -0.405239 -0.383509 -0.375359 -0.329181 -0.334614 -0.310167 -0.302018 -0.272138 -0.258556 -0.258556 -0.261272 -0.234108 -0.201512 -0.179781 -0.174348 -0.160767 -0.130887 -0.166199 -0.166199 -0.098290 -0.133603 -0.117305 -0.147185 -0.133603 -0.128170 -0.120021 -0.114588 -0.101007 -0.098290 -0.084708 -0.062977 -0.079276 -0.076559 -0.084708 -0.071127 -0.076559 -0.052112 -0.038530 -0.041247 -0.041247 -0.016799  0.013081  0.015797  0.029379  0.053826  0.040244  0.067408  0.056543  0.116303  0.167914  0.184212  0.197794  0.189645  0.246688  0.262986  0.292866  0.303732  0.322746  0.349910  0.336328  0.344477  0.355343  0.379790  0.371641  0.409670  0.417819  0.396088  0.458565  0.463997  0.463997  0.485728  0.534623  0.561787  0.518325  0.564503  0.583518  0.594383  0.553638  0.602532  0.594383  0.602532  0.602532  0.635128  0.602532  0.637845  0.651427  0.645994  0.670441  0.662292  0.656859  0.670441  0.684023  0.681307  0.678590  0.675874  0.673158  0.670441  0.667725  0.665009  0.697605  0.673158  0.703038  0.719336  0.708470  0.754649  0.751932  0.784529  0.808976  0.830707  0.811692  0.868736  0.863303  0.893183  0.901332  0.901332  0.958376 
Shapelet   6   0.474274  0.348119  0.432222  0.390170  0.495300  0.474274  0.453248  0.516326  0.432222  0.453248  0.411196  0.684533  0.411196  0.453248  0.327093  0.095808  0.495300  0.390170  0.264015  0.432222  0.453248  0.474274  0.390170  0.348119  0.432222  0.369144  0.495300  0.221963  0.474274  0.558377  0.558377  0.453248  0.684533  0.453248  0.432222  0.558377  0.537352  0.642481  0.558377  0.684533  0.663507  0.432222  0.432222  0.537352  0.684533  0.411196  0.453248  0.074782  0.369144  0.369144  0.390170  0.390170  0.264015  0.621455  0.537352  0.158886  0.264015  0.495300  0.390170  0.390170  0.306067  0.621455  0.621455  0.474274  0.474274  0.579403  0.600429  0.747610  1.399413  0.516326  1.147102  1.126076  1.357361  1.462491  1.252232  1.252232  1.147102  1.126076  1.147102  0.915818  1.273258  1.020947  1.062999  0.894792  1.041973  1.210180  0.978895  0.957869  1.210180  0.831714  1.189154  1.189154  0.747610  0.873766  1.273258  1.399413  1.336335  1.252232  1.041973  1.126076  1.041973  1.294283  1.168128  1.105050  1.336335  1.105050  1.210180  1.294283  1.336335  1.378387  1.231206  1.294283  1.210180  1.315309  0.936843  1.252232  1.441465  1.357361  1.357361  1.273258  1.294283  1.168128  1.420439  1.651724  1.672749  1.378387  1.672749  1.904034  2.093267  1.630698  1.946086  1.988138  1.819931  2.051216  1.840957  1.798905  1.883008  1.672749  1.756853  1.735827  1.672749  1.777879  1.777879  1.567620  1.462491  1.525568  1.546594  1.441465  1.441465  1.672749  1.441465  1.672749  1.420439  1.609672  1.588646  1.546594  1.588646  1.567620  1.483516  1.777879  1.756853  1.798905  1.861983  1.798905  1.904034  1.714801  1.967112  1.798905  1.819931 
Shapelet   8   2.480406  2.537387  2.548783  2.600065  2.594367  2.543085  2.457614  2.486105  2.394936  2.223995  2.212599  2.223995  2.081545  2.070149  1.996074  1.990376  1.950490  1.944792  1.916302  1.961886  2.035961  2.001772  2.018867 
Shapelet   9   0.698572  0.730915  0.740156  0.777121  0.823326  0.860290  0.827946  0.827946  0.846428  0.869531  0.846428  0.911116  0.911116  0.924977  0.938839  0.929598  0.897254  0.888013  0.901875  0.892634  0.864910  0.892634  0.892634  0.929598  0.924977  0.888013  0.906495  0.888013  0.897254  0.934218  0.961941  0.961941  0.961941  0.980424  0.934218  0.924977  0.938839  0.934218  0.943459  0.957321  0.980424  0.943459  0.915736  0.897254  0.924977  0.897254  0.915736  0.878772  0.892634  0.901875  0.883393  0.883393  0.920357  0.948080  0.901875  0.971182  0.924977  0.952700  0.957321  0.994285  0.989665  0.980424  0.998906  0.975803  0.985044  0.980424  0.957321  0.966562  0.952700  0.948080  0.938839  0.878772  0.883393  0.888013  0.869531  0.883393  0.855669  0.818705  0.855669  0.851049  0.795603  0.827946  0.864910  0.860290  0.911116  0.934218  0.943459  0.952700  0.952700  0.998906  0.985044  0.975803  0.957321  0.971182  0.971182  0.957321  0.994285  0.980424  0.989665  0.994285  1.035870  1.068213  1.054352  1.082075  1.188347  1.220691  1.271516  1.257655  1.239173  1.280757  1.266896  1.248414  1.183726  1.197588  1.216070  1.206829  1.156003  1.202209  1.174485  1.151383  1.156003  1.151383  1.137521  1.137521  1.132901  1.165244  1.151383  1.174485  1.160624  1.146762  1.156003  1.160624  1.165244  1.202209  1.142142  1.105178  1.151383  1.151383 
Shapelet  10  -0.774665 -0.793680 -0.801829 -0.785531 -0.793680 -0.837142 -0.826276 -0.839858 -0.864305 -0.853440 -0.856156 -0.875171 -0.886036 -0.902334 -0.899618 -0.940363 -0.926782 -0.943080 -0.918633 -0.948513 -0.956662 -0.948513 -0.956662 -0.972960 -0.964811 -0.967527 -0.962094 -0.986542 -1.013705 -1.016422 -1.016422 -1.032720 -1.043585 -1.043585 -1.059884 -1.051735 -1.057167 -1.051735 -1.040869 -1.051735 -1.019138 
Shapelet  11   1.243683  1.291736  1.323772  1.339790  1.350468  1.366486  1.387843  1.393182  1.414540  1.430557  1.446575  1.478611  1.494629  1.515986  1.532004  1.521325  1.537343  1.553361  1.574718  1.532004  1.542682  1.537343  1.537343  1.617432  1.569379  1.590736  1.606753  1.628111  1.681503  1.734896  1.745575  1.772271  1.825664  1.788289  1.788289  1.788289  1.788289  1.793628  1.825664  1.820324  1.814985  1.809646  1.809646  1.804307  1.798967  1.798967  1.745575  1.740235  1.729557  1.718878  1.676164  1.676164  1.676164  1.676164  1.638789  1.590736  1.553361  1.548021  1.542682  1.537343  1.489289  1.489289  1.435897  1.446575  1.451914  1.441236  1.451914  1.462593  1.403861  1.441236  1.435897  1.430557  1.435897  1.435897  1.435897  1.435897  1.430557  1.355808  1.350468  1.345129  1.339790  1.275718  1.334450  1.259701  1.179612  1.179612  1.147576  1.099522  1.088844  1.030112  0.987398  0.998076  0.950023  0.901969  0.853916  0.853916  0.800523  0.821880  0.805862  0.795184  0.779166  0.757809  0.736452  0.715095  0.693738  0.667041  0.645684  0.624327  0.672381  0.581613  0.586952  0.592292  0.597631  0.613649  0.586952  0.560256  0.533560  0.501524  0.490845  0.453470  0.416096  0.378721  0.405417  0.271935  0.325328  0.277274  0.229221  0.186507  0.191846  0.159810  0.138453  0.111757  0.085061  0.058364  0.047686  0.042346 -0.043082 -0.117832 -0.123171 -0.128510 -0.133850 -0.133850 -0.149867 -0.160546 -0.176564 -0.181903 -0.208599 -0.187242 -0.219278 -0.251314 -0.283349 -0.294028 -0.315385 -0.342081 -0.368778 -0.395474 -0.384795 -0.422170 -0.438188 -0.448867 -0.459545 -0.464885 -0.502259 -0.480902 -0.539634 -0.593027 -0.582349 -0.593027 -0.598366 -0.603706 -0.619724 -0.619724 -0.625063 -0.630402 -0.689134 -0.667777 -0.694473 -0.721170 -0.747866 -0.817277 -0.790580 -0.806598 -0.822616 -0.758545 -0.865330 -0.854652 -0.817277 -0.886687 -0.956098 -0.838634 -0.934741 -0.902705 -0.870669 -0.838634 -0.843973 -0.876009 -0.908044 -0.892026 -0.998812 -0.934741 -0.918723 -1.036187 -0.988133 -0.945419 -0.897366 -1.052205 -0.966776 -0.881348 -1.084240 -1.073562 -1.014830 -0.956098 -0.897366 -0.843973 -0.876009 -0.833294 -0.827955 -0.822616 -0.817277 -0.811937 -0.758545 -0.673116 -0.705152 -0.731848 -0.763884 -0.721170 -0.667777 -0.609045 -0.555652 -0.721170 -0.646420 -0.566331 -0.486242 -0.496920 -0.432849 -0.443528 -0.459545 -0.475563 -0.491581 -0.582349 -0.464885 -0.443528 -0.422170 -0.400813 -0.379456 -0.358099 -0.331403 -0.310046 -0.288689 -0.294028 -0.219278 -0.229957 -0.235296 -0.245974 -0.208599 -0.224617 -0.123171 -0.101814 -0.080457 -0.059100 -0.080457  0.026329  0.133114  0.154471  0.181167  0.197185  0.213203  0.229221  0.298631  0.287953  0.282614  0.271935  0.282614  0.293292  0.303971  0.319989  0.282614  0.282614  0.319989  0.357363  0.325328  0.421435  0.410756  0.506863  0.533560  0.554917  0.544238  0.592292  0.554917  0.570934  0.586952 
Shapelet  12   0.153402  0.166561  0.087608 -0.030821 -0.070297 -0.188726 -0.215044 -0.254521 -0.412426 -0.425585 -0.517697 -0.544014 -0.675602 -0.754555 -0.820349 -0.978255 -1.070366 -1.096684 -1.215113 -1.294066 -1.294066 -1.320384 -1.373019 -1.359860 -1.465130 -1.491448 -1.517766 -1.662513 -1.530925 -1.609877 -1.478289 -1.465130 -1.478289 -1.504607 -1.438813 -1.373019 -1.399336 -1.267748 
Shapelet  13  -0.542144 -0.533832 -0.492276 -0.496432 -0.537988 -0.550455 -0.562922 -0.529677 -0.583700 -0.592011 -0.621101 -0.600323 -0.654346 -0.670968 -0.720836 -0.749925 -0.770703 -0.791482 -0.820571 -0.882906 -0.911995 -0.920306 -0.916151 -0.911995 -0.936929 -0.936929 -0.936929 -0.887061 -0.895372 -0.857972 -0.862127 -0.812260 -0.812260 -0.837194 -0.857972 -0.845505 -0.887061 -0.849661 -0.837194 -0.853816 -0.841349 -0.837194 -0.783170 -0.803949 -0.795637 -0.779015 -0.729147 -0.733303 -0.508899 -0.592011 -0.600323 -0.587856 -0.562922 -0.587856 -0.579544 -0.621101 -0.625256 -0.646035 -0.670968 -0.741614 -0.766548 -0.853816 -0.961863 -0.978485 
Shapelet  17  -0.367833 -0.389158 -0.474458 -0.389158 -0.438917 -0.460242 -0.481567 -0.531325 -0.595300 -0.581084 -0.645059 -0.694817 -0.744576 -0.822767 -0.794334 -0.836984 -0.801442 -0.822767 -0.900959 -0.851201 -0.879634 -0.950718 -0.872526 -0.893851 -0.915176 -0.872526 -0.908068 -0.836984 -0.787226 -0.744576 -0.709034 -0.737467 -0.751684 -0.701926 -0.709034 -0.716142 -0.652167 -0.623734 -0.573975 -0.595300 -0.524217 -0.517109 -0.389158 -0.453133 -0.410483 -0.310966 -0.282533 -0.353617 -0.282533 -0.296750 -0.175908 -0.254100 -0.197233 -0.225666 -0.246991 -0.183016 -0.161691 -0.275425 -0.197233 -0.289641 -0.183016 -0.275425 -0.211450 -0.282533 -0.339400 -0.325183 -0.310966 -0.325183 -0.382050 -0.396267 -0.474458 -0.467350 -0.410483 -0.389158 -0.389158 -0.474458 -0.474458 -0.481567 -0.495784 -0.424700 -0.431808 -0.310966 -0.367833 -0.332292 -0.353617 -0.360725 -0.325183 -0.246991 -0.296750 -0.268316 -0.190125 -0.133258 -0.147475 -0.175908 -0.147475 -0.119041 -0.119041 -0.161691 -0.133258 -0.097716 -0.111933 -0.119041 -0.190125 -0.154583 -0.126149 -0.111933 -0.133258 -0.033741 -0.019524 -0.076391 -0.055066 -0.062174 -0.005308 -0.012416  0.008909 -0.047958 -0.033741 -0.104824 -0.069283 -0.090608 -0.111933 -0.204341 -0.119041 -0.239883 -0.204341 -0.232775 -0.239883 -0.218558 -0.218558 -0.183016 -0.154583 -0.161691 -0.161691 -0.119041 -0.062174 -0.076391 -0.076391 -0.005308 -0.026633 -0.033741  0.023126 -0.005308 -0.005308  0.001801  0.044451  0.044451  0.044451 -0.005308  0.008909  0.023126 -0.005308 -0.005308 -0.069283 -0.069283 -0.062174 -0.062174 -0.069283 -0.119041 -0.183016 -0.168800 -0.175908 -0.261208 -0.254100 -0.246991 -0.232775 -0.310966 -0.318075 -0.275425 -0.339400 -0.396267 -0.382050 -0.417592 -0.403375 -0.481567 -0.481567 -0.460242 -0.446025 -0.446025 -0.446025 -0.495784 -0.481567 -0.446025 -0.396267 -0.417592 -0.446025 -0.424700 -0.446025 -0.396267 -0.346508 -0.325183 -0.303858 -0.246991 -0.254100 -0.175908 -0.232775 -0.197233 -0.190125 -0.062174 -0.140366 -0.055066 -0.040849 -0.005308  0.079993  0.065776 -0.005308  0.101318  0.058668  0.079993  0.023126  0.058668  0.101318  0.200834  0.143968  0.101318  0.101318  0.136859  0.179509  0.172401  0.108426  0.279026  0.165293  0.343001  0.314568  0.343001  0.250593  0.307460  0.364326  0.478060  0.506493  0.513602  0.634444  0.669985  0.606010  0.705527  0.705527  0.733961  0.755286  0.748177  0.847694  0.833477  0.847694  0.698419  0.741069  0.833477  0.726852  0.684202  0.641552  0.606010  0.563360  0.527818  0.485168  0.499385  0.350110  0.456735  0.343001  0.335893  0.328785  0.215051  0.264810  0.314568  0.286135  0.200834  0.207943  0.215051  0.250593  0.293243  0.286135  0.172401  0.300351  0.307460  0.136859  0.335893  0.335893  0.335893  0.343001  0.343001  0.392760  0.314568  0.236376  0.485168  0.513602  0.549144  0.591794  0.620227  0.655769  0.684202  0.691310  0.719744  0.755286  0.783719  0.790827  0.869019  0.925886  0.989861  0.968536  0.989861  0.989861  1.217328  1.082269  1.167570  1.210220  1.281303  1.196003  1.196003  1.238653  1.217328  1.210220  1.224436  1.224436  1.323953  1.316845  1.274195  1.259978  1.188895  1.238653  1.203111  1.203111  1.224436  1.196003  1.188895  1.181786  1.188895  1.217328  1.153353  1.146245  1.124920  1.252870  1.174678  1.281303  1.345278  1.551421  1.508770  1.579854  1.572745  1.551421  1.501662  1.579854  1.636721  1.544312  1.466120  1.594070  1.622504  1.515879  1.494554  1.530095  1.565637  1.608287  1.544312  1.572745  1.459012  1.473229  1.494554  1.537204  1.558529  1.487445  1.572745  1.544312  1.515879  1.380820  1.459012  1.558529  1.522987  1.451904  1.487445  1.522987  1.551421  1.437687  1.558529  1.451904  1.451904  1.402145  1.402145  1.558529  1.466120  1.480337  1.501662  1.380820  1.522987  1.487445  1.451904  1.444795  1.402145  1.508770  1.345278  1.466120  1.373712  1.459012  1.402145  1.480337  1.395037  1.380820  1.359495  1.359495  1.288412  1.281303  1.316845  1.345278  1.331062  1.323953  1.316845  1.281303  1.395037  1.252870  1.309737  1.288412  1.259978  1.274195  1.387928  1.323953  1.309737  1.302628  1.316845  1.323953  1.338170  1.323953  1.395037  1.217328  1.210220  1.203111  1.288412  1.281303  1.451904  1.231545  1.295520  1.259978  1.210220  1.210220  1.274195  1.267087  1.302628  1.252870  1.245761  1.238653  1.274195  1.259978  1.281303  1.210220  1.245761  1.181786  1.238653  1.217328  1.103595  1.203111  1.160461  1.203111  1.203111  1.203111  1.174678  1.196003  1.132028  1.153353  1.075161  1.117811  1.139136  1.167570  1.153353  1.124920  1.096486  1.146245  1.082269  1.174678  1.153353  1.167570  1.153353  1.174678  1.068053  1.068053  1.068053  1.068053  1.068053  1.068053  1.075161  1.096486  1.110703  1.103595  1.089378  1.075161  1.068053  1.053836  1.068053  1.089378  1.025403  1.025403  1.075161  1.124920  1.124920  1.124920  1.117811  1.060944  1.046728  1.060944  1.068053  1.075161  1.075161  1.075161  1.075161  1.075161  1.075161  1.068053  1.068053  1.068053  1.068053  1.068053  1.068053  1.060944  1.046728  1.025403  1.025403  1.018294  1.018294  1.011186  0.996969  1.039619  0.996969  0.989861  0.975644  0.961428  0.968536  0.975644  0.975644  0.982753  0.989861  0.989861  0.996969  1.004078  1.004078  1.011186  1.011186  1.004078  0.989861  0.975644  1.018294  1.011186  1.004078  0.968536  0.932994  0.897453  0.925886  0.954319  0.989861  0.861911  0.961428  0.989861  0.982753  0.925886  1.018294  0.954319  0.982753  0.954319  0.918778  0.932994  0.897453  0.925886  0.925886  0.996969  1.039619  1.060944  0.890344  0.932994  1.011186  0.989861  0.968536  0.947211  0.925886  1.004078  1.046728  1.011186  0.954319  0.989861  0.883236  0.883236  0.996969  0.819261  0.826369  0.769502  0.790827  0.861911  0.847694  0.833477  0.741069  0.769502  0.812152  0.769502  0.748177  0.840586  0.669985  0.669985  0.669985  0.662877  0.719744  0.641552  0.634444  0.627335  0.584685  0.478060  0.613119  0.499385  0.563360  0.463843  0.463843  0.463843  0.399868  0.357218  0.307460  0.243485  0.264810  0.243485  0.215051  0.207943  0.193726  0.122643  0.115534  0.051559  0.058668 -0.019524 -0.012416 -0.055066 -0.097716 -0.147475 -0.161691 -0.211450 -0.261208 -0.183016 -0.268316 -0.410483 -0.367833 -0.460242 -0.360725 -0.510000 -0.460242 -0.502892 -0.637950 -0.645059 -0.652167 -0.758792 -0.751684 -0.716142 -0.886743 -0.858309 -0.836984 -0.844093 -0.865418 -0.822767 -0.865418 -0.929393 -0.794334 -0.872526 -0.851201 -0.773009 -0.829876 -0.879634 -0.780117 -0.787226 -0.829876 -0.787226 -0.900959 -0.815659 -0.808551 -0.844093 -0.794334 -0.787226 -0.808551 -0.886743 -0.908068 -0.972043 -0.993368 -1.043126 -1.050235 -1.050235 -1.128426 -1.213727 -1.235052 -1.270593 -1.341677 -1.370110 -1.377219 -1.355894 -1.377219 -1.462519 -1.363002 -1.590469 -1.540711 -1.597577 -1.640227 -1.654444 -1.725528 -1.682878 -1.725528 -1.761069 -1.718419 -1.725528 -1.718419 -1.775286 -1.739744 -1.668661 -1.739744 -1.668661 -1.682878 -1.697094 -1.725528 -1.647336 -1.675769 -1.576252 -1.583361 -1.540711 -1.483844 -1.533602 -1.490952 -1.519386 -1.476735 -1.391435 -1.391435 -1.405652 -1.412760 -1.405652 -1.284810 -1.370110 -1.306135 -1.334569 -1.320352 -1.263485 -1.327460 -1.263485 -1.341677 -1.270593 -1.291918 -1.277702 -1.206618 -1.263485 -1.213727 -1.185293 -1.199510 -1.099993 -1.192401 -1.163968 -1.149752 -1.156860 -1.171077 -1.220835 -1.178185 -1.156860 -1.171077 -1.192401 -1.242160 -1.156860 -1.242160 -1.178185 -1.227943 -1.213727 -1.263485 -1.235052 -1.284810 -1.163968 -1.220835 -1.163968 -1.178185 -1.178185 -1.192401 -1.242160 -1.171077 -1.178185 -1.163968 -1.149752 -1.213727 -1.178185 -1.107101 -1.099993 -1.121318 -1.178185 -1.171077 -1.192401 -1.135535 -1.142643 -1.149752 -1.128426 -1.149752 -1.199510 -1.142643 -1.114210 -1.171077 -1.135535 -1.149752 -1.121318 -1.121318 -1.142643 -1.192401 -1.071560 -1.163968 -1.192401 -1.114210 -1.135535 -1.171077 -1.128426 -1.107101 -1.142643 -1.206618 -1.092885 -1.114210 -1.114210 -1.220835 -1.135535 -1.156860 -1.270593 -1.192401 -1.178185 -1.235052 -1.163968 -1.135535 -1.235052 -1.199510 -1.291918 -1.213727 -1.299027 -1.355894 -1.348785 -1.398544 -1.299027 -1.242160 -1.299027 -1.291918 -1.270593 -1.313243 -1.363002 -1.384327 -1.306135 -1.334569 -1.391435 -1.291918 -1.334569 -1.327460 -1.320352 -1.320352 -1.313243 -1.334569 -1.306135 -1.341677 -1.377219 -1.334569 -1.370110 -1.377219 -1.355894 -1.363002 -1.398544 -1.419869 -1.426977 -1.426977 -1.370110 -1.363002 -1.363002 -1.284810 -1.299027 -1.313243 -1.235052 -1.220835 -1.270593 -1.299027 -1.256377 -1.270593 -1.291918 -1.299027 -1.242160 -1.235052 -1.220835 -1.163968 -1.213727 -1.220835 -1.199510 -1.227943 -1.156860 -1.171077 -1.149752 -1.085776 -1.107101 -1.156860 -1.163968 -1.192401 -1.121318 -1.071560 -1.128426 -1.121318 -1.092885 
Shapelet  22  -1.420398 -1.429095 -1.429095 -1.489973 -1.481276 -1.481276 -1.446488 -1.489973 -1.489973 -1.507366 -1.524760 -1.559547 -1.611728 -1.681303 -1.646516 -1.724787 -1.663910 -1.716091 -1.776969 -1.768272 -1.881331 -1.890028 -1.933512 -1.950905 -2.003087 -2.011783 -1.985693 -2.098752 -2.046571 -2.046571 -2.081358 -2.090055 -2.185720 -2.142236 -2.246598 -2.237901 -2.168327 -2.150933 -2.177023 -2.255295 -2.177023 -2.177023 -2.177023 -2.177023 -2.185720 -2.194417 -2.185720 -2.098752 -2.090055 -2.098752 -2.081358 -2.037874 -2.011783 -2.020480 -1.950905 -1.950905 -1.942209 -1.872634 -1.837846 -1.768272 -1.750878 -1.707394 -1.672606 -1.620425 -1.533457 -1.394307 -1.437792 -1.289945 -1.263855 -1.168189 -1.133402 -1.142099 -1.116008 -1.063827 -1.037737 -1.002949 -0.959465 -0.889890 -0.829012 -0.707257 -0.620288 -0.698560 -0.646379 -0.646379 -0.672469 -0.568107 -0.672469 -0.663772 -0.646379 -0.611591 -0.672469 -0.689863 -0.681166 -0.698560 -0.715953 -0.672469 -0.698560 -0.672469 -0.637682 -0.655075 -0.585501 -0.576804 -0.602894 -0.533320 -0.515926 -0.481139 -0.481139 -0.411564 -0.428957 -0.237627 -0.289808 -0.246324 -0.141962 -0.168052 -0.046296 -0.081084  0.023279 -0.002812  0.127641  0.153731  0.084156  0.101550  0.214609  0.179822  0.310274  0.275487  0.284184  0.240700  0.379849  0.301578  0.327668  0.475515  0.562483  0.527696  0.458121  0.553786  0.666845  0.701633  0.779904  0.684239  0.701633  0.866873  0.814692  0.788601  0.849479  0.736420  0.849479  0.945144  0.901660  0.866873  0.927751  0.945144  1.040809  0.936447  0.953841  0.892963  0.945144  0.858176  0.971235  1.023416  1.066900  1.092991  1.179959  1.188656  1.136475  1.162565  1.162565  1.232140  1.266927  1.275624  1.423471  1.284321  1.345199  1.336502  1.406077  1.432168  1.414774  1.458258  1.423471  1.501742  1.501742  1.553924  1.553924  1.536530  1.588711  1.588711  1.632195  1.545227  1.588711  1.527833  1.606105  1.623498  1.562620  1.562620  1.553924  1.597408  1.580014  1.606105  1.519136  1.475652  1.553924  1.623498  1.562620  1.527833  1.501742 
Shapelet  24   1.480222  1.412666  1.570298  1.772969  1.930602  2.133273  2.358463  2.200830  2.628690  2.651209  2.673728 
Shapelet  25   0.727808  0.711551  0.646523  0.662780  0.792837  0.451439  0.532724  0.418925  0.370154  0.402668  0.451439  0.483953  0.483953  0.386411  0.418925  0.451439  0.451439  0.500210  0.353897  0.402668  0.386411  0.337640  0.288869  0.240098  0.272612  0.288869  0.337640  0.321383  0.223841  0.223841  0.288869  0.223841  0.256355  0.272612  0.353897  0.386411  0.402668  0.435182  0.500210  0.614009  0.548981  0.451439  0.337640  0.386411  0.337640  0.305126  0.256355  0.321383  0.110042  0.093785  0.126299  0.191327  0.240098  0.288869  0.240098  0.305126  0.288869  0.272612  0.191327  0.175070  0.288869  0.305126  0.305126  0.305126  0.321383  0.305126  0.142556  0.272612  0.370154  0.305126  0.353897  0.353897  0.353897  0.337640  0.370154  0.321383  0.418925  0.565238  0.646523  0.565238  0.597752  0.614009  0.662780  0.646523  0.646523  0.630266  0.760322  0.760322  0.809094  0.744065  0.792837  0.841608  0.890379  0.874122  0.857865  0.906636  1.020435  1.052949  1.052949  1.052949  1.036692  1.036692  1.036692  1.052949  1.020435  1.036692  1.069206  1.117977  1.150491  1.052949  1.085463  1.101720  1.134234  1.052949  1.134234  1.183005  1.150491  1.150491  1.166748  1.166748  1.231776  1.150491  1.166748  1.296804  1.150491  1.296804  1.296804  1.313061  1.329318  1.264290  1.215519  1.231776  1.199262  1.215519  1.183005  1.183005  1.231776  1.231776  1.264290  1.296804  1.329318  1.329318  1.329318  1.329318  1.296804  1.329318  1.394346  1.394346  1.443117  1.491888  1.540659  1.556916  1.443117  1.508145  1.475631  1.410603  1.361832  1.361832  1.361832  1.361832  1.313061  1.394346  1.329318  1.345575  1.117977  1.117977  1.101720  1.020435  0.939150  0.776579  0.776579  0.776579  0.776579  0.483953  0.337640 -0.507725 -0.637781 -0.719066 -0.670295 -0.800351 -0.914150 -1.044206 -1.141748 -1.158005 -1.125491 -1.060463 -1.092977 -1.011692 -0.930407 -0.849122 -0.686552 -0.491468 -0.475211 -0.491468 -0.215098 -0.231355 -0.491468 -0.670295 -0.800351 -0.946664 -1.076720 -1.060463 -0.995435 -1.255547 -1.271804 -1.223033 -1.044206 -1.109234 -0.556496 -0.491468 -0.475211 -0.442697 -0.426440 -0.345154 -0.182584 -0.198841 -0.036271  0.077528  0.175070  0.240098  0.288869  0.353897  0.500210  0.500210  0.467696  0.305126  0.223841  0.142556  0.061271  0.093785 -0.020014 -0.133813 -0.312640 -0.198841 -0.101299  0.012500  0.110042  0.126299  0.207584  0.272612  0.435182  0.435182  0.386411  0.337640  0.272612  0.240098  0.061271 -0.263869 -0.198841 -0.150070 -0.572753 -0.637781 -0.540239 -0.540239 -0.523982 -0.523982 -0.702809 -1.531916 -1.613202 -1.775772 -1.792029 -1.727001 -1.531916 -1.336832 -1.141748 -0.995435 -0.800351 -0.670295 -0.572753 -0.426440 -0.296383 -0.133813  0.110042  0.240098  0.207584  0.207584  0.223841  0.597752  0.727808  0.841608  1.215519  1.296804  1.459374  1.589430  1.524402  1.231776  1.280547  1.264290  1.215519  1.199262  1.069206  0.955407  0.776579  0.890379  0.906636  0.939150  0.841608  0.874122  0.874122  1.085463  1.036692  1.004178  0.955407  0.906636  0.841608  0.646523  0.711551  0.646523  0.760322  0.597752  0.565238  0.548981  0.516467  0.500210  0.565238  0.418925  0.581495  0.435182  0.240098  0.353897  0.402668  0.467696  0.516467  0.581495  0.451439  0.402668  0.353897  0.402668  0.467696  0.516467  0.581495  0.581495  0.402668  0.402668  0.467696  0.532724  0.532724  0.500210  0.467696  0.451439  0.483953  0.581495  0.548981  0.467696  0.532724  0.516467  0.532724  0.418925  0.337640  0.402668  0.337640  0.288869  0.207584  0.158813  0.223841  0.158813  0.158813  0.142556  0.126299  0.093785  0.012500  0.077528 -0.003757  0.045014  0.077528  0.093785  0.061271  0.045014  0.028757  0.012500 -0.117556 -0.036271  0.077528  0.207584  0.142556  0.207584  0.207584  0.207584  0.223841  0.207584  0.191327  0.175070  0.142556  0.077528  0.207584  0.142556  0.142556  0.077528  0.077528  0.093785  0.126299  0.158813  0.142556  0.142556  0.126299  0.093785  0.093785  0.240098  0.142556  0.175070  0.191327  0.207584  0.142556  0.353897  0.272612  0.288869  0.272612  0.256355  0.240098  0.207584  0.093785  0.126299 -0.068785 -0.036271 -0.003757 -0.215098 -0.198841 -0.198841 -0.182584 -0.117556 -0.133813 -0.117556 -0.198841 -0.361411 -0.475211 -0.475211 -0.215098 -0.247612 -0.312640 -0.345154 -0.296383 -0.296383 -0.166327 -0.296383 -0.231355 -0.296383 -0.247612 -0.198841 -0.150070 -0.068785 -0.133813 -0.117556 -0.085042 -0.036271  0.061271  0.045014  0.028757  0.012500 -0.003757  0.012500 -0.052528  0.012500  0.012500  0.012500  0.012500  0.061271  0.093785  0.142556  0.142556  0.142556  0.126299  0.093785  0.077528  0.126299  0.077528 -0.036271  0.077528 -0.052528 -0.085042 -0.166327 -0.182584 -0.198841 -0.215098 -0.198841 -0.263869 -0.263869 -0.198841 -0.052528 -0.101299 -0.036271 -0.101299 -0.101299 -0.085042 -0.101299 -0.166327 -0.150070 -0.166327 -0.198841 -0.215098 -0.166327 -0.166327 -0.166327 -0.036271 -0.166327 -0.101299 -0.117556 -0.150070 -0.166327 -0.150070 -0.052528 -0.101299 -0.101299 -0.101299 -0.101299 -0.101299 -0.101299 -0.166327 -0.182584 -0.117556 -0.328897 -0.166327 -0.182584 -0.198841 -0.215098 -0.247612 -0.361411 -0.296383 -0.280126 -0.263869 -0.247612 -0.231355 -0.263869 -0.247612 -0.231355 -0.231355 -0.231355 -0.231355 -0.231355 -0.247612 -0.182584 -0.215098 -0.247612 -0.215098 -0.198841 -0.182584 -0.166327 -0.182584 -0.296383 -0.296383 -0.280126 -0.296383 -0.296383 -0.312640 -0.312640 -0.345154 -0.312640 -0.247612 -0.296383 -0.312640 -0.312640 -0.296383 -0.280126 -0.280126 -0.312640 -0.393926 -0.377669 -0.312640 -0.296383 -0.296383 -0.296383 -0.312640 -0.296383 -0.280126 -0.231355 -0.393926 -0.377669 -0.231355 -0.393926 -0.231355 -0.280126 -0.280126 -0.296383 -0.296383 -0.296383 -0.280126 -0.280126 -0.280126 -0.280126 -0.328897 -0.263869 -0.296383 -0.328897 -0.328897 -0.328897 -0.215098 -0.263869 -0.280126 -0.410183 -0.280126 -0.280126 -0.361411 -0.345154 -0.328897 -0.312640 -0.296383 -0.263869 -0.215098 -0.198841 -0.231355 -0.198841 -0.312640 -0.215098 -0.280126 -0.263869 -0.231355 -0.215098 -0.215098 -0.312640 -0.280126 -0.231355 -0.198841 -0.133813 -0.198841 -0.215098 -0.215098 -0.215098 -0.231355 -0.231355 -0.247612 -0.215098 -0.198841 -0.150070 -0.068785 -0.133813 -0.133813 -0.150070 -0.150070 -0.150070 -0.150070 -0.085042 -0.166327 -0.198841 -0.150070 -0.150070 -0.198841 -0.198841 -0.198841 -0.198841 -0.166327 -0.150070 -0.215098 -0.150070 -0.166327 -0.133813 -0.150070 -0.150070 -0.150070 -0.166327 -0.198841 -0.231355 -0.231355 -0.182584 -0.198841 -0.150070 -0.215098 -0.150070 -0.150070 -0.150070 -0.150070 -0.150070 -0.166327 -0.133813 -0.133813 -0.133813 -0.150070 -0.150070 -0.198841 -0.198841 -0.328897 -0.361411 -0.361411 -0.377669 -0.377669 -0.247612 -0.410183 -0.410183 -0.393926 -0.458954 -0.507725 -0.572753 -0.621524 -0.491468 -0.491468 -0.654038 -0.442697 -0.475211 -0.458954 -0.475211 -0.475211 -0.491468 -0.572753 -0.458954 -0.556496 -0.881636 -0.979178 -0.914150 -0.849122 -0.784094 -0.881636 -0.881636 -1.109234 -1.450631 -1.353089 -1.613202 -1.613202 -1.596945 -1.596945 -1.743258 -1.759515 -1.938342 -1.613202 -1.645716 -1.727001 -1.889571 -1.987113 -2.084655 -2.182197 -2.279739 -2.198454 -2.263482 -2.052141 -1.824543 -1.808286 -1.889571 -1.889571 -1.938342 -1.987113 -2.052141 -2.100912 -2.230968 -2.295996 -2.588622 -2.669907 -2.734936 -2.799964 -2.767450 -2.799964 -2.637393 -2.474823 -2.312253 -2.149683 -1.987113 -1.938342 -1.938342 -1.922085 -1.905828 -1.922085 -1.710744 -1.564431 -1.629459 -1.694487 -1.613202 -1.873314 -1.792029 -1.970856 -1.938342 -1.808286 -1.792029 -1.808286 -1.759515 -1.645716 -1.727001 -1.678230 -1.824543 -1.987113 -2.149683 -2.214711 -2.279739 -2.344767 -2.409795 -2.458566 -2.572365 -2.702421 -2.653650 -2.686164 -2.751193 -2.816221 -2.897506 -2.669907 -2.572365 -2.312253 -2.214711 -2.182197 -2.133426 -2.247225 -2.344767 -2.458566 -2.084655 -2.312253 -2.019627 -1.954599 -1.661973 -1.613202 -1.385603 -1.320575 -1.092977 -0.784094 -0.800351 -0.507725 -0.345154 -0.263869 -0.182584  0.028757  0.110042  0.175070  0.240098  0.321383  0.451439  0.711551  0.825351  0.922893  1.036692  1.150491  1.117977  1.166748  1.134234  0.857865  0.792837  0.711551  0.857865  1.117977  1.134234  1.345575  1.231776  1.199262  1.117977  1.199262  1.280547  1.361832  1.410603  1.426860  1.686972  1.768257  1.995856  2.190940  2.402281  2.451052  2.613622  2.564851  2.581108  2.597365  2.613622  2.662393  2.288482  2.028370  1.914570  1.800771  1.686972  1.475631  1.361832  1.215519  0.874122  0.695294  0.451439  0.256355  0.061271 -0.117556 -0.296383 -0.475211 -0.654038 -0.849122 -1.027949 
Shapelet  44   1.345199  1.310412  1.319109  1.310412  1.345199  1.310412  1.327805  1.293018  1.301715  1.249534  1.258231  1.258231  1.249534  1.266927  1.171262  1.206050  1.162565  1.214746 
Shapelet  45  -0.214046 -0.190688 -0.210709 -0.190688 -0.220720 -0.307481 -0.324165 -0.340850 -0.334176 -0.347524 -0.374219 -0.404252 -0.450969 -0.477665 -0.501023 -0.504360 -0.524382 -0.527719 -0.521045 -0.524382 -0.527719 -0.517708 -0.491012 -0.464317 -0.481002 -0.477665 -0.501023 -0.521045 -0.544404 -0.564425 -0.587784 -0.607805 -0.631164 -0.651186 -0.674544 -0.694566 -0.697903 -0.694566 -0.727935 -0.684555 -0.671207 -0.697903 -0.724598 -0.751294 -0.727935 -0.684555 -0.684555 -0.634501 -0.614479 -0.631164 -0.641175 -0.614479 -0.594458 -0.561088 -0.554414 -0.561088 -0.511034 -0.497686 -0.484339 -0.437621 -0.434284 -0.380893 -0.374219 -0.350861 -0.337513 -0.317491 -0.314155 -0.267437 -0.267437 -0.247416 -0.217383 -0.050536 -0.093916  0.026214  0.066257  0.122985  0.166365  0.209745  0.203071  0.279821  0.299843  0.316527  0.329875  0.346560  0.379929  0.373255  0.409962  0.446668  0.483375  0.520081  0.556787  0.593494  0.630200  0.670243  0.683591  0.713624  0.736982  0.736982  0.763678  0.773689  0.793710  0.790373  0.793710  0.817069  0.820406  0.870460  0.870460  0.870460  0.957220  0.937199  1.007274  1.033970  1.077350  1.074013  1.124067  1.157437  1.170785  1.150763  1.190806  1.220839  1.194143  1.177458  1.150763  1.174122  1.147426  1.147426  1.157437  1.137415  1.120731  1.170785  1.164111  1.164111  1.214165  1.247534  1.284241  1.277567  1.287578  1.274230  1.267556  1.247534  1.234187  1.197480  1.197480  1.200817  1.157437  1.154100  1.154100  1.117393  1.080687  1.043981  1.007274  0.970568  0.933862  0.873797  0.853775  0.843764  0.820406  0.810395  0.790373  0.750330  0.716961  0.653559  0.660232  0.596831  0.603504  0.596831  0.566798  0.496722  0.419973  0.466690  0.436657  0.379929  0.403288  0.309854  0.309854  0.283158  0.273147  0.279821  0.239778  0.243115  0.216419  0.239778  0.236441  0.259799  0.226430  0.183050  0.153017  0.109637  0.096289  0.026214 -0.023841 -0.067221 -0.077232 -0.127286 -0.090579 -0.070558 -0.073895 -0.103927 -0.093916 -0.080569 -0.093916 -0.107264 -0.153981 -0.157318 -0.177340 -0.180677 -0.227394 -0.240742 -0.280785 -0.280785 -0.337513 -0.364209 -0.337513 -0.394241 -0.394241 -0.420937 -0.397578 -0.414263 -0.444295 -0.440958 -0.410926 -0.404252 -0.394241 -0.384230 
Shapelet  49  -0.090361 -0.131517 -0.126372 -0.110939 -0.121228 -0.090361 -0.105794 -0.100650 -0.136662 -0.059494 -0.028626 -0.059494 -0.023482  0.007385  0.182299  0.408658  0.439526  0.542416  0.542416  0.475537  0.542416  0.429237  0.434381  0.377791  0.336635  0.197733  0.449815  0.321201  0.290334  0.326346  0.357213  0.377791  0.326346  0.357213  0.285190  0.326346  0.352069  0.439526  0.460104  0.439526  0.449815  0.526983  0.449815  0.470393  0.418947  0.326346  0.393225  0.449815  0.449815  0.393225  0.418947  0.470393  0.403514  0.408658  0.398369  0.408658  0.388080  0.465248  0.465248  0.465248  0.454959  0.454959  0.413803  0.480682  0.444670  0.429237  0.398369  0.357213  0.439526  0.362358  0.362358  0.413803  0.393225  0.305768  0.362358  0.444670  0.465248  0.439526  0.501260  0.465248  0.526983  0.583572  0.568139  0.547561  0.629873  0.660740  0.696752  0.681318  0.671029  0.732764  0.773920  0.655596  0.619584  0.650451  0.568139  0.537272  0.593861  0.588717  0.511549  0.557850  0.501260  0.470393  0.506404  0.454959  0.439526  0.429237  0.388080  0.362358  0.475537  0.377791  0.341780  0.130854  0.172010  0.202877  0.259467  0.228600  0.192588  0.202877  0.238889  0.228600  0.218311  0.197733  0.197733  0.172010  0.172010  0.244034  0.141143  0.151432  0.166866  0.187444  0.249178  0.166866  0.259467  0.177155  0.187444 -0.008048 -0.049205 -0.193251 -0.126372 -0.100650 -0.141806 -0.105794 -0.028626 -0.100650 -0.074927 -0.229263 -0.188107 -0.172673 -0.141806 -0.208685 -0.275564 -0.234408 -0.301286 -0.332154 -0.414466 -0.424755 -0.450478 -0.512212 -0.522501 -0.491634 -0.512212 -0.496778 -0.594524 -0.651114 -0.754005 -0.656259 -0.656259 -0.651114 -0.651114 -0.651114 -0.651114 -0.651114 -0.548224 -0.599669 -0.563657 -0.604814 -0.553368 -0.537935 -0.527646 -0.476200 -0.548224 -0.568802 -0.579091 -0.517357 -0.553368 -0.558513 -0.676837 -0.687126 -0.800306 -0.836317 -0.903196 -0.939208 -0.975219 -0.970075 -1.072966 -1.078110 -1.227301 -1.242735 -1.263313 -1.237590 -1.309614 -1.253024 -1.258169 -1.268458 -1.247879 -1.232446 -1.242735 -1.191290 -1.129555 -1.129555 -1.098688 -1.119266 -1.144989 -1.098688 -1.052387 -1.000942 -0.954641 -0.892907 -0.826028 -0.759149 -0.764294 -0.733427 -0.764294 -0.743716 -0.707704 -0.723138 -0.748860 -0.769438 -0.800306 -0.764294 -0.769438 -0.795161 -0.826028 -0.851751 -0.872329 -0.877473 -0.887763 -0.892907 -0.903196 -0.903196 -0.898052 -0.851751 -0.841462 -0.790017 -0.769438 -0.743716 -0.764294 -0.676837 -0.656259 -0.687126 -0.671692 -0.661403 -0.661403 -0.707704 -0.671692 -0.635681 -0.599669 -0.563657 -0.465911 -0.383599 -0.296142 -0.234408 -0.116083 -0.059494 


; cmd = ../../ShapeletResearch/Execs/FastShapelet ../../UCRArchive_2018//Worms/Worms_TRAIN.tsv 5 181 901 10 1 10 10 1 0 10 ../../UCRArchive_2018//Worms/tree.txt ../../UCRArchive_2018//Worms/time.txt
; time =>  2859.052  60.405 339.766  19.352 2418.864 
