;Shapelet Tree 

;random seed:1551068757, rand()=733163511, rand()=880298186
;command = ShapeletResearch/Execs/FastShapelet UCRArchive_2018//FacesUCR/FacesUCR_TRAIN.tsv 14 200 132 10 1 10 10 0 1 10 UCRArchive_2018//FacesUCR/tree.txt UCRArchive_2018//FacesUCR/time.txt 

;Local Class:   0  1  2  3  4  5  6  7  8  9 10 11 12 13 
;Real  Class:  12  5  8  1  4 13  3 10 14 11  2  7  6  9 

;Node ID class   obj  pos  len  dist_th 
TreeSize: 160 
NonL  1    --     89   57   42   5.4931 ==>  11  11  27   1   2  32  10   8   4   1   0  14   3   0  /   0   4   0  12  20   1   0   0   2   3  12   0  10  12 
NonL  2    --     41   45   29   4.4755 ==>  10   0  27   1   1  32  10   8   0   1   0   4   0   0  /   1  11   0   0   1   0   0   0   4   0   0  10   3   0 
NonL  3    --     36   47   56   6.3145 ==>   0   0   0  12   0   0   0   0   0   0  11   0   0  12  /   0   4   0   0  20   1   0   0   2   3   1   0  10   0 
NonL  4    --     29   35   45   5.4204 ==>   3   0   0   0   1  27   9   0   0   0   0   0   0   0  /   7   0  27   1   0   5   1   8   0   1   0   4   0   0 
NonL  5    --     18   72   42   5.0039 ==>   1   0   0   0   1   0   0   0   0   0   0  10   3   0  /   0  11   0   0   0   0   0   0   4   0   0   0   0   0 
NonL  6    --      3    1  129   8.1101 ==>   0   0   0  12   0   0   0   0   0   0   0   0   0   0  /   0   0   0   0   0   0   0   0   0   0  11   0   0  12 
NonL  7    --     18    4  108  11.1052 ==>   0   0   0   0   0   0   0   0   0   0   1   0  10   0  /   0   4   0   0  20   1   0   0   2   3   0   0   0   0 
NonL  8    --     18    0  130  14.3979 ==>   0   0   0   0   0  27   0   0   0   0   0   0   0   0  /   3   0   0   0   1   0   9   0   0   0   0   0   0   0 
NonL  9    --      6   29   64   7.2990 ==>   6   0   0   0   0   0   1   8   0   1   0   4   0   0  /   1   0  27   1   0   5   0   0   0   0   0   0   0   0 
NonL 10    --     10   32   47   5.1296 ==>   0   0   0   0   0   0   0   0   0   0   0  10   0   0  /   1   0   0   0   1   0   0   0   0   0   0   0   3   0 
NonL 11    --      9   88   41   3.7354 ==>   0  11   0   0   0   0   0   0   0   0   0   0   0   0  /   0   0   0   0   0   0   0   0   4   0   0   0   0   0 
Leaf 12     1    
NonL 13    --      2    2  124   8.3621 ==>   0   0   0   0   0   0   0   0   0   0   0   0   0  12  /   0   0   0   0   0   0   0   0   0   0  11   0   0   0 
Leaf 14     6    
NonL 15    --     15    9  119  12.3706 ==>   0   4   0   0   0   1   0   0   0   2   0   0   0   0  /   0   0   0   0  20   0   0   0   2   1   0   0   0   0 
Leaf 16    13    
NonL 17    --      8   43   42   3.5842 ==>   0   0   0   0   0   0   9   0   0   0   0   0   0   0  /   3   0   0   0   1   0   0   0   0   0   0   0   0   0 
NonL 18    --     18   61   32   3.6764 ==>   0   0   0   0   0   0   1   8   0   1   0   0   0   0  /   6   0   0   0   0   0   0   0   0   0   0   4   0   0 
NonL 19    --      9   40   76   6.2818 ==>   0   0  27   0   0   0   0   0   0   0   0   0   0   0  /   1   0   0   1   0   5   0   0   0   0   0   0   0   0 
Leaf 20     7    
NonL 21    --      2    0  128  12.2317 ==>   0   0   0   0   0   0   0   0   0   0   0   0   3   0  /   1   0   0   0   1   0   0   0   0   0   0   0   0   0 
Leaf 22     5    
Leaf 23    14    
Leaf 26     9    
Leaf 27     2    
NonL 30    --      0  104   19   1.8177 ==>   0   4   0   0   0   0   0   0   0   0   0   0   0   0  /   0   0   0   0   0   1   0   0   0   2   0   0   0   0 
NonL 31    --      4    5  122  13.8574 ==>   0   0   0   0  20   0   0   0   0   0   0   0   0   0  /   0   0   0   0   0   0   0   0   2   1   0   0   0   0 
Leaf 34     3    
NonL 35    --      2    0  130   5.8897 ==>   0   0   0   0   1   0   0   0   0   0   0   0   0   0  /   3   0   0   0   0   0   0   0   0   0   0   0   0   0 
NonL 36    --      1   94   15   0.9930 ==>   0   0   0   0   0   0   1   0   0   1   0   0   0   0  /   0   0   0   0   0   0   0   8   0   0   0   0   0   0 
NonL 37    --      8   31   47   4.1907 ==>   0   0   0   0   0   0   0   0   0   0   0   4   0   0  /   6   0   0   0   0   0   0   0   0   0   0   0   0   0 
Leaf 38     8    
NonL 39    --      3   57   62   5.5636 ==>   0   0   0   0   0   5   0   0   0   0   0   0   0   0  /   1   0   0   1   0   0   0   0   0   0   0   0   0   0 
Leaf 42     6    
NonL 43    --      0    0  130   7.9100 ==>   1   0   0   0   0   0   0   0   0   0   0   0   0   0  /   0   0   0   0   1   0   0   0   0   0   0   0   0   0 
Leaf 60     5    
NonL 61    --      1    0  112   5.8694 ==>   0   0   0   0   0   1   0   0   0   0   0   0   0   0  /   0   0   0   0   0   0   0   0   0   2   0   0   0   0 
Leaf 62     4    
NonL 63    --      1    0  129   7.4484 ==>   0   0   0   0   0   0   0   0   0   1   0   0   0   0  /   0   0   0   0   0   0   0   0   2   0   0   0   0   0 
Leaf 70     4    
Leaf 71    12    
NonL 72    --      0   36   80   4.7020 ==>   0   0   0   0   0   0   0   0   0   1   0   0   0   0  /   0   0   0   0   0   0   1   0   0   0   0   0   0   0 
Leaf 73    10    
Leaf 74     7    
Leaf 75    12    
Leaf 78    13    
NonL 79    --      0    0  130   9.0615 ==>   0   0   0   1   0   0   0   0   0   0   0   0   0   0  /   1   0   0   0   0   0   0   0   0   0   0   0   0   0 
Leaf 86    12    
Leaf 87     4    
Leaf 122    13    
Leaf 123    11    
Leaf 126    11    
Leaf 127    14    
Leaf 144    11    
Leaf 145     3    
Leaf 158     1    
Leaf 159    12    

;Shapelet id   <data>
Shapelet   1  -0.149379 -0.229216 -0.205915 -0.133909 -0.063873 -0.001355  0.061163  0.145537  0.237757  0.315128  0.351131  0.387135  0.394608  0.394608  0.383059  0.347055  0.311052  0.227317  0.135097  0.113820  0.209597  0.305374  0.107084 -0.121838 -0.320709 -0.480383 -0.640056 -0.644755 -0.643377 -0.677998 -0.750003 -0.821830 -0.884348 -0.946866 -0.657325 -0.076426  0.502358  1.055230  1.608103  1.569180  1.141891  0.688367 
Shapelet   2  -0.027325 -0.038666 -0.091794 -0.145484 -0.144779 -0.244546 -0.274206 -0.342763 -0.404398 -0.367867 -0.285360 -0.330174 -0.104797 -0.035449 -0.027695  0.099486  0.171624  0.152820  0.226876  0.283223  0.233602  0.329325  0.377958  0.405769  0.448996  0.489732  0.465219  0.339340  0.237691 
Shapelet   3  -0.858125 -0.053185  0.430590  0.428904  0.129072 -0.380693 -0.164493 -0.239033 -0.237890 -0.642212 -0.626580 -0.120508  0.209765  0.128743 -0.100812 -0.139485  0.061704  0.034674 -0.045711 -0.176226 -0.283897 -0.052285  0.324414  0.420798  0.019603 -0.603018 -0.134926  0.552477  1.268134  1.245618  1.160174  1.520734  1.734647  1.812976  1.038941 -0.382487 -1.956583 -2.750701 -2.467654 -1.551629 -0.648855  0.065602  0.755250  1.265310  0.911099 -0.144986 -1.709346 -2.291473 -2.006244 -1.204541 -0.597175 -0.133049  0.495447  1.348988  2.311246  2.807910 
Shapelet   4   0.110040  0.171859  0.349630  0.506744  0.650501  0.744599  0.770595  0.755703  0.554585  0.389610  0.106833 -0.083691 -0.051861 -0.163276 -0.052328 -0.039701 -0.180319 -0.115254 -0.258738 -0.318313 -0.255323 -0.256138 -0.226793 -0.102649 -0.036719  0.089056  0.271544  0.309217  0.361093  0.372227  0.373947  0.421633  0.428484  0.479801  0.486575  0.495164  0.538091  0.333981  0.158039  0.051344 -0.120115 -0.011394  0.001901 -0.196448 -0.275751 
Shapelet   5  -0.376405  0.366190  1.064490  1.489911  1.430126  0.996179  0.723336  0.656818  0.774420  0.948923  0.893431  0.378035 -0.481822 -1.259059 -1.790200 -1.791555 -1.283273 -0.766074 -0.262438  0.141708  0.408319  0.532003  0.417080 -0.024071 -0.723884 -1.621488 -2.106594 -2.080339 -1.681852 -1.025852 -0.234242  0.412087  1.108839  1.953138  2.626535  2.750751  2.146300  0.823946 -0.846304 -2.207921 -2.804641 -2.465144 
Shapelet   6  -0.461087 -0.142332 -0.008127 -0.137359 -0.369858 -0.595116 -0.731552 -0.463333 -0.183569  0.298324  0.356884  0.022912 -0.382680 -0.700399 -0.482466  0.061099  0.099296  0.324155  0.301219  0.146335  0.155417 -0.125718 -0.388533 -0.433075 -0.145173  0.198630  0.741195  1.038919  0.929677  0.725186  0.283220  0.189906  0.248429  0.118023  0.051744 -0.216576 -0.127063  0.275359  0.570856  0.875365  0.643633  0.353578  0.004066 -0.399691 -0.240272 -0.241639 -0.228303 -0.176562 -0.239831  0.035666  0.206449 -0.084336 -0.127946 -0.148763 -0.314724 -0.096789  0.134685  0.285577  0.673389  0.214266 -0.541588 -0.447837 -0.169926  0.534226  1.104319  0.942782  0.719920  0.192290 -0.397350 -0.798924 -0.867350  0.052495  1.279368  1.903010  2.030185  1.253696  1.286232  1.470293  0.694061 -0.410086 -1.966210 -2.690848 -2.321979 -1.193704  0.018182  0.849767  1.000880  0.174444 -0.926841 -1.860498 -1.983183 -1.409604 -0.602812 -0.066840  0.248014  0.515800  0.946028  1.489166  2.153062  2.463519  2.153970  0.860936 -0.861922 -2.192009 -2.606305 -1.939411 -1.105865 -0.153686  0.204980  0.031891 -0.457122 -1.043991 -0.686976  0.197493  1.232309  2.066689  2.427798  2.285511  1.686735  0.787274 -0.066521 -0.492874 -0.595455 -0.619051 -0.792139 -1.098286 -1.370304 -1.525076 -1.447650 
Shapelet   7  -0.071864 -0.193743 -0.594203 -0.169370  0.191099  0.332288  0.199561  0.060919 -0.028882  0.113561 -0.179440 -0.416030 -0.272324  0.732000  0.941483  0.196865 -1.097137 -1.335922 -0.787599  0.469572  0.876720  0.668522 -0.211975 -0.368699 -0.561954 -0.763739 -0.383741  0.147258  0.358509 -0.608675 -0.572017  0.110312  1.438276  1.458118  1.906126  2.444869  1.137952 -0.986879 -2.537599 -1.768519 -0.430917  0.705596  1.451385  1.497532  0.454116 -1.107552 -1.393701 -0.012666  0.892512 -0.514359 -1.168713 -0.348672  1.947167  2.048548  0.970553 -0.674852 -1.675764 -1.377296 -0.521965  0.656877  0.289118 -0.445288 -1.334964 -1.204512 -0.424331  0.666122  1.634018  1.849638  1.252602 -0.369895 -0.995167 -0.583656  0.654044  1.532061  1.388027  0.643031 -0.471696 -1.132435 -1.176621 -0.470332 -0.180865 -0.137512 -0.259828 -0.259828 -0.259828 -0.217653 -0.073948  0.068661  0.440164  1.049859 -0.443604 -1.545391 -2.065046 -1.071165 -0.431092  0.008322  0.276777  0.583609  1.153784  1.970616  2.159552  0.890366 -1.083019 -2.477924 -1.889669 -0.882382 -0.110822 -0.063807 
Shapelet   8  -0.994762 -0.994762 -0.994762 -0.910858 -0.827262 -0.748804 -0.670346 -0.455726 -0.144477  0.113997 -0.040938 -0.195874 -0.199293 -0.118041 -0.077941 -0.239030 -0.400119 -0.448749 -0.448749 -0.430673 -0.350836 -0.270999 -0.194738 -0.119640 -0.088705 -0.169654 -0.250604 -0.268226 -0.271120 -0.252200 -0.190861 -0.129522  0.013694  0.169370  0.278028  0.315040  0.352051  0.328306  0.299600  0.295549  0.321289  0.347029  0.248816  0.148219  0.066642  0.003382 -0.057413 -0.055327 -0.053241 -0.097526 -0.177363 -0.242136 -0.162299 -0.082462 -0.053634 -0.055720 -0.069542 -0.149379 -0.229216 -0.205915 -0.133909 -0.063873 -0.001355  0.061163  0.145537  0.237757  0.315128  0.351131  0.387135  0.394608  0.394608  0.383059  0.347055  0.311052  0.227317  0.135097  0.113820  0.209597  0.305374  0.107084 -0.121838 -0.320709 -0.480383 -0.640056 -0.644755 -0.643377 -0.677998 -0.750003 -0.821830 -0.884348 -0.946866 -0.657325 -0.076426  0.502358  1.055230  1.608103  1.569180  1.141891  0.688367  0.062435 -0.563497 -0.688623 -0.556193 -0.387966 -0.065813  0.256339 -0.022189 -0.537829 -0.944429 -1.015521 -1.086613 -0.843039 -0.507368 -0.315955 -0.458139 -0.600322 -0.298000  0.095245  0.513912  0.978072  1.442233  1.189026  0.844241  0.488808  0.118372 -0.252064 -0.918935 -1.603592  0.036318  4.279744 
Shapelet   9   0.510216  0.174528  0.138466  0.350660  0.484202  0.657588  0.613706  0.301954  0.232635  0.210207  0.171150  0.397953  0.353575  0.440939  0.821481  0.720060  0.615661  0.290090 -0.188163 -0.315504 -0.420487 -0.292408 -0.246740 -0.302381 -0.258813 -0.419962 -0.453032 -0.333351 -0.072700  0.380732  0.486166  0.367608 -0.215204 -0.961155 -1.119529 -0.786111  0.190920  1.115645  1.585798  1.661620  1.359097  1.222522  1.553653  2.028392  2.124078  1.815926  0.837362 -0.698971 -1.630233 -2.018481 -1.698273 -0.795858 -0.316737 -0.175883 -0.405143 -0.632875 -0.533545 -0.121745  0.390187  0.586060  0.245585 -0.643951 -1.500391 -1.823411 
Shapelet  10   0.599224  0.072021 -0.373850 -0.486818 -0.302227 -0.039518  0.449154  0.674164  0.593899  0.411463  0.328702 -0.125689 -0.506152 -0.355173 -0.108588  0.150769  0.519610  0.739246  0.193189 -0.288794 -0.715939 -1.095177 -1.288461 -0.937556 -0.301962  0.226286  0.790634  1.018568  0.640347 -0.173812 -0.676674 -0.910876 -0.613662 -0.007538  0.621846  1.077516  1.304787  1.161245  1.028370  0.984140  1.011496  1.027343  0.895293  0.422259 -0.242547 -0.936024 -1.442565 
Shapelet  11  -0.962363 -1.371758 -1.267313 -0.790427 -0.232187  0.389605  0.835523  1.330028  1.888607  2.257512  2.291097  1.509578  0.036491 -1.530431 -2.032501 -1.737230 -1.033145 -0.709748 -0.853273 -1.109032 -1.314399 -1.032100 -0.534848  0.318305  1.139882  1.857699  2.236375  2.361314  2.063295  1.381517  0.632514 -0.010420 -0.307788 -0.329547 -0.329547 -0.157458 -0.202963 -0.209482 -0.458352 -0.909199 -1.574020 
Shapelet  13  -0.292956 -0.525044 -0.659332 -0.947776 -1.200852 -1.126600 -0.875045 -0.474909  0.014916  0.355918  0.442114  0.439989  0.438038  0.384861  0.369934  0.260234  0.125843  0.005386 -0.095224 -0.126668 -0.283031 -0.330854 -0.211146 -0.094705  0.092509  0.068500 -0.109797 -0.014095  0.198863  0.552845  0.896045  0.791606  0.654956  0.418925  0.109233  0.009515 -0.096159 -0.098760 -0.260006 -0.171904 -0.105878 -0.087967  0.627924  0.835283  0.726542  0.463797 -0.028953 -0.495080 -0.601668 -0.045904  0.185258  0.398289  0.483799 -0.038679 -0.336523 -0.336523 -0.336523 -0.314744 -0.324522 -0.394156 -0.318218 -0.196874 -0.032330  0.074931  0.088459  0.204004  0.139643  0.236984  0.384678  0.482386  0.619224  0.272332 -0.068621 -0.214322 -0.047663  0.459498  0.861676  1.479734  1.919095  2.177166  1.968925  0.602416 -1.044653 -2.430630 -2.732195 -2.150059 -1.277546 -0.292020  0.437084  0.944526  1.049518  0.553415 -0.710140 -1.699153 -2.132591 -2.068000 -1.325168 -0.567192  0.244583  1.237218  2.148375  2.682901  2.452905  1.314500 -0.268477 -1.434114 -1.983874 -1.920099 -1.551491 -1.297072 -0.731326  0.020937  0.536473  0.587387 -0.016515 -0.672519 -0.782029 -0.214353  0.727644  1.564134  1.980365  2.040522  1.691892  1.166987 
Shapelet  15   0.113073  0.002965 -0.008251  0.428083  1.300804  1.089580  0.444975 -0.374735 -1.094676 -1.045322 -0.200749  1.284511  1.988553  0.770360 -0.943414 -1.940141 -0.810881 -0.175603 -0.157997 -0.020080  0.723986  1.239394  0.886267  0.442450  0.491649  0.880114  0.936497  0.331210 -0.430660 -1.115669 -0.585286  0.037305  0.611490  0.784338 -0.528645 -1.408956 -1.083367  0.503953  0.982320  0.659791 -0.054091  0.513337  0.737678  0.138148 -1.375134 -1.007022  0.170551  0.740459 -0.160706 -0.374215  0.442987  1.023946  0.453508 -0.559976 -1.333573 -1.258522 -1.101523 -0.777199  1.112951  2.354736  2.774853  1.999478  0.663211 -0.281962 -0.744606 -0.592567 -0.451045 -0.074223  0.744211  0.535564  0.263696 -0.047349 -0.483102 -1.012864 -1.031924 -0.184617  0.518984  0.557613  0.026232 -0.978152 -1.513194 -1.418427 -0.603182 -0.291613  0.169855  0.670905  1.010477  1.156593  1.640171  2.507920  1.967370  0.446107 -1.174988 -1.674581 -1.413069 -1.196468 -1.155522 -1.173407 -0.878488 -0.403367  0.167561  0.487160  1.165709  2.108218  2.254409  1.835538  1.130167  0.281629 -0.043297 -0.175603 -0.175603 -0.175603 -0.066856  0.025043  0.025043 -0.534947 -1.292353 -2.011929 -1.959755 
Shapelet  17   0.448664  0.493038  0.530949  0.497033  0.278908  0.108058 -0.065907 -0.119958 -0.110610 -0.287105 -0.335371 -0.561162 -0.393606 -0.217313 -0.010425  0.123135  0.172351  0.063563 -0.038154  0.018804  0.009237  0.180690  0.167965  0.214922  0.218842  0.245946  0.429415  0.478028  0.674628  0.910111  0.890083  0.643554  0.004637 -0.335371 -0.273458 -0.079878 -0.091861 -0.287332 -0.624514 -0.712820 -0.514202 -0.419961 
Shapelet  18   0.004710 -0.026767 -0.032863 -0.039807 -0.047653  0.088098  0.240721  0.354291  0.298359  0.332150  0.593697  1.100334  1.220713  0.551592 -0.268839 -0.810327 -0.433566 -0.309274 -0.365172 -0.540079 -0.545489 -0.215258  0.079297 -0.279669 -0.478153  0.111980  1.190271  1.895638  0.137590 -1.811599 -3.116951 -2.067510 
Shapelet  19   0.324229  0.368060  0.562079  0.600773  0.328817  0.029878 -0.283344 -0.134113 -0.020305 -0.020305  0.180102  0.505764  0.223192  0.022400  0.179584  0.421574  0.725756  0.598743  0.394577  0.090395 -0.127386 -0.271107 -0.414828 -0.506957 -0.363236 -0.085652  0.325795  0.169083 -0.054879  0.068555  0.179048  0.274443  0.399690  0.526220  0.591191  0.628857  0.629289  0.599139  0.556117  0.479135  0.444156  0.476382  0.388178  0.253167  0.253167  0.301132  0.439696  0.177354 -0.285442 -0.748238 -1.074804 -1.094853 -1.403117 -1.881957 -2.248263 -2.227685 -1.173502 -0.267685  0.534922  0.797114  1.161828  2.045886  2.873537  3.655273  1.740084 -0.479280 -2.310426 -2.664625 -1.615725 -0.382880  0.601398  0.016219 -0.495620 -0.926191 -0.905396 -0.572877 
Shapelet  21  -2.253503 -1.465911 -0.769710  0.060140  0.076374  0.083149  0.020649 -0.182644 -0.153367 -0.037139  0.181972 -0.284172 -0.605213 -0.892956  0.174205  1.097387  1.287466  0.721017 -0.479728 -1.221864 -1.132618 -0.724606 -0.078622  0.368252  0.553515  0.172522 -0.398094 -1.119656 -0.759631 -0.072913  0.772090  0.505875  0.340960  0.586378  1.010365  1.370881  0.732276  0.896710  0.027178 -0.291556 -0.599048 -0.396507  0.107492  0.280058  0.738745  0.775703  0.393050 -0.159775 -0.504973 -0.156214  0.103939 -0.013309 -0.085232  0.008110  0.373948  0.443639 -0.137181 -0.278906 -0.303037 -0.079924 -0.068718 -0.304186 -0.513350 -0.500838 -0.382016  0.079872  0.915936  1.719602  1.731123  0.816593 -0.347804 -0.479584  0.640305  1.635005  1.231267 -0.290569 -1.605606 -1.524280 -0.669287  0.178749  0.337640  0.057464 -0.143006 -0.271286 -0.130988 -0.012884  0.213299  0.594662  0.844442  0.325007 -0.823717 -1.943403 -2.134914 -1.478502 -0.548801  0.150650  0.602568  1.271913  2.121508  2.817068  2.865848  1.555336 -0.644006 -2.364976 -2.704229 -1.476206 -0.614630 -0.741910 -1.171901 -1.066513 -0.451386 -0.471077 -0.763626 -0.902774 -0.068719  1.148896  2.044858  2.526979  2.408812  1.827388  0.835404 -0.122208 -0.543845 -0.376621 -0.015917  0.083874 -0.043663 -0.429392 
Shapelet  30  -1.214446 -1.341241 -1.061033 -0.668672 -0.209696  0.334099  0.774575  1.319521  2.092498  2.333319  2.106621  1.240763  0.472688 -0.093306 -0.372278 -0.144028  0.017648  0.017648 -0.112327 
Shapelet  31   0.882991  0.495612 -0.332509 -0.809974 -0.908155 -0.431215  0.313290  0.939891  1.012840  0.280867 -0.440890 -0.553176  0.263456  0.592303  0.504854 -0.344703 -0.716785 -0.506787  0.174912  0.529103  0.514332  0.156781  0.235549  0.231896  0.329238  0.017004 -0.327896 -0.431264 -0.258701  0.168172  0.233462  0.126567 -0.383104 -0.528293 -0.238010  1.042672  1.669652  1.286625  0.138313 -0.904671 -0.477738 -0.039496  0.655301  0.508504  0.097057 -0.640358 -1.089762 -0.709194  0.004087  0.584850  0.838803  0.682053  0.376328 -0.380009 -1.120274 -1.209159 -0.521382  0.288932  0.793029  0.853818  1.082435  1.040510  0.235736 -0.752300 -0.403517  1.287786  2.840715  2.567904  0.544937 -1.326964 -1.770103 -0.402521  1.306832  1.558421  0.303934 -1.419204 -1.787455 -1.324261 -0.620205 -0.339929 -0.029949  0.374055  0.329243 -0.812895 -2.351823 -2.514523 -0.981530  1.296606  2.290141  2.173078  0.886039 -0.213629 -0.880108 -0.852543  0.309203  1.491786  1.870719  0.758951 -1.010107 -1.955837 -1.274188 -0.243731  0.306984  0.024257 -0.172389 -0.172193 -0.393772 -1.010265 -1.145774 -0.538823  0.530417  1.580927  2.107700  1.993922  1.403596  0.518664 -0.272148 -0.847491 -1.283393 -1.545606 -1.480465 -1.042564 
Shapelet  35  -0.889075 -0.889075 -0.142170  0.811938  1.194348  1.250830  1.330690  0.940744  0.279694 -0.629981 -0.719208 -0.617055 -0.514328 -0.184238  0.192020  0.594408  0.540756  0.400846  0.179468 -0.166120 -0.329686 -0.360055 -0.277005 -0.168711 -0.046652  0.085624 -0.125570 -0.442613 -0.797686 -0.894834 -0.767486 -0.388731  0.185692  0.693947  1.109722  1.135262  0.933069  0.617749  0.475016  0.461384  0.509022  0.575022  0.690705  0.733270  0.603006  0.227394 -0.111527 -0.353489 -0.554641 -0.678576 -0.732572 -0.830352 -1.009041 -1.201493 -1.155973 -1.079689 -0.846960 -0.145848  0.547838  0.920060  0.620557  0.503124  0.327672  0.028989 -0.141826  0.189685  0.998218  1.390575  1.680027  1.871323  1.891575  1.672014  1.355960  1.101206  0.871300  0.731492  0.774441  0.575023  0.232568 -0.263061 -0.842911 -1.399304 -1.907023 -1.864597 -1.566887 -1.088879 -0.655791 -0.364786 -0.209977 -0.298638 -0.652084 -1.020779 -1.225171 -1.319515 -1.332560 -1.249705 -0.739040 -0.062738  0.759240  1.494566  1.847383  1.864568  1.536740  0.757612 -0.269719 -1.341373 -1.573303 -1.489594 -1.338495 -0.935496 -0.478974 -0.017274 -0.170016 -0.255622 -0.202120  0.132359  0.561888  1.068286  1.582140  1.882345  1.991479  1.786310  1.264014  0.616256 -0.057873 -0.658771 -1.235215 -1.796768 -2.009041 -2.078164 
Shapelet  36  -0.403309  0.529796  1.340106  1.828990  1.736854  1.216797  0.198305 -0.662665 -0.730342 -0.333261  0.063493 -0.162125 -0.931355 -1.360584 -1.296686 
Shapelet  37   0.582293  0.759013  0.783440  0.607620  0.305115 -0.026954 -0.264293 -0.314192 -0.294927 -0.211795  0.384707  0.862484  1.179631  0.967018  0.634985  0.436295  0.136398 -0.259768 -0.351944 -0.280996  0.174246  0.406971  0.491350  0.322145  0.038170 -0.463650 -0.931656 -1.349278 -1.101661 -0.798297 -0.415536 -0.003193  0.398406  0.678744  0.572247  0.078915 -0.260818 -0.457993 -0.248479 -0.019194  0.223974  0.782958  1.285900  1.628983  1.615512  1.435154  1.377656 
Shapelet  39  -0.262855 -0.236070 -0.224399 -0.099276  0.281434  0.423110  0.375791 -0.068033 -0.632728 -0.549832 -0.165241  0.226281  0.193853 -0.342771 -0.391838 -0.066923  0.311301  0.458982  0.266292  0.642155  0.870816  1.037495  1.175193  1.045317  1.348017  1.095908  0.700558  0.348500 -0.695067 -1.618790 -2.381269 -1.700216 -0.420741 -0.078812 -0.680919 -1.971375 -2.057334 -1.348082 -0.310062  0.515370  1.213947  1.782126  2.297528  2.327252  1.386550 -0.222044 -1.665974 -1.706806 -1.013277 -0.664868 -0.831253 -1.131792 -0.272223  0.204204  0.164710 -0.496986 -0.606914  0.019043  1.057078  1.826813  2.055823  1.851601 
Shapelet  43   0.246378  0.246378  0.246378  0.387263  0.133979 -0.131818 -0.402090 -0.672578 -0.182653  0.357135  0.753478  1.137866  0.457240 -0.331692 -0.759647 -1.144036 -1.082403 -0.958171 -0.492700  0.027612 -0.112472 -0.372628 -0.519863 -0.644095 -0.565733 -0.441501 -0.061245  0.383016  0.572426  0.691877  0.697318  0.668556  0.633406  0.596170  0.294597 -0.100595 -0.037060  0.202157  0.030236 -0.311504 -0.499297 -0.618669 -0.158240  0.578911  1.035283  1.348002  1.116546  0.587089 -0.195331 -1.125829 -1.157893 -0.628437 -0.416654 -0.416654 -0.495026 -0.629082 -0.386122  0.142146  0.501656  0.725223  0.431481 -0.305671 -0.657235 -0.657235 -0.415068  0.061927  0.237506  0.102251  0.104495  0.257545  0.494921  0.830676  1.032792  1.069010  1.080467  1.059204  0.853215  0.387243 -0.100465 -0.620777 -0.840909 -0.580753 -0.368012 -0.236270 -0.197761 -0.329503 -0.461244 -0.592985 -0.597039 -0.333556 -0.067206  0.205597  0.319939  0.050639 -0.473617 -1.663591 -2.518273 -2.426249 -2.091838 -1.015113 -0.045607  0.566502  1.195476  1.885883  2.446986  2.490871  2.177862  0.288571 -1.369520 -1.892634 -2.208565 -1.384996 -0.657680 -0.529265 -0.466013 -0.867055 -1.253908 -1.523208 -1.693398 -0.889001 -0.085793  0.703140  1.491527  2.271598  3.001758  2.700433  2.380205  1.464508  0.554502  0.008727 
Shapelet  61  -1.709820 -1.443721 -1.143699 -1.048193 -1.450432 -1.796182 -1.864303 -1.587166 -0.798283  0.017735  0.510098  0.719079  0.709056  0.479720  0.104237 -0.111515 -0.301282 -0.336623 -0.188575 -0.063525  0.048137  0.066209  0.083189  0.009207 -0.017757  0.027381  0.039044  0.169648  0.212712  0.200177  0.181245 -0.056431 -0.271531 -0.378108 -0.231897  0.299811  0.929090  1.410302  1.537845  1.328694  0.907550  0.452421  0.028795 -0.379086 -0.633807 -0.661818 -0.341139  0.194351  0.926965  1.447195  1.375415  1.122648  0.758624  0.544719  0.707119  0.763580  0.429810 -0.012843 -0.407296 -0.564645 -0.275117  0.058466  0.214455  0.219947  0.118020  0.063587  0.142240  0.217602  0.208287  0.150441 -0.001238 -0.026055  0.104860  0.270072  0.551488  0.725883  0.824964  1.063144  1.437719  1.616570  1.834894  1.646705  1.093572  0.744187 -0.107920 -0.884254 -1.529958 -2.256181 -2.192861 -1.706042 -0.878407  0.430632  1.382646  1.672025  1.396033  0.608552  0.018968  0.047352  0.295024  0.523459  0.320479 -0.237026 -0.664332 -0.822526 -0.601360 -0.239537 -0.080333 -0.094720 -0.079597  0.201812  0.854995  1.508806 
Shapelet  63  -0.504251 -0.504251 -0.564765 -0.749750 -1.123690 -1.174497 -1.040469 -1.026128  0.293593  1.061956  0.923687 -0.546077 -1.089346 -1.007404 -0.485025 -0.109589 -0.181193 -0.451395 -0.773237 -0.587168 -0.399875 -0.065725  0.479775  0.653152  0.322289  0.063252  0.381391 -0.106590 -0.602969 -0.663726  0.349014 -0.903289 -0.856330  0.517764  2.891080  2.305179  1.163836  0.027363 -0.415712 -0.105481  0.294966  0.501092 -0.145674 -0.285696 -0.285696 -0.271475 -0.099041  0.085271  0.348163  0.708114  0.337540  0.210474 -0.097663 -1.005923 -1.392345  0.035431  1.822505  1.782078  0.243481 -0.702546 -1.009441 -0.907336 -0.360867 -0.071967 -0.156477 -0.638679 -0.456017  0.387798  1.599681  1.336019  0.216553 -0.901454 -1.565213 -0.822705  0.472352  1.647573  2.232745  1.589384  1.285855  1.293991  1.609482  0.520270 -0.842705 -1.851909 -1.509526 -0.839739 -0.222298  0.132673 -0.236252 -0.767737 -0.847283 -0.300294  1.148146  1.478425  0.678952 -0.990839 -1.560049 -1.748223 -1.479024 -0.740000 -0.200665  0.217450  0.458432  0.480315  1.226267  2.167218  2.122227 -0.349256 -1.529722 -0.873074  0.265929 -0.510575 -1.792735 -1.806532 -0.668777  0.855446  0.348456  0.033690  0.375867  1.445214  1.460041  1.344367  1.346127  1.045296  0.548288  0.209395  0.201432  0.191010  0.062942 
Shapelet  72   0.301954  0.232635  0.210207  0.171150  0.397953  0.353575  0.440939  0.821481  0.720060  0.615661  0.290090 -0.188163 -0.315504 -0.420487 -0.292408 -0.246740 -0.302381 -0.258813 -0.419962 -0.453032 -0.333351 -0.072700  0.380732  0.486166  0.367608 -0.215204 -0.961155 -1.119529 -0.786111  0.190920  1.115645  1.585798  1.661620  1.359097  1.222522  1.553653  2.028392  2.124078  1.815926  0.837362 -0.698971 -1.630233 -2.018481 -1.698273 -0.795858 -0.316737 -0.175883 -0.405143 -0.632875 -0.533545 -0.121745  0.390187  0.586060  0.245585 -0.643951 -1.500391 -1.823411 -1.386018 -0.403309  0.529796  1.340106  1.828990  1.736854  1.216797  0.198305 -0.662665 -0.730342 -0.333261  0.063493 -0.162125 -0.931355 -1.360584 -1.296686 -0.934914 -0.366040 -0.080949  0.381679  1.332473  1.890561  2.146064 
Shapelet  79  -0.706925 -0.706925 -0.706925 -0.610961 -0.399929 -0.425666 -0.610106 -0.791711 -1.017478 -1.071775 -0.621561 -0.097482  0.307042  0.500848 -0.160588 -0.819935 -1.162504 -0.927762 -0.148701  0.394843  0.572855  0.479027  0.184713 -0.025222  0.084656  0.259321  0.230071  0.134367  0.323323  0.395665  0.336905  0.556227  0.477929  0.287527  0.372612  0.424940  0.424512  0.546360  0.646439  0.661056  0.681239  0.473900  0.040639 -0.241466 -0.363467 -0.208773  0.229058  0.349677  0.225868 -0.032038 -0.373423 -0.517497 -0.370098 -0.242621 -0.212979 -0.130054 -0.264964 -0.503367 -0.257425 -0.130601 -0.012426  0.290475  0.333516  0.189554  0.104926  0.144430  0.256788  0.451671  0.703181  0.777857  0.623748  0.527575  0.366669  0.524578  0.707529  0.706871  0.875161  0.881976  0.821205  0.952248  0.797419  0.022502 -0.893231 -1.644069 -2.075850 -1.507453 -0.418972  0.501478  0.882805  0.346889 -0.664021 -1.706427 -2.316526 -2.232373 -1.591435 -0.813890 -0.222270  0.173310  0.479928  0.784403  1.516236  2.309341  2.789385  2.609353  1.578495  0.034107 -1.439997 -2.368897 -2.533069 -1.986555 -1.141447 -0.468080 -0.116064 -0.201377 -0.664154 -0.879794 -0.334426  0.585189  1.694572  2.582255  2.861178  2.469802  1.686911  0.796620 -0.005788 -0.531505 -0.686618 -0.663873 -0.810244 -1.134671 


; cmd = ShapeletResearch/Execs/FastShapelet UCRArchive_2018//FacesUCR/FacesUCR_TRAIN.tsv 14 200 132 10 1 10 10 0 1 10 UCRArchive_2018//FacesUCR/tree.txt UCRArchive_2018//FacesUCR/time.txt
; time =>   40.124   2.228  18.419   1.516  16.880 
