;Shapelet Tree 

;random seed:1551069606, rand()=1516653119, rand()=629002551
;command = ShapeletResearch/Execs/FastShapelet UCRArchive_2018//Trace/Trace_TRAIN.tsv 4 100 276 10 1 10 10 0 1 10 UCRArchive_2018//Trace/tree.txt UCRArchive_2018//Trace/time.txt 

;Local Class:   0  1  2  3 
;Real  Class:   1  2  4  3 

;Node ID class   obj  pos  len  dist_th 
TreeSize: 8 
NonL  1    --      3  128   53   5.6558 ==>  26   0   0  22  /   0  21  31   0 
NonL  2    --      0    4  181  10.9011 ==>  26   0   0   0  /   0   0   0  22 
NonL  3    --      0   61  205   8.7847 ==>   0  21   0   0  /   0   0  31   0 
Leaf  4     1    
Leaf  5     3    
Leaf  6     2    
Leaf  7     4    

;Shapelet id   <data>
Shapelet   1   0.661044  0.637015  0.620327  0.627811  0.613263  0.578911  0.578609  0.657537  0.597941  0.645809  0.598589  0.626028  0.629580  0.619619  0.618303  0.616988  0.624008  0.619383  0.614063  0.623481  0.644177  0.646760  0.592606  0.621208  0.615509  0.628667  0.623552  0.620255  0.551138  0.619399  0.623639  0.662163  0.649130  0.611945  0.650530  0.642298  0.656966  0.616340  0.619667  0.630759  0.633933  0.689252  0.730255  0.853640  0.961683  1.095091  1.119052  1.113319  0.999861  0.780512  0.739385  0.563021  0.526750 
Shapelet   2   0.532156  0.593013  0.595280  0.538277  0.563429  0.595956  0.632915  0.584646  0.623187  0.605955  0.590372  0.627021  0.613486  0.623053  0.546018  0.641136  0.549395  0.610697  0.577974  0.635666  0.574218  0.606361  0.638053  0.640597  0.605811  0.654865  0.629337  0.673546  0.640830  0.671068  0.595392  0.589426  0.615870  0.667038  0.603801  0.633861  0.647193  0.644830  0.643686  0.623500  0.562371  0.610632  0.607732  0.642409  0.577916  0.686207  0.612979  1.008782  2.308254  3.486516  3.827367  3.817775  1.011998 -1.248066 -1.879353 -1.948347 -1.901329 -1.919121 -1.922147 -1.981481 -1.971905 -1.987526 -1.879364 -1.900581 -1.882505 -1.873600 -1.887615 -1.950244 -1.890422 -1.878405 -1.860656 -1.909900 -1.866172 -1.881603 -1.831401 -1.782852 -1.761904 -1.843545 -1.821094 -1.793479 -1.738491 -1.714164 -1.781086 -1.701718 -1.758649 -1.636158 -1.676155 -1.635285 -1.664891 -1.653706 -1.599270 -1.585701 -1.570689 -1.556533 -1.525705 -1.534395 -1.514424 -1.458524 -1.434051 -1.399409 -1.439524 -1.388384 -1.314108 -1.287314 -1.243788 -1.266220 -1.217401 -1.140410 -1.077915 -1.036099 -1.023596 -0.941927 -0.964608 -0.926929 -0.806925 -0.815029 -0.802277 -0.777635 -0.716090 -0.718716 -0.598533 -0.622565 -0.642872 -0.617758 -0.554491 -0.510171 -0.502370 -0.387559 -0.408328 -0.360836 -0.336752 -0.271082 -0.231045 -0.255034 -0.195860 -0.131653 -0.091147 -0.019169 -0.133735 -0.076408 -0.063702 -0.058617 -0.010619  0.071344  0.021106  0.102681  0.119364  0.118388  0.150217  0.146642  0.149047  0.161994  0.241047  0.237758  0.275506  0.318240  0.378176  0.376945  0.304307  0.358492  0.292572  0.337857  0.372190  0.370101  0.404809  0.370491  0.415970  0.403825  0.436792  0.406125  0.401529  0.476474  0.441693  0.443843  0.385452  0.463724  0.446300  0.444850  0.483742  0.485856  0.534248 
Shapelet   3   0.683408  0.796920  0.736673  0.714461  0.748295  0.695808  0.735707  0.779874  0.746222  0.740540  0.697668  0.738345  0.716152  0.769010  0.735257  0.651035  0.714647  0.693810  0.780886  0.788429  0.720599  0.698230  0.801217  0.769162  0.760729  0.710884  0.733444  0.780720  0.664647  0.749407  0.718423  0.730570  0.743438  0.739038  0.677218  0.750117  0.745490  0.783809  0.759603  0.794207  0.750706  0.812694  0.769176  0.776483  0.825326  0.691666  0.442616 -0.647076 -1.774666 -2.015757 -2.085615 -2.079660 -2.088809 -2.092569 -2.088029 -2.095127 -2.086603 -2.054996 -1.998834 -2.086604 -2.003973 -1.929985 -2.040116 -2.044960 -2.005211 -2.051308 -1.973984 -1.931484 -1.940484 -1.885215 -1.964999 -1.856808 -1.945185 -1.936163 -1.839660 -1.885321 -1.842841 -1.861197 -1.794127 -1.814320 -1.792663 -1.755154 -1.759792 -1.703383 -1.687017 -1.719912 -1.672982 -1.671677 -1.552038 -1.575672 -1.580157 -1.542310 -1.485855 -1.465384 -1.403431 -1.432768 -1.342556 -1.341175 -1.330885 -1.277026 -1.218731 -1.231507 -1.161072 -1.179377 -1.067171 -1.085265 -1.103841 -1.050915 -0.986737 -0.957803 -0.927947 -0.864884 -0.862989 -0.827011 -0.801136 -0.693290 -0.683758 -0.631310 -0.644610 -0.616438 -0.632175 -0.513937 -0.500589 -0.454091 -0.408234 -0.307095 -0.282563 -0.342280 -0.288286 -0.216651 -0.177596 -0.180180 -0.092005 -0.037417 -0.066100 -0.007451  0.005037  0.007444  0.094590  0.126831  0.142378  0.072363  0.082536  0.151062  0.191992  0.216034  0.256149  0.289266  0.245671  0.299399  0.305181  0.295912  0.404544  0.387853  0.409440  0.380341  0.476182  0.408189  0.450262  0.453095  0.452111  0.468274  0.471373  0.485097  0.522690  0.541664  0.499859  0.528559  0.549582  0.490362  0.572859  0.555081  0.525364  0.600949  0.586372  0.650994  0.541378  0.620977  0.652756  0.623149  0.565725  0.620713  0.614279  0.612488  0.642426  0.641729  0.638557  0.695148  0.705268  0.687303  0.638555  0.639824  0.708262  0.689973  0.673745  0.686266  0.630369  0.730462  0.653003  0.684052  0.632683  0.655812  0.662756  0.667639  0.686194 


; cmd = ShapeletResearch/Execs/FastShapelet UCRArchive_2018//Trace/Trace_TRAIN.tsv 4 100 276 10 1 10 10 0 1 10 UCRArchive_2018//Trace/tree.txt UCRArchive_2018//Trace/time.txt
; time =>   42.700   1.686   8.612   0.719  31.144 
