;Shapelet Tree 

;random seed:1551069291, rand()=1770114895, rand()=1162506498
;command = ShapeletResearch/Execs/FastShapelet UCRArchive_2018//Beef/Beef_TRAIN.tsv 5 30 471 10 1 10 10 0 1 10 UCRArchive_2018//Beef/tree.txt UCRArchive_2018//Beef/time.txt 

;Local Class:   0  1  2  3  4 
;Real  Class:   1  2  3  4  5 

;Node ID class   obj  pos  len  dist_th 
TreeSize: 36 
NonL  1    --     10  259  121   3.4449 ==>   0   6   6   6   6  /   6   0   0   0   0 
NonL  2    --      0  250   26   0.5813 ==>   0   6   1   6   6  /   0   0   5   0   0 
Leaf  3     1    
NonL  4    --      0   29   31   0.4977 ==>   0   6   1   2   0  /   0   0   0   4   6 
Leaf  5     3    
NonL  8    --      8    0  466   3.8014 ==>   0   0   0   2   0  /   0   6   1   0   0 
NonL  9    --      0  120   23   0.4741 ==>   0   0   0   4   0  /   0   0   0   0   6 
Leaf 16     4    
NonL 17    --      6   75  241   1.8285 ==>   0   0   1   0   0  /   0   6   0   0   0 
Leaf 18     4    
Leaf 19     5    
Leaf 34     3    
Leaf 35     2    

;Shapelet id   <data>
Shapelet   1   0.020723  0.022953  0.068446  0.145508  0.186688  0.217642  0.274670  0.354090  0.467743  0.554514  0.542866  0.660768  0.771400  0.886216  0.979578  1.008739  1.104104  1.122214  1.152328  1.236271  1.269519  1.330538  1.424918  1.447260  1.462043  1.588394  1.653452  1.505824  1.539071  1.517940  1.515921  1.547812  1.484321  1.480120  1.433609  1.404659  1.415757  1.117319  1.191763  1.207579  1.158967  1.171827  1.094055  1.039821  1.084297  1.057253  0.957268  0.978883  1.000645  1.005475  1.021485  1.041550  1.071971  1.104395  1.154719  1.202749  1.259115  1.338373  1.435322  1.527100  1.639090  1.774407  1.916348  2.056157  2.210829  2.378958  2.480801  2.486601  2.611515  2.702615  2.645441  2.672824  2.692308  2.658866  2.684456  2.728237  2.651225  2.503419  2.538105  2.521513  2.500188  2.497441  2.320572  2.189536  2.265321  2.107257  1.777283  1.804650  1.740836  1.659978  1.516583  1.345013  1.308954  1.227709  1.032245  0.910611  0.867298  0.673692  0.595613  0.511880  0.427161  0.323637  0.075910  0.053923 -0.034851 -0.138391 -0.179781 -0.258716 -0.441450 -0.480901 -0.652181 -0.693829 -0.726786 -0.808807 -0.841263 -0.875804 -0.903219 -0.933608 -0.959715 -1.012624 -1.028246 
Shapelet   2   0.073206 -0.179348 -0.277892 -0.353321 -0.369294 -0.373478 -0.381084 -0.352604 -0.313933 -0.277937 -0.288053 -0.246260 -0.165392 -0.124376 -0.100677 -0.047378  0.034580  0.156898  0.269248  0.255053  0.361741  0.463109  0.570933  0.667983  0.706683  0.804062 
Shapelet   4   0.072907  0.084771  0.092900  0.101417  0.112758  0.130091  0.150009  0.173185  0.198736  0.220880  0.239185  0.260492  0.288434  0.309309  0.335607  0.364879  0.388891  0.408167  0.426635  0.440651  0.443236  0.443849  0.446150  0.443729  0.433778  0.425739  0.408764  0.381480  0.357453  0.332350  0.304482 
Shapelet   8   0.014463  0.034502  0.053230  0.074883  0.095964  0.115230  0.140514  0.169698  0.205910  0.243063  0.281628  0.329776  0.378965  0.424289  0.473546  0.529359  0.576868  0.605582  0.638027  0.661160  0.671011  0.688898  0.699288  0.700633  0.708635  0.710417  0.716301  0.716772  0.702179  0.694648  0.683821  0.668422  0.658873  0.653326  0.639406  0.626327  0.617585  0.609818  0.608171  0.610423  0.619098  0.627806  0.638229  0.670709  0.720134  0.759271  0.783546  0.801198  0.794137  0.758833  0.705441  0.635506  0.561502  0.495871  0.437570  0.384278  0.347360  0.324867  0.304962  0.288319  0.262497  0.232371  0.220737  0.209205  0.188695  0.172792  0.166874  0.153391  0.136479  0.120441  0.096603  0.065569  0.036990  0.012614 -0.012469 -0.020404 -0.012738  0.000039  0.018397  0.046472  0.081237  0.112910  0.142867  0.174574  0.191116  0.198479  0.195621  0.184862  0.160385  0.125854  0.097006  0.062375  0.036183  0.015438 -0.002954 -0.024304 -0.052345 -0.076251 -0.100594 -0.129845 -0.146657 -0.152238 -0.157887 -0.157786 -0.158391 -0.147127 -0.133746 -0.123793 -0.106242 -0.093365 -0.080084 -0.065828 -0.048949 -0.026792 -0.016537  0.003098  0.036015  0.054709  0.070579  0.086146  0.102890  0.121820  0.135874  0.144212  0.151206  0.163714  0.175784  0.183887  0.184997  0.174607  0.155005  0.142262  0.124005  0.100940  0.086684  0.062879  0.031005  0.004443 -0.015898 -0.032979 -0.051639 -0.072048 -0.087784 -0.097366 -0.108764 -0.124533 -0.143261 -0.152272 -0.154625 -0.160610 -0.163233 -0.163233 -0.159534 -0.154894 -0.153280 -0.159870 -0.163972 -0.165553 -0.156474 -0.145278 -0.136772 -0.128063 -0.115724 -0.104225 -0.093096 -0.078806 -0.080084 -0.088019 -0.097803 -0.100358 -0.105301 -0.116430 -0.128063 -0.142824 -0.155600 -0.162089 -0.159501 -0.157281 -0.155163 -0.153213 -0.147262 -0.144774 -0.146858 -0.133544 -0.127525 -0.125979 -0.118649 -0.118481 -0.122448 -0.119187 -0.113673 -0.107923 -0.097635 -0.092121 -0.082000 -0.062264 -0.042796 -0.036812 -0.021379  0.007738  0.030703  0.068360  0.110422  0.137824  0.172355  0.216467  0.258697  0.293127  0.329507  0.368307  0.382966  0.387674  0.383404  0.353345  0.350016  0.332331  0.276114  0.236473  0.208499  0.183853  0.160452  0.139539  0.116507  0.046673  0.021490  0.009083 -0.027364 -0.036139 -0.051000 -0.066198 -0.050059 -0.024102 -0.025884  0.007167  0.050271  0.069032  0.097006  0.124947  0.136008  0.167009  0.196865  0.222419  0.210920  0.132276  0.140884  0.169934  0.177835  0.146566  0.121282  0.079186  0.008209 -0.099350 -0.130350 -0.170024 -0.173824 -0.172849 -0.172580 -0.147396 -0.113942 -0.080588 -0.070064 -0.021581  0.029223  0.052255  0.102083  0.166975  0.248711  0.335424  0.358825  0.392213  0.542001  0.659748  0.762633  0.831458  0.861819  0.919415  0.928796  0.988778  1.069910  1.111535  1.164524  1.246563  1.268821  1.294946  1.382129  1.369655  1.237686  1.295316  1.287414  1.309336  1.333107  1.279446  1.277462  1.232172  1.196869  1.132683  0.961712  1.039851  1.030235  0.982592  0.971194  0.903007  0.876244  0.904924  0.879471  0.823355  0.835123  0.845378  0.845378  0.857213  0.884616  0.915918  0.945204  0.985820  1.033631  1.091327  1.154773  1.238594  1.330687  1.436867  1.555655  1.688532  1.824199  1.973685  2.117792  2.216945  2.282475  2.388655  2.460170  2.449445  2.478797  2.485455  2.462692  2.477284  2.479268  2.385730  2.301976  2.322150  2.303052  2.279415  2.238093  2.079832  1.993321  2.014604  1.810548  1.572870  1.586017  1.508550  1.413196  1.275209  1.128951  1.066514  0.941068  0.768618  0.671146  0.615097  0.458416  0.378696  0.280956  0.174204  0.059853 -0.135460 -0.168444 -0.250584 -0.341567 -0.403836 -0.511126 -0.655938 -0.694638 -0.841098 -0.864903 -0.901719 -0.962005 -0.987692 -1.018625 -1.037084 -1.063646 -1.095991 -1.117812 -1.108834 -1.092864 -1.087047 -1.072018 -1.062738 -1.084088 -1.082642 -1.079616 -1.056820 -1.011329 -0.972596 -0.942941 -0.964863 -1.027199 -1.088627 -1.176752 -1.271534 -1.354380 -1.397653 -1.475388 -1.531471 -1.569094 -1.608735 -1.615998 -1.620604 -1.643333 -1.667070 -1.685563 -1.691850 -1.691312 -1.687883 -1.697196 -1.705938 -1.704425 -1.703820 -1.702374 -1.709704 -1.713839 -1.718311 -1.724195 -1.725910 -1.734282 -1.742082 -1.731996 -1.726885 -1.735997 -1.737308 -1.733946 -1.732702 -1.732466 -1.738014 -1.736669 -1.733105 -1.741376 -1.749446 -1.745008 -1.740704 -1.754758 -1.754018 -1.748807 -1.749446 -1.750219 -1.748034 -1.742183 -1.755027 -1.758625 -1.752774 -1.749748 -1.748067 -1.748336 -1.745882 -1.742049 -1.747294 -1.754220 -1.746521 -1.740132 -1.748673 -1.762794 -1.761483 -1.755397 -1.749379 -1.749547 -1.755363 -1.754355 -1.748941 -1.746218 -1.743327 
Shapelet   9   0.379838  0.394057  0.414881  0.439877  0.449020  0.446031  0.458894  0.476172  0.481908  0.475233  0.461154  0.443910  0.410362  0.357484  0.312810  0.274464  0.231425  0.192731  0.159600  0.135751  0.113780  0.092190  0.066151 
Shapelet  17   0.350842  0.419153  0.501829  0.585355  0.654114  0.704192  0.739786  0.771937  0.801563  0.833643  0.865747  0.890325  0.907946  0.921226  0.920164  0.905705  0.875135  0.837087  0.796681  0.745117  0.696408  0.634630  0.560965  0.499683  0.439486  0.382332  0.336807  0.298807  0.266609  0.237100  0.217333  0.201812  0.180135  0.165746  0.161453  0.154235  0.151475  0.158316  0.166831  0.176219  0.188462  0.204384  0.219834  0.234623  0.255192  0.275903  0.289301  0.306119  0.326169  0.341029  0.355229  0.364617  0.368274  0.367141  0.362754  0.349663  0.326806  0.301920  0.264439  0.222806  0.186103  0.153197  0.120929  0.092151  0.071064  0.047711  0.023463  0.004144 -0.015882 -0.034163 -0.051736 -0.071762 -0.086151 -0.094548 -0.104455 -0.105941 -0.109503 -0.125590 -0.142668 -0.159180 -0.170762 -0.175031 -0.177720 -0.180126 -0.178333 -0.167035 -0.154651 -0.141064 -0.127548 -0.120283 -0.110706 -0.113655 -0.126770 -0.138705 -0.145310 -0.149980 -0.168120 -0.187745 -0.202370 -0.224896 -0.245064 -0.257283 -0.264359 -0.261764 -0.249617 -0.227562 -0.213385 -0.214635 -0.203266 -0.193335 -0.190646 -0.186165 -0.185009 -0.179890 -0.176894 -0.176541 -0.173191 -0.163756 -0.151632 -0.154203 -0.135780 -0.102828 -0.092449 -0.075183 -0.047891 -0.023218  0.029100  0.057288  0.053514  0.048254  0.060473  0.080381  0.081560  0.117980  0.164543  0.168152  0.162609  0.166949  0.131827  0.128029  0.106682  0.050589  0.024288  0.002517 -0.008782 -0.000314  0.007564  0.008060 -0.075206 -0.110588 -0.118797 -0.161633 -0.153259 -0.146018 -0.137785 -0.094643 -0.037937 -0.026497 -0.001187  0.056958  0.087339  0.119891  0.160297  0.183791  0.234553  0.308761  0.398797  0.440689  0.343789  0.355182  0.405425  0.418493  0.371458  0.312488  0.187612  0.005371 -0.251055 -0.337411 -0.397514 -0.406124 -0.414002 -0.420394 -0.391310 -0.362014 -0.340785 -0.351187 -0.308964 -0.242540 -0.216853 -0.198312 -0.154910 -0.082401  0.021576  0.084886  0.080381  0.195845  0.289183  0.396485  0.476307  0.496923  0.580873  0.588610  0.629182  0.708957  0.735847  0.794039  0.886764  0.904667  0.916367  1.025910  1.058178  0.925189  0.984937  0.992603  1.018079  1.051786  1.009092  1.014729  0.986423  0.979748  0.959014  0.712400  0.808852  0.824821  0.781419  0.793944  0.721293  0.682774  0.737640  0.714264  0.625478  0.651331  0.673881  0.683646  0.700677  0.718911  0.747382  0.782669  0.834209  0.881315  0.939601 


; cmd = ShapeletResearch/Execs/FastShapelet UCRArchive_2018//Beef/Beef_TRAIN.tsv 5 30 471 10 1 10 10 0 1 10 UCRArchive_2018//Beef/tree.txt UCRArchive_2018//Beef/time.txt
; time =>   90.831   2.385  11.199   0.928  75.759 
