;Shapelet Tree 

;random seed:1551068667, rand()=1463001349, rand()=2011884893
;command = ShapeletResearch/Execs/FastShapelet UCRArchive_2018//MiddlePhalanxOutlineAgeGroup/MiddlePhalanxOutlineAgeGroup_TRAIN.tsv 3 400 81 10 1 10 10 0 1 10 UCRArchive_2018//MiddlePhalanxOutlineAgeGroup/tree.txt UCRArchive_2018//MiddlePhalanxOutlineAgeGroup/time.txt 

;Local Class:   0  1  2 
;Real  Class:   2  3  1 

;Node ID class   obj  pos  len  dist_th 
TreeSize: 60 
NonL  1    --    177   49   15   2.9968 ==>   5 207   0  / 103  30  55 
Leaf  2     3    
NonL  3    --     35    2   74   1.6521 ==>  75  26  13  /  28   4  42 
NonL  6    --      0   15   10   0.3019 ==>  54   5  11  /  21  21   2 
NonL  7    --     71   23   38   2.1246 ==>  28   4  27  /   0   0  15 
NonL 12    --      0    3   10   0.2656 ==>  46   1   5  /   8   4   6 
NonL 13    --     17   11   60   0.8097 ==>   0   9   0  /  21  12   2 
NonL 14    --     21    0   79   1.2612 ==>  18   0  22  /  10   4   5 
Leaf 15     1    
NonL 24    --      9   31   46   0.6148 ==>   2   1   3  /  44   0   2 
NonL 25    --      6    5   25   0.7342 ==>   8   2   1  /   0   2   5 
Leaf 26     3    
NonL 27    --      0    5   48   1.5772 ==>  21   6   1  /   0   6   1 
NonL 28    --      0   42   14   0.1727 ==>   7   0   0  /  11   0  22 
NonL 29    --      0   20   38   0.7596 ==>   8   0   1  /   2   4   4 
Leaf 48     1    
Leaf 49     2    
Leaf 50     2    
Leaf 51     1    
Leaf 54     2    
Leaf 55     3    
Leaf 56     2    
Leaf 57     1    
Leaf 58     2    
Leaf 59     3    

;Shapelet id   <data>
Shapelet   1  -0.345772 -1.079143 -1.079143 -1.079143 -1.079143 -1.079143 -1.079143 -1.079143 -1.079143 -1.079143 -1.079143 -1.079143 -1.079143 -1.079143 -1.079143 
Shapelet   3  -0.544560 -0.265600  0.021393  0.346473  0.680802  1.006521  1.300268  1.444420  1.462087  1.341683  1.323632  1.412607  1.476170  1.383066  1.156947  0.920139  0.649084  0.366604  0.159177 -0.158734 -0.469475 -0.690057 -0.768022 -0.677254 -0.488454 -0.242940  0.010511  0.300705  0.606741  0.899687  1.148178  1.325520  1.382266  1.354933  1.332177  1.305708  1.358710  1.383418  1.463367  1.499214  1.324720  1.040255  0.756559  0.439384  0.120674 -0.147980 -0.410137 -0.626654 -0.316041 -0.477188 -0.598553 -0.815966 -1.035716 -1.236806 -1.454014 -1.567307 -1.529909 -1.339063 -1.131956 -0.929554 -0.714285 -0.575349 -0.422747 -0.394134 -0.518283 -0.713645 -0.937523 -1.085516 -1.221539 -1.399682 -1.440089 -1.405699 -1.323797 -1.197503 
Shapelet   6   1.169925  0.838830  0.534425  0.233062 -0.041174 -0.246029 -0.417235 -0.590468 -0.663028 -0.565121 
Shapelet   7  -0.759934 -0.775663 -0.626974 -0.430365 -0.192363  0.063176  0.351352  0.656542  0.985954  1.343101  1.409948  1.501174  1.368004  1.271011  1.388452  1.294866  1.301419  1.497766  1.534729  1.222252  0.903090  0.648048  0.329568  0.028442 -0.247178 -0.504683 -0.685406 -0.653739 -0.443735 -0.259499 -0.201984 -0.321994 -0.481457 -0.644826 -0.856142 -1.018410 -1.170952 -1.305878 
Shapelet  12  -0.202926  0.047141  0.384237  0.607368  0.840447  1.092159  1.291232  1.342199  1.375903  1.444133 
Shapelet  13   1.479431  1.463147  1.427735  1.550514  1.478914  1.304438  0.952642  0.681777  0.393593  0.080699 -0.260629 -0.536431 -0.801687 -0.867005 -0.812853 -0.614570 -0.353786 -0.068524  0.248894  0.561091  0.903271  1.203629  1.395683  1.182692  1.198201  1.368800  1.388445  1.396975  1.386119  1.463664  1.516395  1.301595  0.976164  0.684672  0.341173  0.028201 -0.292319 -0.560883 -0.751360 -0.242070 -0.245973 -0.390853 -0.646390 -0.818695 -1.031815 -1.279856 -1.498897 -1.533555 -1.380948 -1.188120 -1.016797 -0.858295 -0.773874 -0.598622 -0.431280 -0.485122 -0.571921 -0.747457 -0.981514 -1.176436 
Shapelet  14  -0.483703 -0.532754 -0.368051 -0.123883  0.152199  0.299577  0.523082  0.829577  1.202035  1.308500  1.333738  1.349938  1.291775  1.345551  1.324888  1.154334  0.907166  0.577083  0.314990  0.095572 -0.167084 -0.388151 -0.577605 -0.601343 -0.452990 -0.283861 -0.042431  0.221688  0.500544  0.790126  1.092307  1.420027  1.457603  1.403264  1.205448  1.227761  1.326200  1.258961  1.238186  1.264886  1.407502  1.525930  1.386952  1.105470  0.869440  0.558370  0.292564 -0.001930 -0.269648 -0.407277 -0.488466 -0.527729 -0.675708 -0.858712 -1.037366 -1.207282 -1.273734 -1.434166 -1.518498 -1.436874 -1.304972 -1.117655 -0.939789 -0.749134 -0.574943 -0.479203 -0.596056 -0.784160 -0.930601 -1.074492 -1.248158 -1.350348 -1.429145 -1.442473 -1.411249 -1.343673 -1.171394 -1.000315 -0.821286 
Shapelet  24   0.971137  1.228096  1.474780  1.513540  1.523751  1.495332  1.426195  1.444178  1.532839  1.572914  1.564822  1.343635  1.038893  0.698282  0.390906  0.110473 -0.173268 -0.413562 -0.599554 -0.369119 -0.501324 -0.627845 -0.780923 -0.970865 -1.149247 -1.281259 -1.433980 -1.404177 -1.263533 -1.096101 -0.923275 -0.863161 -0.681087 -0.596151 -0.661691 -0.820196 -1.007890 -1.118227 -1.235628 -1.328691 -1.318573 -1.273680 -1.220182 -1.119543 -0.963961 -0.822700 
Shapelet  25   0.348820  0.615547  0.888153  1.164054  1.397919  1.331217  1.339385  1.392747  1.493208  1.544391  1.394380  1.201081  0.875521  0.551349  0.266056 -0.023104 -0.310821 -0.532244 -0.649177 -0.586831 -0.445777 -0.229308  0.014521  0.244275  0.523743 
Shapelet  27   0.220310  0.558270  0.916243  1.181568  1.394356  1.388583  1.421024  1.498826  1.584601  1.475183  1.278615  0.988849  0.682039  0.375530  0.060884 -0.244112 -0.559995 -0.835273 -0.976279 -0.936553 -0.704108 -0.444089 -0.150969  0.137394  0.470735  0.811691  1.157650  1.420199  1.627489  1.607969  1.457588  1.418000  1.392157  1.413326  1.551336  1.721236  1.525493  1.182118  0.853286  0.527863  0.201066 -0.108824 -0.404308 -0.665262 -0.893198 -0.266326 -0.297639 -0.466055 
Shapelet  28   1.295124  1.060887  0.799345  0.494459  0.187771 -0.065117 -0.255305 -0.461564 -0.538466 -0.610881 -0.785314 -0.881255 -1.054098 -1.234041 
Shapelet  29  -0.558941 -0.713837 -0.750923 -0.638921 -0.474893 -0.217312  0.033062  0.318441  0.614226  0.931410  1.241824  1.565966  1.712258  1.571246  1.559443  1.447317  1.261640  1.250831  1.218343  1.392837  1.557269  1.612245  1.365691  1.074566  0.735484  0.458833  0.146245 -0.120405 -0.381961 -0.574875 -0.406499 -0.472160 -0.594660 -0.708247 -0.884916 -1.093949 -1.266022 -1.437280 


; cmd = ShapeletResearch/Execs/FastShapelet UCRArchive_2018//MiddlePhalanxOutlineAgeGroup/MiddlePhalanxOutlineAgeGroup_TRAIN.tsv 3 400 81 10 1 10 10 0 1 10 UCRArchive_2018//MiddlePhalanxOutlineAgeGroup/tree.txt UCRArchive_2018//MiddlePhalanxOutlineAgeGroup/time.txt
; time =>   10.268   0.691   3.635   0.459   5.106 
