;Shapelet Tree 

;random seed:1551068841, rand()=821176149, rand()=684212886
;command = ShapeletResearch/Execs/FastShapelet UCRArchive_2018//ProximalPhalanxOutlineCorrect/ProximalPhalanxOutlineCorrect_TRAIN.tsv 2 600 81 10 1 10 10 0 1 10 UCRArchive_2018//ProximalPhalanxOutlineCorrect/tree.txt UCRArchive_2018//ProximalPhalanxOutlineCorrect/time.txt 

;Local Class:   0  1 
;Real  Class:   1  0 

;Node ID class   obj  pos  len  dist_th 
TreeSize: 28 
NonL  1    --    112   40   14   0.6891 ==> 318  61  /  88 133 
NonL  2    --     20   20   58   1.0786 ==> 168   8  / 150  53 
NonL  3    --      2   34   31   0.7771 ==>  87  86  /   1  47 
Leaf  4     1    
NonL  5    --      0   39   16   0.3561 ==>  29  40  / 121  13 
NonL  6    --      0   45   22   1.1805 ==>   2  30  /  85  56 
Leaf  7     0    
NonL 10    --      5   28   42   1.0509 ==>  29  20  /   0  20 
Leaf 11     1    
Leaf 12     0    
NonL 13    --     17   26   17   1.2671 ==>  85  42  /   0  14 
Leaf 20     1    
Leaf 21     0    
Leaf 26     1    
Leaf 27     0    

;Shapelet id   <data>
Shapelet   1   1.546201  1.431290  1.126984  0.825530  0.539510  0.222958 -0.074973 -0.385569 -0.664125 -0.912971 -0.354686 -0.422391 -0.588283 -0.812620 
Shapelet   2  -0.252430 -0.531547 -0.765510 -0.932580 -0.889200 -0.685297 -0.426691 -0.139267  0.155766  0.454835  0.748597  1.014994  1.281531  1.571803  1.606848  1.447401  1.505902  1.524332  1.643848  1.824378  1.722315  1.441956  1.148751  0.853313  0.536653  0.236048 -0.073478 -0.369740 -0.650783 -0.878435 -0.573070 -0.528852 -0.612066 -0.746814 -0.884327 -1.046916 -1.188101 -1.246155 -1.231858 -1.151827 -1.003647 -0.882526 -0.755624 -0.641331 -0.597029 -0.630929 -0.666700 -0.733327 -0.792205 -0.911539 -0.977831 -1.071838 -1.151869 -1.173203 -1.148658 -1.063377 -0.899378 -0.792498 
Shapelet   3   1.726685  1.700390  1.589385  1.483828  1.481010  1.595020  1.701704  1.569851  1.283418  0.991914  0.693648  0.385465  0.065261 -0.234583 -0.504562 -0.678883 -0.706981 -0.751609 -0.856058 -0.930549 -0.992682 -1.035637 -1.110974 -1.169632 -1.162889 -1.103630 -1.016855 -0.917890 -0.856678 -0.805928 -0.711001 
Shapelet   5   1.665176  1.654718  1.389254  1.123616  0.849262  0.582578  0.301723  0.017278 -0.264902 -0.500717 -0.678924 -0.673033 -0.672301 -0.726561 -0.757657 -0.809321 
Shapelet   6   0.313451  0.016319 -0.264311 -0.517985 -0.711754 -0.730559 -0.874855 -0.984865 -1.036806 -1.145850 -1.230983 -1.260827 -1.257505 -1.166214 -1.060364 -0.965057 -0.892491 -0.860951 -0.870010 -0.921376 -1.024201 -1.099403 
Shapelet  10   0.311540  0.604333  0.887335  1.170944  1.466708  1.601536  1.538286  1.438347  1.448251  1.470760  1.512626  1.674689  1.680091  1.481339  1.183324  0.898589  0.601339  0.334566  0.020030 -0.275307 -0.526549 -0.740606 -0.658990 -0.772456 -0.853195 -0.974247 -1.092124 -1.242663 -1.326512 -1.258149 -1.124177 -0.962880 -0.857044 -0.737973 -0.708824 -0.685325 -0.764083 -0.827940 -0.782630 -0.873273 -1.003733 -1.145200 
Shapelet  13  -0.044773  0.248883  0.491521  0.795343  1.049921  1.344895  1.580755  1.521589  1.388732  1.382009  1.493350  1.647722  1.757718  1.692635  1.690483  1.457043  1.167556 


; cmd = ShapeletResearch/Execs/FastShapelet UCRArchive_2018//ProximalPhalanxOutlineCorrect/ProximalPhalanxOutlineCorrect_TRAIN.tsv 2 600 81 10 1 10 10 0 1 10 UCRArchive_2018//ProximalPhalanxOutlineCorrect/tree.txt UCRArchive_2018//ProximalPhalanxOutlineCorrect/time.txt
; time =>   13.970   0.966   4.337   0.579   7.768 
