;Shapelet Tree 

;random seed:1551068545, rand()=1867097451, rand()=1671816165
;command = ShapeletResearch/Execs/FastShapelet UCRArchive_2018//ECG200/ECG200_TRAIN.tsv 2 100 97 10 1 10 10 0 1 10 UCRArchive_2018//ECG200/tree.txt UCRArchive_2018//ECG200/time.txt 

;Local Class:   0  1 
;Real  Class:  -1  1 

;Node ID class   obj  pos  len  dist_th 
TreeSize: 16 
NonL  1    --     39   10   75   2.9976 ==>   0  56  /  31  13 
Leaf  2     1    
NonL  3    --     12    7   65   1.8353 ==>   0   9  /  31   4 
Leaf  6     1    
NonL  7    --      5   71   17   2.7680 ==>  31   1  /   0   3 
Leaf 14    -1    
Leaf 15     1    

;Shapelet id   <data>
Shapelet   1   0.472773  0.273775 -0.237210 -0.942335 -0.685031 -0.949116 -1.039540 -1.168972 -1.191339 -0.905924 -1.304685 -1.436680 -1.428692 -1.612087 -1.617892 -1.727227 -1.654313 -1.864748 -2.043703 -1.788158 -1.984310 -2.142646 -1.460745 -1.797848 -1.478096 -1.230929 -0.798221 -0.023288 -0.470241  0.155809  0.593272  0.793276  0.883526  0.987334  1.138385  0.982324  1.001021  0.831635  0.909989  0.846248  0.645823  0.696775  0.692677  0.818077  0.501160  0.578050  0.641589  0.653127  0.477284  0.492046  0.767128  0.534857  0.428468  0.504432  0.367999  0.270682  0.353918  0.364763  0.165240  0.249505  0.238257  0.341755  0.304040  0.661756  0.934888  0.593108  0.576869  0.478732  0.380422  0.389796  0.055126  0.048534  0.023727  0.018430  0.376029 
Shapelet   3  -0.579116 -0.896488 -0.994845 -0.810964 -0.742455 -1.015070 -1.073135 -0.856381 -1.093095 -1.514501 -1.394173 -1.190918 -1.541089 -1.886660 -1.760761 -1.916579 -2.076817 -1.735540 -1.918453 -2.197440 -1.757871 -1.519040 -1.585452 -1.394458 -1.003315 -0.690675 -0.488882 -0.117400  0.252050  0.153349  0.139852  0.550462  0.547318  0.319095  0.508509  0.624497  0.597344  0.614821  0.479705  0.469213  0.639205  0.490667  0.338890  0.511685  0.582977  0.501365  0.445529  0.490311  0.570643  0.549442  0.622683  0.703784  0.707431  0.836581  0.976711  1.044708  1.100516  1.187149  1.285006  1.250415  1.165927  1.023634  0.810853  0.691458  0.569481 
Shapelet   7   0.616821  0.599520  0.688926  0.530727  0.544621  0.659820  0.564855  0.472634  0.454204  0.406493  0.315726  0.155475  0.150124  0.354392  0.378693  0.394630  0.525782 


; cmd = ShapeletResearch/Execs/FastShapelet UCRArchive_2018//ECG200/ECG200_TRAIN.tsv 2 100 97 10 1 10 10 0 1 10 UCRArchive_2018//ECG200/tree.txt UCRArchive_2018//ECG200/time.txt
; time =>    3.277   0.194   1.417   0.145   1.374 
