;Shapelet Tree 

;random seed:1551085093, rand()=703854396, rand()=542814283
;command = ShapeletResearch/Execs/FastShapelet UCRArchive_2018//Earthquakes/Earthquakes_TRAIN.tsv 2 322 513 10 1 10 10 0 1 10 UCRArchive_2018//Earthquakes/tree.txt UCRArchive_2018//Earthquakes/time.txt 

;Local Class:   0  1 
;Real  Class:   1  0 

;Node ID class   obj  pos  len  dist_th 
TreeSize: 30 
NonL  1    --    319   15   89   9.4917 ==>   2  90  /  56 174 
Leaf  2     0    
NonL  3    --     19    1  508  30.9268 ==>  34  44  /  22 130 
NonL  6    --     21  120  111  12.7482 ==>  23  44  /  11   0 
NonL  7    --     23  233  254  20.3359 ==>  22  70  /   0  60 
NonL 12    --     30  241  122  12.8078 ==>  16   8  /   7  36 
Leaf 13     1    
NonL 14    --     38  231   84  10.4344 ==>   7  60  /  15  10 
Leaf 15     0    
Leaf 24     1    
Leaf 25     0    
Leaf 28     0    
Leaf 29     1    

;Shapelet id   <data>
Shapelet   1  -0.264652 -0.264652 -0.264652 -0.264652 -0.264652 -0.264652 -0.264652 -0.264652 -0.264652 -0.264652 -0.264652 -0.264652 -0.264652 -0.264652 -0.264652 -0.264652 -0.264652 -0.264652 -0.264652 -0.264652 -0.264652 -0.264652 -0.264652 -0.264652 -0.264652 -0.264652 -0.264652 -0.264652 -0.264652 -0.264652 -0.264652 -0.264652 -0.264652 -0.264652 -0.264652 -0.264652 -0.264652 -0.264652 -0.264652 -0.264652 -0.264652 -0.264652 -0.264652 -0.264652 -0.264652 -0.264652 -0.264652 -0.264652 -0.264652 -0.264652 -0.264652 -0.264652 -0.264652 -0.264652 -0.264652 -0.264652 -0.264652 -0.264652  4.976141  3.601507 -0.264652 -0.264652 -0.264652 -0.264652 -0.264652 -0.264652 -0.264652 -0.264652 -0.264652 -0.264652 -0.264652 -0.264652 -0.264652 -0.264652 -0.264652  2.885551 -0.264652 -0.264652 -0.264652 -0.264652 -0.264652 -0.264652 -0.264652 -0.264652 -0.264652 -0.264652 -0.264652 -0.264652 -0.264652 
Shapelet   3  -0.390660 -0.390660 -0.390660 -0.390660 -0.390660  2.070630 -0.390660 -0.390660 -0.390660 -0.390660 -0.390660 -0.390660 -0.390660  1.983505  2.941883  3.747793 -0.390660 -0.390660 -0.390660 -0.390660 -0.390660 -0.390660 -0.390660 -0.390660 -0.390660 -0.390660 -0.390660 -0.390660 -0.390660 -0.390660 -0.390660 -0.390660 -0.390660  2.538929 -0.390660 -0.390660 -0.390660 -0.390660 -0.390660 -0.390660 -0.390660 -0.390660 -0.390660 -0.390660 -0.390660 -0.390660 -0.390660 -0.390660 -0.390660 -0.390660 -0.390660 -0.390660 -0.390660 -0.390660 -0.390660 -0.390660 -0.390660 -0.390660 -0.390660 -0.390660 -0.390660 -0.390660 -0.390660 -0.390660 -0.390660 -0.390660 -0.390660 -0.390660 -0.390660 -0.390660 -0.390660  2.179537 -0.390660 -0.390660 -0.390660 -0.390660 -0.390660 -0.390660 -0.390660  1.907270 -0.390660 -0.390660 -0.390660 -0.390660 -0.390660 -0.390660 -0.390660 -0.390660 -0.390660 -0.390660 -0.390660 -0.390660 -0.390660 -0.390660 -0.390660 -0.390660 -0.390660 -0.390660 -0.390660 -0.390660 -0.390660 -0.390660 -0.390660 -0.390660 -0.390660  2.212209 -0.390660 -0.390660 -0.390660 -0.390660 -0.390660 -0.390660 -0.390660 -0.390660 -0.390660 -0.390660  2.201318 -0.390660 -0.390660 -0.390660 -0.390660 -0.390660 -0.390660 -0.390660  2.713179  2.201318 -0.390660 -0.390660  2.332006 -0.390660 -0.390660 -0.390660  3.083462 -0.390660 -0.390660 -0.390660 -0.390660 -0.390660  2.495366 -0.390660  2.310225 -0.390660  2.811195  2.996337 -0.390660 -0.390660 -0.390660 -0.390660 -0.390660 -0.390660 -0.390660 -0.390660 -0.390660 -0.390660  1.809254 -0.390660  2.451803 -0.390660  2.266662 -0.390660 -0.390660 -0.390660 -0.390660 -0.390660 -0.390660 -0.390660 -0.390660 -0.390660  2.070630 -0.390660  1.885489 -0.390660 -0.390660 -0.390660 -0.390660 -0.390660 -0.390660 -0.390660 -0.390660  2.179537 -0.390660 -0.390660 -0.390660 -0.390660 -0.390660 -0.390660 -0.390660 -0.390660 -0.390660 -0.390660 -0.390660 -0.390660 -0.390660 -0.390660 -0.390660 -0.390660 -0.390660 -0.390660 -0.390660 -0.390660 -0.390660 -0.390660 -0.390660  2.767633  1.874598 -0.390660 -0.390660  2.920102 -0.390660 -0.390660 -0.390660 -0.390660 -0.390660 -0.390660 -0.390660 -0.390660 -0.390660 -0.390660 -0.390660  1.809254 -0.390660 -0.390660 -0.390660  2.419131 -0.390660 -0.390660 -0.390660  1.961723 -0.390660 -0.390660 -0.390660  1.841926 -0.390660  2.016177 -0.390660 -0.390660 -0.390660 -0.390660 -0.390660 -0.390660 -0.390660  3.148806 -0.390660  2.811195  1.918161  2.560710 -0.390660 -0.390660 -0.390660 -0.390660 -0.390660 -0.390660  2.636945 -0.390660  3.726011 -0.390660 -0.390660  2.027067 -0.390660 -0.390660 -0.390660 -0.390660 -0.390660 -0.390660  2.680507  2.190428 -0.390660 -0.390660 -0.390660 -0.390660 -0.390660 -0.390660 -0.390660 -0.390660 -0.390660 -0.390660 -0.390660 -0.390660 -0.390660 -0.390660 -0.390660 -0.390660 -0.390660 -0.390660 -0.390660 -0.390660 -0.390660 -0.390660 -0.390660  2.103302 -0.390660 -0.390660 -0.390660 -0.390660 -0.390660  3.159697 -0.390660 -0.390660  2.212209 -0.390660 -0.390660 -0.390660 -0.390660  2.397350 -0.390660 -0.390660 -0.390660 -0.390660 -0.390660 -0.390660 -0.390660 -0.390660 -0.390660 -0.390660 -0.390660 -0.390660 -0.390660 -0.390660 -0.390660 -0.390660 -0.390660 -0.390660 -0.390660 -0.390660 -0.390660 -0.390660 -0.390660 -0.390660 -0.390660 -0.390660 -0.390660 -0.390660 -0.390660 -0.390660 -0.390660 -0.390660 -0.390660 -0.390660 -0.390660 -0.390660 -0.390660 -0.390660 -0.390660 -0.390660 -0.390660 -0.390660  3.464635 -0.390660 -0.390660 -0.390660 -0.390660 -0.390660 -0.390660 -0.390660  2.985446 -0.390660 -0.390660  2.266662  2.157755 -0.390660 -0.390660 -0.390660 -0.390660 -0.390660  1.787473 -0.390660 -0.390660 -0.390660  2.310225 -0.390660 -0.390660 -0.390660 -0.390660 -0.390660  2.408241 -0.390660 -0.390660 -0.390660 -0.390660 -0.390660 -0.390660 -0.390660 -0.390660 -0.390660 -0.390660  3.050790 -0.390660 -0.390660 -0.390660 -0.390660 -0.390660 -0.390660 -0.390660 -0.390660 -0.390660 -0.390660 -0.390660  2.353787 -0.390660 -0.390660 -0.390660 -0.390660 -0.390660 -0.390660 -0.390660 -0.390660 -0.390660 -0.390660 -0.390660 -0.390660 -0.390660 -0.390660 -0.390660 -0.390660 -0.390660 -0.390660 -0.390660 -0.390660 -0.390660 -0.390660 -0.390660 -0.390660 -0.390660  2.941883 -0.390660 -0.390660 -0.390660 -0.390660 -0.390660  2.092411  2.767633 -0.390660 -0.390660 -0.390660 -0.390660 -0.390660 -0.390660 -0.390660 -0.390660 -0.390660 -0.390660 -0.390660 -0.390660 -0.390660  2.321115 -0.390660 -0.390660 -0.390660 -0.390660 -0.390660 -0.390660 -0.390660 -0.390660 -0.390660 -0.390660 -0.390660 -0.390660 -0.390660 -0.390660 -0.390660 -0.390660 -0.390660  3.192369 -0.390660 -0.390660  2.146865  2.255771  2.484475  2.560710 -0.390660 -0.390660 -0.390660 -0.390660 -0.390660  2.647835 -0.390660 -0.390660 -0.390660 -0.390660  2.310225 -0.390660 -0.390660 -0.390660 -0.390660 -0.390660 -0.390660 -0.390660 -0.390660  1.841926 -0.390660 -0.390660  3.736902  2.593382 -0.390660  1.972614 -0.390660 -0.390660 -0.390660 -0.390660 -0.390660  3.595323 -0.390660 -0.390660 -0.390660 -0.390660 -0.390660  1.852817 -0.390660 
Shapelet   6  -0.448519  1.839454 -0.448519 -0.448519 -0.448519  2.780303  1.732539 -0.448519 -0.448519 -0.448519  2.235038 -0.448519 -0.448519 -0.448519 -0.448519 -0.448519 -0.448519 -0.448519 -0.448519 -0.448519 -0.448519 -0.448519 -0.448519 -0.448519 -0.448519 -0.448519 -0.448519  2.384718 -0.448519 -0.448519 -0.448519 -0.448519 -0.448519 -0.448519 -0.448519 -0.448519 -0.448519  2.106740 -0.448519 -0.448519 -0.448519 -0.448519 -0.448519  1.850145  1.689773 -0.448519 -0.448519 -0.448519 -0.448519 -0.448519 -0.448519 -0.448519  2.181581 -0.448519 -0.448519 -0.448519 -0.448519 -0.448519 -0.448519 -0.448519 -0.448519 -0.448519 -0.448519 -0.448519 -0.448519 -0.448519 -0.448519 -0.448519  2.309878 -0.448519  2.160198 -0.448519  2.160198  3.197270 -0.448519 -0.448519 -0.448519 -0.448519 -0.448519  1.775305 -0.448519 -0.448519  2.320570 -0.448519 -0.448519 -0.448519 -0.448519 -0.448519  3.026206  1.700465 -0.448519 -0.448519 -0.448519 -0.448519 -0.448519 -0.448519 -0.448519 -0.448519  1.764614 -0.448519 -0.448519 -0.448519 -0.448519  1.882220 -0.448519  2.149506 -0.448519 -0.448519 -0.448519 -0.448519 -0.448519 
Shapelet   7  -0.366425 -0.366425 -0.366425 -0.366425 -0.366425 -0.366425 -0.366425  2.501697 -0.366425 -0.366425  2.065743 -0.366425 -0.366425 -0.366425 -0.366425 -0.366425 -0.366425 -0.366425 -0.366425  3.958704  2.960597 -0.366425 -0.366425 -0.366425 -0.366425 -0.366425 -0.366425  4.497911 -0.366425 -0.366425  2.914707 -0.366425 -0.366425 -0.366425 -0.366425 -0.366425 -0.366425 -0.366425 -0.366425 -0.366425 -0.366425 -0.366425 -0.366425 -0.366425 -0.366425 -0.366425 -0.366425  3.534221 -0.366425  3.373607 -0.366425 -0.366425 -0.366425 -0.366425 -0.366425 -0.366425 -0.366425 -0.366425 -0.366425 -0.366425 -0.366425 -0.366425 -0.366425 -0.366425 -0.366425 -0.366425 -0.366425 -0.366425 -0.366425 -0.366425 -0.366425 -0.366425 -0.366425 -0.366425 -0.366425 -0.366425 -0.366425  2.134578 -0.366425 -0.366425 -0.366425 -0.366425 -0.366425  2.100160 -0.366425  2.478752 -0.366425 -0.366425 -0.366425 -0.366425 -0.366425 -0.366425 -0.366425 -0.366425 -0.366425 -0.366425 -0.366425 -0.366425 -0.366425 -0.366425 -0.366425 -0.366425 -0.366425  2.123105 -0.366425 -0.366425 -0.366425 -0.366425 -0.366425 -0.366425 -0.366425 -0.366425 -0.366425 -0.366425 -0.366425 -0.366425 -0.366425 -0.366425 -0.366425 -0.366425 -0.366425 -0.366425 -0.366425 -0.366425 -0.366425 -0.366425 -0.366425 -0.366425 -0.366425 -0.366425 -0.366425  2.306665 -0.366425 -0.366425 -0.366425 -0.366425 -0.366425 -0.366425 -0.366425 -0.366425 -0.366425 -0.366425 -0.366425 -0.366425 -0.366425 -0.366425 -0.366425 -0.366425 -0.366425 -0.366425 -0.366425 -0.366425 -0.366425 -0.366425 -0.366425  3.580111 -0.366425 -0.366425 -0.366425  2.123105 -0.366425 -0.366425 -0.366425 -0.366425 -0.366425 -0.366425 -0.366425 -0.366425 -0.366425 -0.366425 -0.366425 -0.366425 -0.366425  2.513170 -0.366425 -0.366425 -0.366425 -0.366425 -0.366425  2.983542  4.199626  2.547587  1.996908 -0.366425 -0.366425 -0.366425  2.547587 -0.366425 -0.366425 -0.366425 -0.366425 -0.366425 -0.366425 -0.366425 -0.366425 -0.366425 -0.366425 -0.366425 -0.366425 -0.366425 -0.366425  2.524642 -0.366425 -0.366425 -0.366425 -0.366425 -0.366425 -0.366425 -0.366425 -0.366425 -0.366425 -0.366425  2.318138 -0.366425  2.341083 -0.366425  2.949124 -0.366425 -0.366425 -0.366425 -0.366425 -0.366425 -0.366425 -0.366425 -0.366425 -0.366425 -0.366425 -0.366425 -0.366425  3.017959  2.490225  2.019853 -0.366425 -0.366425 -0.366425 -0.366425 -0.366425 -0.366425 -0.366425 -0.366425 -0.366425 -0.366425 -0.366425 -0.366425 -0.366425 -0.366425 -0.366425 -0.366425 -0.366425 -0.366425 -0.366425 -0.366425 -0.366425 -0.366425 
Shapelet  12   3.726776 -0.324783 -0.324783 -0.324783 -0.324783 -0.324783 -0.324783 -0.324783 -0.324783  2.213694  2.876449 -0.324783  2.876449 -0.324783 -0.324783 -0.324783 -0.324783 -0.324783 -0.324783 -0.324783  2.288722 -0.324783 -0.324783  2.188684  4.489569 -0.324783 -0.324783 -0.324783 -0.324783  2.188684 -0.324783 -0.324783 -0.324783 -0.324783 -0.324783 -0.324783 -0.324783 -0.324783 -0.324783 -0.324783 -0.324783 -0.324783  2.176179 -0.324783 -0.324783 -0.324783 -0.324783 -0.324783 -0.324783 -0.324783 -0.324783 -0.324783 -0.324783  4.051901 -0.324783 -0.324783 -0.324783 -0.324783 -0.324783 -0.324783 -0.324783 -0.324783 -0.324783 -0.324783 -0.324783 -0.324783 -0.324783 -0.324783 -0.324783 -0.324783 -0.324783 -0.324783 -0.324783 -0.324783 -0.324783  2.326237  3.851824 -0.324783 -0.324783  2.363751 -0.324783 -0.324783 -0.324783 -0.324783 -0.324783 -0.324783 -0.324783 -0.324783 -0.324783 -0.324783 -0.324783 -0.324783 -0.324783 -0.324783 -0.324783 -0.324783 -0.324783 -0.324783 -0.324783 -0.324783 -0.324783 -0.324783 -0.324783 -0.324783 -0.324783 -0.324783 -0.324783 -0.324783 -0.324783 -0.324783 -0.324783 -0.324783 -0.324783  2.201189 -0.324783  2.601343 -0.324783 -0.324783 -0.324783 -0.324783 -0.324783 -0.324783 
Shapelet  14   2.443429 -0.395592 -0.395592 -0.395592 -0.395592 -0.395592  2.443429 -0.395592 -0.395592 -0.395592 -0.395592  2.387543 -0.395592 -0.395592 -0.395592 -0.395592 -0.395592 -0.395592 -0.395592 -0.395592 -0.395592  2.789924 -0.395592  1.884567 -0.395592 -0.395592 -0.395592 -0.395592 -0.395592  3.281723 -0.395592 -0.395592 -0.395592 -0.395592 -0.395592 -0.395592 -0.395592 -0.395592  2.778747 -0.395592 -0.395592 -0.395592 -0.395592 -0.395592 -0.395592 -0.395592 -0.395592 -0.395592 -0.395592 -0.395592 -0.395592 -0.395592  1.951630 -0.395592 -0.395592 -0.395592 -0.395592 -0.395592 -0.395592 -0.395592 -0.395592 -0.395592 -0.395592 -0.395592 -0.395592 -0.395592 -0.395592 -0.395592 -0.395592 -0.395592 -0.395592 -0.395592 -0.395592 -0.395592  2.354011  3.594686 -0.395592 -0.395592 -0.395592 -0.395592 -0.395592 -0.395592 -0.395592 -0.395592 


; cmd = ShapeletResearch/Execs/FastShapelet UCRArchive_2018//Earthquakes/Earthquakes_TRAIN.tsv 2 322 513 10 1 10 10 0 1 10 UCRArchive_2018//Earthquakes/tree.txt UCRArchive_2018//Earthquakes/time.txt
; time =>  1503.886  40.207 476.909  29.451 926.791 
