;Shapelet Tree 

;random seed:1550674405, rand()=631160446, rand()=116674246
;command = ../../ShapeletResearch/Execs/FastShapelet ../../UCRArchive_2018//RefrigerationDevices/RefrigerationDevices_TRAIN.tsv 3 375 721 10 1 10 10 1 0 10 ../../UCRArchive_2018//RefrigerationDevices/tree.txt ../../UCRArchive_2018//RefrigerationDevices/time.txt 

;Local Class:   0  1  2 
;Real  Class:   1  2  3 

;Node ID class   obj  pos  len  dist_th 
TreeSize: 64 
NonL  1    --    133  190   24   5.2270 ==>   0  66  29  / 125  59  96 
NonL  2    --      5  629   34   6.2034 ==>   0  61  13  /   0   5  16 
NonL  3    --      0   25   14   0.4994 ==>  50  11   0  /  75  48  96 
NonL  4    --     67  622   67  10.5011 ==>   0   5   9  /   0  56   4 
NonL  5    --      0  258   54   1.6817 ==>   0   4   0  /   0   1  16 
NonL  6    --      4  204  108  23.3246 ==>  38   0   0  /  12  11   0 
NonL  7    --      0   20   16   2.6682 ==>  36  46  62  /  39   2  34 
NonL  8    --      2  228  112  12.6278 ==>   0   5   1  /   0   0   8 
Leaf  9     2    
Leaf 10     2    
Leaf 11     3    
Leaf 12     1    
NonL 13    --      2  426   97   4.5308 ==>  10   0   0  /   2  11   0 
NonL 14    --     71  272  392  27.3108 ==>  25  18   2  /  11  28  60 
NonL 15    --      0  559   15   2.6382 ==>  23   0   1  /  16   2  33 
NonL 16    --      5    0  719  20.0409 ==>   0   0   1  /   0   5   0 
Leaf 17     3    
Leaf 26     1    
NonL 27    --      3  511   67   7.1098 ==>   0  11   0  /   2   0   0 
NonL 28    --     19   27  686  37.0469 ==>  18   2   2  /   7  16   0 
NonL 29    --     97  154  128  14.3804 ==>   5  21  12  /   6   7  48 
Leaf 30     1    
NonL 31    --      2  232  158  15.1934 ==>  13   2   2  /   3   0  31 
Leaf 32     3    
Leaf 33     2    
Leaf 54     2    
Leaf 55     1    
Leaf 56     1    
Leaf 57     2    
Leaf 58     2    
Leaf 59     3    
Leaf 62     1    
Leaf 63     3    

;Shapelet id   <data>
Shapelet   1   2.539689 -0.189529 -0.189529 -0.189529 -0.189529 -0.189529 -0.189529 -0.189529 -0.189529 -0.189529 -0.189529 -0.189529 -0.189529  2.539689 -0.189529 -0.189529 -0.189529 -2.918747 -0.189529 -0.189529 -0.189529 -0.189529 -0.189529 -0.189529 
Shapelet   2  -0.315614 -0.315614 -0.315614 -0.315614 -0.315614 -0.315614 -0.315614 -0.315614 -0.315614 -0.315614 -0.315614 -0.315614 -0.315614 -0.315614 -0.315614 -0.315614 -0.315614 -0.315614 -0.315614 -0.315614 -0.315614 -0.315614 -0.315614 -0.315614  2.524910 -0.315614 -0.315614 -0.315614 -0.315614 -0.315614 -0.315614 -0.315614 -0.315614  2.524910 
Shapelet   3   1.028474  1.028474 -0.485140 -0.829143 -0.897944 -0.897944 -0.897944 -0.897944 -0.897944 -0.897944 -0.897944 -0.897944 -0.897944 -0.897944 
Shapelet   4   0.857661  0.857661  0.857661  0.857661  2.642388  0.857661  0.857661  0.857661  0.857661  0.857661  0.857661  0.857661  0.857661  0.857661  0.857661  0.857661  0.857661  0.857661  0.857661  0.857661  0.857661  0.857661  0.857661  0.857661  0.857661  0.857661  0.857661  0.857661  0.857661  0.857661  0.857661  0.857661  0.857661  0.857661  0.857661  0.857661  0.857661  0.857661  0.857661  0.857661  0.857661  0.857661  0.857661  0.857661  0.857661 -0.927067  0.857661  0.857661  0.857661  0.857661  0.857661  0.857661  0.857661  0.857661  0.857661  0.857661  0.857661  0.857661  0.857661  0.857661  0.857661  0.857661  0.857661  0.857661  0.857661  0.857661  0.857661 
Shapelet   5   1.299438 -0.388108 -0.487375 -0.487375 -0.487375 -0.487375 -0.487375 -0.487375 -0.487375 -0.487375 -0.487375 -0.487375 -0.487375 -0.487375 -0.487375 -0.487375 -0.487375 -0.487375 -0.487375 -0.487375 -0.487375 -0.487375 -0.487375 -0.487375 -0.487375 -0.487375  2.292112  2.292112  2.292112  2.292112  1.895043  2.292112 -0.388108 -0.487375 -0.487375 -0.487375 -0.388108 -0.487375 -0.487375 -0.487375 -0.487375 -0.487375 -0.487375 -0.487375 -0.487375 -0.487375 -0.487375 -0.487375 -0.487375 -0.487375 -0.487375 -0.487375 -0.487375 -0.487375 
Shapelet   6  -0.490661 -0.758226 -0.758226 -0.758226 -0.758226 -0.401472 -0.758226 -0.758226 -0.758226 -0.758226 -0.758226 -0.758226 -0.758226 -0.758226 -0.758226 -0.758226  1.471487  1.471487  1.471487  1.471487 -0.490661  1.203921  1.203921  1.203921  1.203921 -0.669038 -0.758226 -0.758226 -0.758226 -0.758226 -0.669038 -0.758226 -0.758226 -0.758226 -0.758226 -0.758226 -0.758226 -0.758226 -0.758226 -0.758226 -0.758226  1.382299  1.382299  1.382299  1.382299 -0.758226  1.917430  1.917430  1.917430  1.917430 -0.490661  0.401225  0.401225  0.401225  0.401225 -0.669038 -0.758226 -0.758226 -0.758226 -0.758226 -0.758226 -0.758226 -0.758226 -0.758226 -0.758226 -0.758226  0.222847  0.222847  0.222847  0.222847 -0.758226  1.917430  1.917430  1.917430  1.917430 -0.490661  0.401225  0.401225  0.401225  0.401225 -0.669038 -0.758226 -0.758226 -0.758226 -0.758226 -0.490661 -0.758226 -0.758226 -0.758226 -0.758226 -0.758226  0.401225  0.401225  0.401225  0.401225 -0.669038  1.917430  1.917430  1.917430  1.917430 -0.490661  0.133659  0.133659  0.133659  0.133659 -0.758226 -0.758226 -0.758226 
Shapelet   7  -1.030118 -1.030118 -1.030118 -1.030118 -1.030118 -1.030118 -1.030118 -1.030118 -1.030118 -1.030118 -1.030118 -1.030118 -1.030118 -1.030118 -1.030118 -0.961361 
Shapelet   8  -0.311724 -0.311724 -0.311724 -0.311724  3.074243  3.557953  3.557953  3.557953  3.557953  3.557953  3.074243  3.557953  3.074243  3.557953  3.074243  3.074243  3.074243  3.074243  3.074243  3.074243  3.074243  3.074243 -0.150487 -0.311724 -0.311724 -0.311724 -0.311724 -0.311724 -0.311724 -0.311724 -0.311724 -0.311724 -0.311724 -0.311724 -0.311724 -0.311724 -0.311724 -0.311724 -0.311724 -0.311724 -0.311724 -0.311724 -0.311724 -0.311724 -0.311724 -0.311724 -0.311724 -0.311724 -0.311724 -0.311724 -0.311724 -0.311724 -0.311724 -0.311724 -0.311724 -0.311724 -0.311724 -0.311724 -0.311724 -0.311724 -0.311724 -0.311724 -0.311724 -0.311724 -0.311724 -0.311724 -0.311724 -0.311724 -0.311724 -0.311724 -0.311724 -0.311724 -0.311724 -0.311724 -0.311724 -0.311724 -0.311724 -0.311724 -0.311724 -0.311724 -0.311724 -0.311724 -0.311724 -0.311724 -0.311724 -0.311724 -0.311724 -0.311724 -0.311724 -0.311724 -0.311724 -0.311724 -0.311724 -0.311724 -0.311724 -0.311724 -0.311724 -0.311724 -0.311724 -0.311724 -0.311724 -0.311724 -0.311724 -0.311724 -0.311724 -0.311724 -0.311724 -0.311724 -0.311724 -0.311724 -0.311724 -0.311724 
Shapelet  13  -0.774094 -0.840178 -0.840178 -0.840178 -0.840178 -0.840178 -0.840178 -0.840178 -0.840178 -0.840178 -0.840178 -0.840178 -0.840178 -0.840178 -0.840178 -0.840178 -0.840178 -0.840178 -0.840178 -0.840178 -0.840178 -0.840178 -0.840178 -0.840178 -0.840178 -0.840178  0.349324  1.274493  1.538827  1.274493  1.274493  1.274493  1.274493  1.274493  1.274493  1.274493  1.274493  1.274493  1.010159  1.274493  1.274493  1.010159  1.274493  1.010159  1.274493  1.010159  1.010159  1.274493  1.010159  1.010159  1.274493  0.151074 -0.774094 -0.840178 -0.840178 -0.840178 -0.840178 -0.840178 -0.840178 -0.840178 -0.840178 -0.840178 -0.840178 -0.840178 -0.840178 -0.840178 -0.840178 -0.840178 -0.840178 -0.840178 -0.840178 -0.840178 -0.840178 -0.840178 -0.840178 -0.840178 -0.774094  0.349324  1.274493  1.274493  1.274493  1.274493  1.274493  1.274493  1.010159  1.274493  1.274493  1.010159  1.274493  1.010159  1.010159  1.274493  1.010159  1.010159  1.274493  1.010159  1.010159 
Shapelet  14  -0.613315 -0.613315 -0.613315 -0.613315 -0.613315 -0.613315 -0.613315 -0.613315 -0.613315 -0.613315 -0.613315 -0.613315 -0.613315 -0.613315 -0.613315 -0.613315 -0.613315 -0.613315 -0.613315 -0.613315  1.912100  1.912100  1.912100  1.912100  1.912100  1.551326  1.551326  1.551326  1.912100  1.551326  1.551326  1.551326  1.280746  1.551326  1.551326 -0.252541 -0.523122 -0.613315 -0.613315 -0.613315 -0.613315 -0.613315 -0.613315 -0.613315 -0.613315 -0.613315 -0.613315 -0.613315 -0.613315 -0.613315 -0.613315 -0.613315 -0.613315 -0.613315 -0.613315 -0.613315 -0.613315 -0.613315 -0.613315 -0.613315 -0.613315 -0.613315 -0.613315 -0.613315 -0.613315 -0.613315 -0.613315 -0.613315 -0.613315 -0.613315 -0.613315 -0.613315 -0.613315 -0.613315 -0.613315 -0.613315 -0.613315 -0.432928 -0.613315 -0.613315  1.551326  1.912100  1.912100  1.551326  1.912100  1.912100  1.551326  1.551326  1.551326  1.551326  1.551326  1.551326  1.551326  1.551326  1.551326  0.469006 -0.613315 -0.613315 -0.613315 -0.613315 -0.613315 -0.613315 -0.613315 -0.613315 -0.613315 -0.613315 -0.613315 -0.613315 -0.613315 -0.613315 -0.613315 -0.523122 -0.613315 -0.613315 -0.613315 -0.613315 -0.613315 -0.613315 -0.613315 -0.613315 -0.613315 -0.613315 -0.613315 -0.613315 -0.613315 -0.613315 -0.613315 -0.613315 -0.613315 -0.613315 -0.613315 -0.613315 -0.613315  0.288619  1.912100  1.912100  1.912100  1.551326  1.912100  1.551326  1.912100  1.551326  1.551326  1.551326  1.551326  1.551326  1.551326  1.551326  1.551326  0.469006 -0.523122 -0.613315 -0.613315 -0.613315 -0.613315 -0.613315 -0.613315 -0.613315 -0.613315 -0.613315 -0.613315 -0.613315 -0.613315 -0.613315 -0.613315 -0.613315 -0.613315 -0.613315 -0.613315 -0.613315 -0.613315 -0.613315 -0.613315 -0.613315 -0.613315 -0.613315 -0.613315 -0.613315 -0.613315 -0.613315 -0.613315 -0.613315 -0.613315 -0.613315 -0.613315 -0.613315 -0.613315 -0.613315 -0.613315 -0.613315 -0.613315 -0.613315 -0.613315 -0.613315 -0.613315 -0.613315 -0.613315  1.912100  1.912100  1.912100  1.551326  1.912100  1.912100  1.551326  1.551326  1.551326  1.551326  1.912100  1.551326  1.551326  1.280746  1.551326  1.551326  0.739586 -0.432928 -0.613315 -0.613315 -0.613315 -0.613315 -0.613315 -0.613315 -0.613315 -0.613315 -0.613315 -0.613315 -0.613315 -0.613315 -0.613315 -0.613315 -0.613315 -0.613315 -0.613315 -0.613315 -0.613315 -0.613315 -0.613315 -0.613315 -0.613315 -0.613315 -0.613315 -0.613315 -0.613315 -0.613315 -0.613315 -0.613315 -0.613315 -0.613315 -0.613315 -0.613315 -0.613315 -0.613315 -0.613315 -0.613315 -0.613315 -0.613315 -0.613315 -0.613315 -0.613315 -0.613315 -0.613315  1.010166  1.912100  1.912100  1.912100  1.551326  1.912100  1.551326  1.551326  1.551326  1.551326  1.912100  1.280746  1.551326  1.551326  1.551326  1.280746 -0.072155 -0.432928 -0.613315 -0.613315 -0.613315 -0.613315 -0.613315 -0.613315 -0.613315 -0.613315 -0.613315 -0.613315 -0.613315 -0.613315 -0.613315 -0.613315 -0.613315 -0.613315 -0.613315 -0.613315 -0.613315 -0.613315 -0.613315 -0.613315 -0.613315 -0.613315 -0.613315 -0.613315 -0.613315 -0.613315 -0.613315 -0.613315 -0.613315 -0.613315 -0.613315 -0.613315 -0.613315 -0.613315 -0.613315 -0.613315  0.108232  1.551326  1.912100  1.912100  1.912100  1.551326  1.912100  1.551326  1.551326  1.551326  1.551326  1.551326  1.551326  1.551326  1.551326  1.551326  1.551326  0.288619 -0.523122 -0.613315 -0.613315 -0.613315 -0.613315 -0.613315 -0.613315 -0.613315 -0.613315 -0.613315 -0.613315 -0.613315 -0.613315 -0.613315 -0.613315 -0.613315 -0.613315 -0.613315 -0.613315 -0.613315 -0.613315 -0.613315 -0.613315 -0.613315 -0.613315 -0.613315 -0.613315 -0.613315 -0.613315 -0.613315 -0.613315 -0.613315 -0.613315 -0.613315 -0.613315 -0.613315 -0.613315 -0.613315 -0.613315 -0.613315 -0.613315 -0.613315 -0.613315 -0.613315 -0.613315 -0.252541  1.912100  1.912100  1.912100  1.912100  1.551326  1.912100  1.551326  1.551326  1.551326  1.912100  1.551326  1.551326 
Shapelet  15   0.302971  0.302971  0.302971 -0.767808 -1.367444 -1.367444 -1.367444 -1.410275 -1.410275 -1.367444 -1.410275 -1.410275 -1.324612 -1.410275 -1.410275 
Shapelet  16  -0.497821 -0.497821 -0.497821 -0.497821 -0.497821 -0.497821 -0.497821 -0.497821 -0.497821 -0.497821 -0.497821 -0.497821 -0.497821 -0.497821 -0.497821 -0.497821 -0.497821 -0.497821 -0.497821 -0.497821 -0.497821 -0.497821 -0.497821 -0.497821 -0.497821 -0.497821 -0.497821 -0.497821 -0.497821 -0.497821 -0.497821 -0.497821 -0.497821 -0.497821 -0.497821 -0.497821 -0.497821 -0.497821 -0.497821 -0.497821 -0.497821 -0.497821 -0.497821 -0.497821 -0.497821 -0.497821 -0.497821 -0.497821 -0.497821 -0.497821 -0.497821 -0.497821 -0.497821 -0.497821 -0.497821 -0.497821 -0.497821 -0.497821 -0.497821 -0.497821 -0.497821 -0.497821 -0.497821 -0.497821 -0.497821  0.741353  2.393585  2.393585  1.980527  2.393585  1.980527  2.393585  1.980527  1.980527  1.980527  2.393585  1.980527  1.980527  1.980527  1.980527  1.980527  1.980527  1.980527  1.980527  1.670734  1.360940 -0.394556 -0.497821 -0.497821 -0.497821 -0.497821 -0.497821 -0.497821 -0.497821 -0.497821 -0.497821 -0.497821 -0.497821 -0.497821 -0.497821 -0.497821 -0.497821 -0.497821 -0.497821 -0.497821 -0.497821 -0.497821 -0.497821 -0.497821 -0.497821 -0.497821 -0.497821 -0.497821 -0.497821 -0.497821 -0.497821 -0.497821 -0.497821 -0.497821 -0.497821 -0.497821 -0.497821 -0.497821 -0.497821 -0.497821 -0.497821 -0.497821 -0.497821 -0.497821 -0.497821 -0.497821 -0.497821 -0.497821 -0.497821 -0.497821 -0.497821 -0.497821 -0.497821 -0.497821 -0.497821 -0.497821 -0.497821 -0.497821 -0.497821 -0.497821 -0.497821 -0.497821 -0.497821 -0.497821 -0.497821 -0.497821 -0.497821 -0.497821 -0.497821 -0.497821 -0.497821 -0.497821 -0.497821 -0.497821 -0.497821 -0.497821 -0.497821 -0.497821 -0.497821 -0.497821 -0.497821  1.051147  2.393585  2.393585  1.980527  2.393585  1.980527  1.980527  2.393585  1.980527  1.980527  1.980527  1.980527  1.980527  2.393585  1.980527  1.980527  1.670734  1.980527  1.980527  0.328295 -0.497821 -0.497821 -0.497821 -0.497821 -0.497821 -0.497821 -0.497821 -0.497821 -0.497821 -0.497821 -0.497821 -0.497821 -0.497821 -0.497821 -0.497821 -0.497821 -0.497821 -0.497821 -0.497821 -0.497821 -0.497821 -0.497821 -0.497821 -0.497821 -0.497821 -0.497821 -0.497821 -0.497821 -0.497821 -0.497821 -0.497821 -0.497821 -0.497821 -0.497821 -0.497821 -0.497821 -0.497821 -0.497821 -0.497821 -0.497821 -0.497821 -0.497821 -0.497821 -0.497821 -0.497821 -0.497821 -0.497821 -0.497821 -0.497821 -0.497821 -0.497821 -0.497821 -0.497821 -0.497821 -0.497821 -0.497821 -0.497821 -0.497821 -0.497821 -0.497821 -0.497821 -0.497821 -0.497821 -0.497821 -0.497821 -0.497821 -0.497821 -0.497821 -0.497821 -0.497821 -0.497821 -0.497821 -0.497821 -0.497821 -0.497821 -0.497821 -0.497821 -0.497821 -0.497821 -0.497821 -0.497821 -0.497821 -0.497821 -0.497821 -0.497821 -0.497821  0.121766  2.393585  1.980527  2.393585  1.980527  2.393585  1.980527  1.980527  1.980527  2.393585  1.980527  1.980527  1.980527  1.980527  1.670734  1.980527  1.980527  1.980527  1.670734  1.980527  1.670734 -0.291292 -0.497821 -0.497821 -0.497821 -0.497821 -0.497821 -0.497821 -0.497821 -0.497821 -0.497821 -0.497821 -0.497821 -0.497821 -0.497821 -0.497821 -0.497821 -0.497821 -0.497821 -0.497821 -0.497821 -0.497821 -0.497821 -0.497821 -0.497821 -0.497821 -0.497821 -0.497821 -0.497821 -0.497821 -0.497821 -0.497821 -0.497821 -0.497821 -0.497821 -0.497821 -0.497821 -0.497821 -0.497821 -0.497821 -0.497821 -0.497821 -0.497821 -0.497821 -0.497821 -0.497821 -0.497821 -0.497821 -0.497821 -0.497821 -0.497821 -0.497821 -0.497821 -0.497821 -0.497821 -0.497821 -0.497821 -0.497821 -0.497821 -0.497821 -0.497821 -0.497821 -0.497821 -0.497821 -0.497821 -0.497821 -0.497821 -0.497821 -0.497821 -0.497821 -0.497821 -0.497821 -0.497821 -0.497821 -0.497821 -0.497821 -0.497821 -0.497821 -0.497821 -0.497821 -0.497821 -0.497821 -0.497821 -0.497821 -0.497821 -0.497821 -0.497821 -0.497821 -0.497821  1.360940  2.393585  1.980527  2.393585  2.393585  1.980527  1.980527  2.393585  1.980527  1.980527  1.980527  1.980527  1.980527  1.980527  1.980527  1.980527  1.980527  1.980527  1.980527  1.980527  1.670734  1.980527  1.670734  1.980527  1.670734  1.980527  1.670734 -0.497821 -0.497821 -0.497821 -0.497821 -0.497821 -0.497821 -0.497821 -0.497821 -0.497821 -0.497821 -0.497821 -0.497821 -0.497821 -0.497821 -0.497821 -0.497821 -0.497821 -0.497821 -0.497821 -0.497821 -0.497821 -0.497821 -0.497821 -0.497821 -0.497821 -0.497821 -0.497821 -0.497821 -0.497821 -0.497821 -0.497821 -0.497821 -0.497821 -0.497821 -0.497821 -0.497821 -0.497821 -0.497821 -0.497821 -0.497821 -0.497821 -0.497821 -0.497821 -0.497821 -0.497821 -0.497821 -0.497821 -0.497821 -0.497821 -0.497821 -0.497821 -0.497821 -0.497821 -0.497821 -0.497821 -0.497821 -0.497821 -0.497821 -0.497821 -0.497821 -0.497821 -0.497821 -0.497821 -0.497821 -0.497821 -0.497821 -0.497821 -0.497821 -0.497821 -0.497821 -0.497821 -0.497821 -0.497821 -0.497821 -0.497821 -0.497821 -0.497821 -0.497821 -0.497821 -0.497821 -0.497821  2.393585  2.393585  2.393585  1.980527  2.393585  1.980527  1.980527  1.980527  1.980527  2.393585  1.980527  1.980527  1.670734  1.980527  1.980527  1.980527  1.670734  1.980527  1.980527  1.670734  1.980527  1.670734  1.980527  1.670734  1.980527  1.670734  1.980527  1.051147 -0.497821 -0.497821 -0.497821 -0.497821 -0.497821 -0.497821 -0.497821 -0.497821 -0.497821 -0.497821 -0.497821 -0.497821 -0.497821 -0.497821 -0.497821 -0.497821 -0.497821 -0.497821 -0.497821 -0.497821 -0.497821 -0.497821 -0.497821 -0.497821 -0.497821 -0.497821 -0.497821 -0.497821 -0.497821 -0.497821 -0.497821 -0.497821 -0.497821 -0.497821 -0.497821 -0.497821 -0.497821 -0.497821 -0.497821 -0.497821 -0.497821 -0.497821 -0.497821 -0.497821 -0.497821 -0.497821 -0.497821 -0.497821 -0.497821 -0.497821 -0.497821 -0.497821 -0.497821 -0.497821 -0.497821 -0.497821 -0.497821 -0.497821 -0.497821 -0.497821 -0.497821 -0.497821 -0.497821 -0.497821 -0.497821 -0.497821 -0.497821 -0.497821 -0.497821 -0.497821 -0.497821 -0.497821 -0.497821 -0.497821 -0.497821 -0.497821 -0.497821 -0.497821 -0.497821 -0.497821 -0.497821 -0.497821 -0.497821 -0.497821 -0.497821 -0.497821 -0.497821 -0.497821 -0.497821  0.328295  2.393585  1.980527  2.393585  2.393585  1.980527  1.980527  2.393585  1.980527  1.980527  1.980527  2.393585  1.980527  1.980527  1.980527  1.980527  1.980527  1.980527  1.670734  1.980527  1.980527  1.980527  1.670734  1.980527  1.670734  1.980527  1.980527  1.670734  1.980527 -0.394556 -0.497821 -0.497821 -0.497821 -0.497821 -0.497821 -0.497821 -0.497821 -0.497821 -0.497821 -0.497821 -0.497821 -0.497821 -0.497821 -0.497821 -0.497821 -0.497821 -0.497821 -0.497821 -0.497821 -0.497821 -0.497821 -0.497821 -0.497821 -0.497821 -0.497821 -0.497821 -0.497821 -0.497821 -0.497821 -0.497821 -0.497821 -0.497821 -0.497821 -0.497821 -0.497821 -0.497821 -0.497821 -0.497821 -0.497821 -0.497821 -0.497821 -0.497821 -0.497821 -0.497821 -0.497821 -0.497821 -0.497821 -0.497821 -0.497821 -0.497821 -0.497821 -0.497821 -0.497821 -0.497821 -0.497821 -0.497821 -0.497821 -0.497821 -0.497821 -0.497821 -0.497821 -0.497821 -0.497821 -0.497821 -0.497821 -0.497821 -0.497821 -0.497821 -0.497821 -0.497821 -0.497821 -0.497821 -0.497821 -0.497821 -0.497821 -0.497821 -0.497821 -0.497821 -0.497821 -0.497821 -0.497821 -0.497821 -0.497821 
Shapelet  27  -0.882283 -0.882283 -0.882283 -0.882283 -0.882283 -0.882283 -0.882283 -0.882283 -0.882283 -0.882283 -0.761949 -0.882283 -0.882283 -0.882283  0.922729  1.283731  1.283731  1.283731  1.283731  0.922729  1.283731  1.283731  1.283731  0.922729  1.283731  1.644733  0.922729  1.283731  1.283731  0.922729  1.283731  1.283731  0.922729  1.283731  0.922729  0.922729  1.283731 -0.160278 -0.761949 -0.882283 -0.882283 -0.882283 -0.882283 -0.882283 -0.761949 -0.882283 -0.882283 -0.761949 -0.882283 -0.882283 -0.882283 -0.882283 -0.882283 -0.882283 -0.882283 -0.882283 -0.882283 -0.882283 -0.882283 -0.882283 -0.761949  0.561726  1.283731  0.922729  1.283731  1.283731  1.283731 
Shapelet  28  -0.618103 -0.618103 -0.618103 -0.618103 -0.618103 -0.618103 -0.618103 -0.618103 -0.618103 -0.618103 -0.618103 -0.618103 -0.618103 -0.618103 -0.618103 -0.618103 -0.618103 -0.618103  1.108788  1.684419  1.972234  1.972234  1.684419  1.684419  1.684419  1.684419  1.684419  1.684419  1.396603  1.684419  1.396603  1.684419 -0.042473 -0.546149 -0.618103 -0.618103 -0.618103 -0.618103 -0.618103 -0.618103 -0.618103 -0.618103 -0.618103 -0.618103 -0.618103 -0.618103 -0.618103 -0.618103 -0.618103 -0.618103 -0.618103 -0.618103 -0.618103 -0.618103 -0.618103 -0.618103 -0.618103 -0.618103 -0.618103 -0.618103 -0.618103 -0.618103 -0.618103 -0.618103 -0.618103 -0.618103 -0.618103 -0.618103 -0.618103 -0.618103 -0.618103 -0.618103  0.892927  1.972234  1.684419  1.972234  1.684419  1.684419  1.684419  1.684419  1.684419  1.684419  1.396603  1.684419  1.396603  1.396603 -0.474196 -0.618103 -0.618103 -0.618103 -0.618103 -0.618103 -0.618103 -0.618103 -0.618103 -0.618103 -0.618103 -0.618103 -0.618103 -0.618103 -0.618103 -0.618103 -0.618103 -0.618103 -0.618103 -0.618103 -0.618103 -0.618103 -0.618103 -0.618103 -0.618103 -0.618103 -0.618103 -0.618103 -0.618103 -0.618103 -0.618103 -0.618103 -0.618103 -0.618103 -0.618103 -0.618103 -0.618103 -0.618103 -0.618103 -0.618103 -0.618103 -0.618103  0.892927  1.972234  1.684419  1.972234  1.684419  1.684419  1.684419  1.684419  1.684419  1.396603  1.684419  1.396603  1.684419  1.396603 -0.474196 -0.618103 -0.618103 -0.618103 -0.618103 -0.618103 -0.618103 -0.618103 -0.618103 -0.618103 -0.618103 -0.618103 -0.618103 -0.618103 -0.618103 -0.618103 -0.618103 -0.618103 -0.618103 -0.618103 -0.618103 -0.618103 -0.618103 -0.618103 -0.618103 -0.618103 -0.618103 -0.618103 -0.618103 -0.618103 -0.618103 -0.618103 -0.618103 -0.618103 -0.618103 -0.618103 -0.618103 -0.618103 -0.618103 -0.618103 -0.618103 -0.618103 -0.618103 -0.618103 -0.330288  1.972234  1.684419  1.684419  1.972234  1.684419  1.684419  1.684419  1.684419  1.684419  1.684419  1.684419  1.396603  1.684419  1.396603  1.684419 -0.042473 -0.618103 -0.618103 -0.546149 -0.618103 -0.618103 -0.618103 -0.618103 -0.618103 -0.618103 -0.618103 -0.618103 -0.618103 -0.618103 -0.618103 -0.618103 -0.618103 -0.618103 -0.618103 -0.618103 -0.618103 -0.618103 -0.618103 -0.618103 -0.618103 -0.618103 -0.618103 -0.618103 -0.618103 -0.618103 -0.618103 -0.618103 -0.618103 -0.618103  1.396603  1.972234  1.972234  1.684419  1.684419  1.684419  1.684419  1.684419  1.684419  1.396603  1.684419  1.396603  1.396603  0.677065 -0.618103 -0.618103 -0.618103 -0.618103 -0.618103 -0.618103 -0.618103 -0.618103 -0.618103 -0.618103 -0.618103 -0.618103 -0.618103 -0.618103 -0.618103 -0.618103 -0.618103 -0.618103 -0.618103 -0.618103 -0.618103 -0.618103 -0.618103 -0.618103 -0.618103 -0.618103 -0.618103 -0.618103 -0.618103 -0.618103 -0.618103 -0.618103 -0.618103 -0.618103 -0.618103 -0.618103 -0.618103 -0.618103  0.245342  1.684419  1.684419  1.972234  1.684419  1.396603  1.684419  1.684419  1.396603  1.684419  1.396603  1.684419  1.396603  1.684419  0.677065 -0.546149 -0.618103 -0.618103 -0.618103 -0.618103 -0.618103 -0.618103 -0.618103 -0.618103 -0.618103 -0.618103 -0.618103 -0.618103 -0.618103 -0.618103 -0.618103 -0.618103 -0.618103 -0.618103 -0.618103 -0.618103 -0.618103 -0.618103 -0.618103 -0.618103 -0.618103 -0.618103 -0.618103 -0.618103 -0.618103 -0.618103 -0.618103 -0.618103 -0.618103 -0.618103 -0.618103 -0.618103 -0.618103 -0.618103 -0.618103  0.101435  1.684419  1.972234  1.684419  1.972234  1.684419  1.684419  1.684419  1.396603  1.684419  1.684419  1.396603  1.396603  1.684419 -0.546149 -0.618103 -0.618103 -0.618103 -0.618103 -0.618103 -0.618103 -0.618103 -0.618103 -0.618103 -0.618103 -0.618103 -0.618103 -0.618103 -0.618103 -0.618103 -0.618103 -0.618103 -0.618103 -0.618103 -0.618103 -0.618103 -0.618103 -0.618103 -0.618103 -0.618103 -0.618103 -0.618103 -0.618103 -0.618103 -0.618103 -0.618103 -0.618103 -0.618103 -0.618103 -0.618103 -0.618103 -0.618103 -0.618103 -0.618103 -0.618103 -0.618103 -0.618103 -0.618103  1.108788  1.972234  1.684419  1.684419  1.684419  1.684419  1.684419  1.684419  1.684419  1.396603  1.684419  1.396603  1.684419  1.396603  0.245342 -0.546149 -0.618103 -0.618103 -0.618103 -0.618103 -0.618103 -0.618103 -0.618103 -0.618103 -0.618103 -0.618103 -0.618103 -0.618103 -0.618103 -0.618103 -0.618103 -0.618103 -0.618103 -0.618103 -0.618103 -0.618103 -0.618103 -0.618103 -0.618103 -0.618103 -0.618103 -0.618103 -0.618103 -0.618103 -0.618103 -0.618103 -0.618103 -0.618103 -0.618103 -0.618103 -0.618103 -0.618103 -0.618103 -0.618103 -0.618103 -0.618103 -0.618103 -0.618103 -0.618103 -0.618103  1.684419  1.972234  1.972234  1.684419  1.684419  1.684419  1.684419  1.684419  1.684419  1.396603  1.684419  1.396603  1.684419  0.892927 -0.618103 -0.618103 -0.618103 -0.618103 -0.618103 -0.618103 -0.618103 -0.618103 -0.618103 -0.618103 -0.618103 -0.618103 -0.618103 -0.618103 -0.618103 -0.618103 -0.618103 -0.618103 -0.618103 -0.618103 -0.618103 -0.618103 -0.618103 -0.618103 -0.546149 -0.618103 -0.618103 -0.618103 -0.618103 -0.618103 -0.618103 -0.546149 -0.618103 -0.618103  1.108788  1.684419  1.972234  1.684419  1.684419  1.684419  1.684419  1.684419  1.684419  1.396603  1.684419  1.396603  1.684419  1.396603  1.396603  0.101435 -0.618103 -0.618103 -0.618103 -0.618103 -0.618103 -0.618103 -0.618103 -0.618103 -0.618103 -0.618103 -0.618103 -0.618103 -0.618103 -0.618103 -0.618103 -0.618103 -0.618103 -0.618103 -0.618103 -0.618103 -0.618103 -0.618103 -0.618103 -0.618103 -0.618103 -0.618103 -0.618103 -0.618103 -0.618103 -0.618103 -0.618103 -0.618103 -0.618103 -0.618103  0.892927  1.684419  1.972234  1.972234  1.684419  1.684419  1.684419  1.684419  1.684419  1.396603  1.684419  1.684419  1.396603  1.684419  1.396603  1.396603 -0.042473 -0.618103 -0.618103 -0.618103 -0.618103 -0.618103 -0.618103 -0.618103 -0.618103 -0.618103 -0.618103 -0.618103 -0.618103 -0.618103 -0.618103 -0.618103 -0.618103 -0.618103 -0.618103 -0.618103 -0.618103 -0.618103 -0.618103 -0.618103 -0.618103 -0.618103 -0.618103 -0.618103 -0.618103 -0.618103 -0.618103 -0.618103 -0.618103 -0.618103 -0.618103 -0.618103  1.972234  1.972234  1.972234  1.684419  1.972234  1.684419  1.684419  1.684419  1.684419  1.684419  1.396603  1.684419  1.396603  1.684419  1.396603  1.396603 -0.330288 -0.546149 -0.618103 -0.618103 -0.618103 -0.618103 -0.546149 -0.618103 -0.618103 -0.618103 -0.618103 -0.618103 -0.618103 -0.618103 -0.618103 -0.618103 -0.618103 -0.618103 -0.618103 -0.618103 -0.618103 -0.618103 -0.618103 -0.618103 -0.618103 -0.618103 -0.618103 -0.618103 -0.618103 -0.618103 -0.618103 -0.618103 -0.618103 -0.618103 -0.618103 -0.618103 -0.186380  1.972234  1.684419  1.972234  1.972234  1.684419  1.684419  1.684419  1.684419  1.684419  1.684419  1.396603  1.684419  1.396603  1.684419  0.677065 -0.474196 -0.618103 -0.618103 -0.618103 -0.618103 -0.618103 -0.618103 
Shapelet  29   1.291791 -0.164616 -0.372675 -0.372675 -0.372675 -0.372675 -0.372675 -0.372675 -0.372675 -0.372675 -0.372675 -0.372675 -0.372675 -0.372675 -0.372675 -0.372675 -0.372675 -0.372675 -0.372675 -0.372675 -0.372675 -0.372675 -0.372675 -0.372675  1.569201  3.441725  2.748198  0.667616 -0.372675 -0.372675 -0.372675 -0.372675 -0.372675 -0.372675 -0.372675 -0.372675 -0.372675 -0.372675 -0.372675 -0.372675 -0.372675 -0.372675 -0.372675 -0.372675 -0.372675 -0.372675 -0.372675 -0.372675 -0.372675 -0.372675 -0.372675  1.569201  3.441725  3.094961  0.459558 -0.372675 -0.372675 -0.372675 -0.372675 -0.372675 -0.372675 -0.372675 -0.372675 -0.372675 -0.372675 -0.372675 -0.372675 -0.372675 -0.372675 -0.372675 -0.372675 -0.372675 -0.372675 -0.372675 -0.372675 -0.372675 -0.372675 -0.372675  0.875674  3.094961  3.094961  0.875674 -0.233969 -0.372675 -0.372675 -0.372675 -0.372675 -0.372675 -0.372675 -0.372675 -0.372675 -0.372675 -0.372675 -0.372675 -0.372675 -0.372675 -0.372675 -0.372675 -0.372675 -0.372675 -0.372675 -0.372675 -0.372675 -0.372675 -0.372675  1.083732  3.441725  2.748198  0.667616 -0.303322 -0.372675 -0.372675 -0.372675 -0.372675 -0.372675 -0.372675 -0.372675 -0.372675 -0.372675 -0.372675 -0.372675 -0.372675 -0.372675 -0.372675 -0.372675 -0.372675 -0.372675 -0.372675 
Shapelet  31   2.045673  2.045673  0.905228 -0.316677 -0.561058 -0.479598 -0.479598 -0.561058 -0.479598 -0.479598 -0.561058 -0.479598 -0.479598 -0.561058 -0.479598 -0.479598 -0.561058 -0.479598 -0.561058 -0.479598 -0.235217  2.371514  2.045673  2.371514  0.416466 -0.316677 -0.479598 -0.561058 -0.479598 -0.561058 -0.479598 -0.479598 -0.561058 -0.479598 -0.479598 -0.561058 -0.479598 -0.479598 -0.561058 -0.479598 -0.479598 -0.561058  1.393990  2.045673  2.045673  2.371514  2.045673 -0.072296 -0.479598 -0.479598 -0.561058 -0.479598 -0.561058 -0.479598 -0.479598 -0.561058 -0.479598 -0.479598 -0.561058 -0.479598 -0.479598 -0.561058 -0.479598 -0.561058 -0.479598  2.045673  2.371514  2.045673  2.371514 -0.316677 -0.561058 -0.479598 -0.479598 -0.561058 -0.479598 -0.479598 -0.561058 -0.479598 -0.479598 -0.561058 -0.479598 -0.479598 -0.561058 -0.479598 -0.479598 -0.561058  1.393990  2.371514  2.045673  0.660847 -0.479598 -0.561058 -0.479598 -0.479598 -0.561058 -0.479598 -0.479598 -0.561058 -0.479598 -0.479598 -0.561058 -0.479598 -0.479598 -0.561058 -0.479598  0.416466  2.045673  2.371514  2.045673  1.393990 -0.398137 -0.479598 -0.561058 -0.479598 -0.479598 -0.561058 -0.479598 -0.479598 -0.561058 -0.479598 -0.479598 -0.561058 -0.479598 -0.561058 -0.479598  0.660847  2.045673  2.371514  1.719831 -0.479598 -0.479598 -0.479598 -0.561058 -0.479598 -0.479598 -0.561058 -0.479598 -0.561058 -0.479598 -0.479598 -0.561058 -0.479598 -0.479598 -0.561058  1.393990  2.371514  2.371514  0.660847 -0.316677 -0.561058 -0.479598 -0.479598 -0.561058 -0.479598 -0.479598 -0.561058 -0.479598 -0.479598 


; cmd = ../../ShapeletResearch/Execs/FastShapelet ../../UCRArchive_2018//RefrigerationDevices/RefrigerationDevices_TRAIN.tsv 3 375 721 10 1 10 10 1 0 10 ../../UCRArchive_2018//RefrigerationDevices/tree.txt ../../UCRArchive_2018//RefrigerationDevices/time.txt
; time =>  3957.257 118.706 932.150  44.818 2804.021 
