;Shapelet Tree 

;random seed:1550671636, rand()=1512495801, rand()=1226721823
;command = ../../ShapeletResearch/Execs/FastShapelet ../../UCRArchive_2018//SmallKitchenAppliances/SmallKitchenAppliances_TRAIN.tsv 3 375 721 10 1 10 10 1 0 10 ../../UCRArchive_2018//SmallKitchenAppliances/tree.txt ../../UCRArchive_2018//SmallKitchenAppliances/time.txt 

;Local Class:   0  1  2 
;Real  Class:   1  2  3 

;Node ID class   obj  pos  len  dist_th 
TreeSize: 58 
NonL  1    --      0  340   14   6.5628 ==>  99  35   5  /  26  90 120 
NonL  2    --     53   70  163  18.5581 ==>  94   8   5  /   5  27   0 
NonL  3    --     18  305  237  14.1816 ==>  25  26 104  /   1  64  16 
NonL  4    --     32   69  558  41.9433 ==>  94   3   5  /   0   5   0 
NonL  5    --      5  498  212  276.1017 ==>   0  25   0  /   5   2   0 
NonL  6    --     18   80  623  44.5756 ==>  23   8  97  /   2  18   7 
NonL  7    --     79   34  674  41.7208 ==>   0  22  15  /   1  42   1 
Leaf  8     1    
Leaf  9     2    
Leaf 10     2    
NonL 11    --      0  312   16   3.8434 ==>   5   0   0  /   0   2   0 
NonL 12    --      3    0  202   0.3977 ==>  23   6  49  /   0   2  48 
NonL 13    --      1    0  713  39.0618 ==>   2   0   4  /   0  18   3 
NonL 14    --     14    0  578  41.1079 ==>   0  22   6  /   0   0   9 
Leaf 15     2    
Leaf 22     1    
Leaf 23     2    
NonL 24    --      0    0  582  39.8679 ==>   4   6  22  /  19   0  27 
Leaf 25     3    
NonL 26    --      0  473   13   2.3233 ==>   2   0   0  /   0   0   4 
NonL 27    --     19   71  472  19.2046 ==>   0   0   3  /   0  18   0 
NonL 28    --     27   41  250  20.1372 ==>   0   1   6  /   0  21   0 
Leaf 29     3    
Leaf 48     3    
Leaf 49     3    
Leaf 52     1    
Leaf 53     3    
Leaf 54     3    
Leaf 55     2    
Leaf 56     3    
Leaf 57     2    

;Shapelet id   <data>
Shapelet   1  -0.110762 -0.110762  7.724190  0.411568 -0.073453 -0.110762 -0.110762 -0.110762 -0.110762 -0.110762 -0.110762 -0.110762 -0.110762 -0.110762 
Shapelet   2  -0.178249 -0.178249 -0.178249 -0.178249 -0.178249 -0.178249 -0.178249 -0.178249 -0.178249 -0.178249 -0.178249 -0.178249 -0.178249 -0.178249 -0.178249 -0.178249 -0.178249 -0.178249 -0.178249 -0.178249 -0.178249 -0.178249 -0.178249 -0.178249 -0.178249 -0.178249 -0.178249 -0.178249 -0.178249 -0.178249 -0.178249 -0.178249 -0.178249 -0.178249 -0.178249 -0.178249 -0.178249 -0.178249 -0.178249 -0.178249 -0.178249 -0.178249 -0.178249 -0.178249 -0.178249 -0.178249 -0.178249 -0.178249 -0.178249 -0.178249 -0.178249 -0.178249 -0.178249 -0.178249 -0.178249 -0.178249 -0.178249 -0.178249 -0.178249 -0.178249 -0.178249 -0.178249 -0.178249 -0.178249 -0.178249 -0.178249 -0.178249 -0.178249 -0.178249 -0.178249 -0.178249 -0.178249 -0.178249 -0.178249 -0.178249 -0.178249 -0.178249 -0.178249 -0.178249 -0.178249 -0.178249 -0.178249 -0.178249 -0.178249 -0.178249 -0.178249 -0.178249 -0.178249 -0.178249 -0.178249  5.311060  4.250102 -0.104443 -0.178249 -0.178249  7.202335  2.820113 -0.159797 -0.178249 -0.178249 -0.178249 -0.178249 -0.178249 -0.178249 -0.178249 -0.178249 -0.178249 -0.178249 -0.178249 -0.178249 -0.178249 -0.178249 -0.178249 -0.178249 -0.178249 -0.178249 -0.178249 -0.178249 -0.178249 -0.178249 -0.178249 -0.178249 -0.178249  1.759154  7.386850 -0.141346 -0.178249 -0.178249 -0.178249 -0.178249  3.567398  8.752258  1.399351 -0.122894 -0.178249 -0.178249 -0.178249 -0.178249 -0.178249 -0.178249 -0.178249 -0.178249 -0.178249 -0.178249 -0.178249 -0.178249 -0.178249 -0.178249 -0.178249 -0.178249 -0.178249 -0.178249 -0.178249 -0.178249 -0.178249 -0.178249 -0.178249  2.589470  7.571364 -0.141346 -0.178249 -0.178249 -0.178249 
Shapelet   3  -0.219641 -0.219641 -0.219641 -0.219641 -0.219641 -0.219641 -0.219641 -0.219641 -0.219641 -0.219641 -0.219641 -0.219641 -0.219641 -0.219641 -0.219641 -0.219641 -0.219641 -0.219641 -0.219641 -0.219641 -0.219641 -0.219641 -0.219641 -0.219641 -0.219641 -0.219641 -0.219641 -0.219641 -0.219641 -0.219641 -0.219641 -0.219641 -0.219641 -0.219641 -0.219641 -0.219641 -0.219641 -0.219641 -0.219641 -0.219641 -0.219641 -0.219641 -0.219641 -0.219641 -0.219641 -0.219641 -0.219641 -0.219641 -0.219641 -0.219641 -0.219641 -0.219641 -0.219641 -0.219641 -0.219641 -0.219641 -0.219641 -0.219641 -0.219641 -0.219641 -0.219641 -0.219641 -0.219641 -0.219641 -0.219641 -0.219641 -0.219641 -0.219641 -0.219641 -0.219641 -0.219641 -0.219641 -0.219641 -0.219641 -0.219641 -0.219641 -0.219641 -0.219641 -0.219641 -0.219641 -0.219641 -0.219641 -0.219641 -0.219641 -0.219641 -0.219641 -0.219641 -0.219641 -0.219641 -0.219641 -0.219641 -0.219641 -0.219641 -0.219641 -0.219641 -0.219641 -0.219641 -0.219641 -0.219641 -0.219641 -0.219641 -0.219641 -0.219641 -0.219641 -0.219641 -0.219641 -0.219641 -0.219641 -0.219641 -0.219641 -0.219641 -0.219641 -0.219641 -0.219641 -0.219641 -0.219641 -0.219641 -0.219641 -0.219641 -0.219641 -0.219641 -0.219641 -0.219641 -0.219641 -0.219641 -0.219641 -0.219641 -0.219641 -0.219641 -0.219641  4.605021  4.605021  4.605021  4.605021 -0.219641 -0.149719 -0.149719 -0.149719 -0.149719 -0.173026  0.759276  0.759276  0.759276  0.759276 -0.219641  0.153280  0.153280  0.153280  0.153280 -0.149719 -0.196334 -0.196334 -0.196334 -0.196334 -0.196334 -0.219641 -0.219641 -0.219641 -0.219641 -0.219641 -0.219641 -0.219641 -0.219641 -0.219641 -0.219641 -0.219641 -0.219641 -0.219641 -0.219641 -0.219641 -0.219641 -0.219641 -0.219641 -0.219641 -0.219641 -0.219641 -0.219641 -0.219641 -0.219641 -0.219641 -0.219641 -0.219641 -0.219641 -0.219641 -0.219641  4.395253  4.395253  4.395253  4.395253 -0.219641 -0.126411 -0.126411 -0.126411 -0.126411 -0.126411 -0.219641 -0.219641 -0.219641 -0.219641 -0.219641 -0.219641 -0.219641 -0.219641 -0.219641 -0.219641 -0.219641 -0.219641 -0.219641 -0.219641 -0.219641 -0.219641 -0.219641 -0.219641 -0.219641 -0.219641 -0.219641 -0.219641 -0.219641 -0.219641 -0.219641  2.390804  2.390804  2.390804  2.390804 -0.219641  0.409663  0.409663  0.409663  0.409663 -0.196334 -0.196334 -0.196334 -0.196334 -0.196334 -0.196334 -0.219641 -0.219641 
Shapelet   4  -0.065558 -0.065558 -0.065558 -0.065558 -0.065558 -0.065558 -0.065558 -0.065558 -0.065558 -0.065558 -0.065558 -0.065558 -0.065558 -0.065558 -0.065558 -0.065558 -0.065558 -0.065558 -0.065558 -0.065558 -0.065558 -0.065558 -0.065558 -0.065558 -0.065558 -0.065558 -0.065558 -0.065558 -0.065558 -0.065558 -0.065558 -0.065558 -0.065558 -0.065558 -0.065558 -0.065558 -0.065558 -0.065558 -0.065558 -0.065558 -0.065558 -0.065558 -0.065558 -0.065558 -0.065558 -0.065558 -0.065558 -0.065558 -0.065558 -0.065558 -0.065558 -0.065558 -0.065558 -0.065558 -0.065558 -0.065558 -0.065558 -0.065558 -0.065558 -0.065558 -0.065558 -0.065558 -0.065558 -0.065558 -0.065558 -0.065558 -0.065558 -0.065558 -0.065558 -0.065558 -0.065558 -0.065558 -0.065558 -0.065558 -0.065558 -0.065558 -0.065558 -0.065558 -0.065558 -0.065558 -0.065558 -0.065558 -0.065558 -0.065558 -0.065558 -0.065558 -0.065558 -0.065558 -0.065558 -0.065558 -0.065558 -0.065558 -0.065558 -0.065558 -0.065558 -0.065558 -0.065558 -0.065558 -0.065558 -0.065558 -0.065558 -0.065558 -0.065558 -0.065558 -0.065558 -0.065558 -0.065558 -0.065558 -0.065558 -0.065558 -0.065558 -0.065558 -0.065558 -0.065558 -0.065558 -0.065558 -0.065558 -0.065558 -0.065558 -0.065558 -0.065558 -0.065558 -0.065558 -0.065558 -0.065558 -0.065558 -0.065558 -0.065558 -0.065558 -0.065558 -0.065558 -0.065558 -0.065558 -0.065558 -0.065558 -0.065558 -0.065558 -0.065558 -0.065558 -0.065558 -0.065558 -0.065558 -0.065558 -0.065558 -0.065558 -0.065558 -0.065558 -0.065558 -0.065558 -0.065558 -0.065558 -0.065558 -0.065558 -0.065558 -0.065558 -0.065558 -0.065558 -0.065558 -0.065558 -0.065558 -0.065558 -0.065558 -0.065558 -0.065558 -0.065558 -0.065558 -0.065558 -0.065558 -0.065558 -0.065558 -0.065558 -0.065558 -0.065558 -0.065558 -0.065558 -0.065558 -0.065558 -0.065558 -0.065558 -0.065558 -0.065558 -0.065558 -0.065558 -0.065558 -0.065558 -0.065558 -0.065558 -0.065558 -0.065558 19.676667 16.087172  1.011291 -0.065558  8.100544  1.818927  0.113917 -0.065558 -0.065558 -0.065558 -0.065558 -0.065558 -0.065558 -0.065558 -0.065558 -0.065558 -0.065558 -0.065558 -0.065558 -0.065558 -0.065558 -0.065558 -0.065558 -0.065558 -0.065558 -0.065558 -0.065558 -0.065558 -0.065558 -0.065558 -0.065558 -0.065558 -0.065558 -0.065558 -0.065558 -0.065558 -0.065558 -0.065558 -0.065558 -0.065558 -0.065558 -0.065558 -0.065558 -0.065558 -0.065558 -0.065558 -0.065558 -0.065558 -0.065558 -0.065558 -0.065558 -0.065558 -0.065558 -0.065558 -0.065558 -0.065558 -0.065558 -0.065558 -0.065558 -0.065558 -0.065558 -0.065558 -0.065558 -0.065558 -0.065558 -0.065558 -0.065558 -0.065558 -0.065558 -0.065558 -0.065558 -0.065558 -0.065558 -0.065558 -0.065558 -0.065558 -0.065558 -0.065558 -0.065558 -0.065558 -0.065558 -0.065558 -0.065558 -0.065558 -0.065558 -0.065558 -0.065558 -0.065558 -0.065558 -0.065558 -0.065558 -0.065558 -0.065558 -0.065558 -0.065558 -0.065558 -0.065558 -0.065558 -0.065558 -0.065558 -0.065558 -0.065558 -0.065558 -0.065558 -0.065558 -0.065558 -0.065558 -0.065558 -0.065558 -0.065558 -0.065558 -0.065558 -0.065558 -0.065558 -0.065558 -0.065558 -0.065558 -0.065558 -0.065558 -0.065558 -0.065558 -0.065558 -0.065558 -0.065558 -0.065558 -0.065558 -0.065558 -0.065558 -0.065558 -0.065558 -0.065558 -0.065558 -0.065558 -0.065558 -0.065558 -0.065558 -0.065558 -0.065558 -0.065558 -0.065558 -0.065558 -0.065558 -0.065558 -0.065558 -0.065558 -0.065558 -0.065558 -0.065558 -0.065558 -0.065558 -0.065558 -0.065558 -0.065558 -0.065558 -0.065558 -0.065558 -0.065558 -0.065558 -0.065558 -0.065558 -0.065558 -0.065558 -0.065558 -0.065558 -0.065558 -0.065558 -0.065558 -0.065558 -0.065558 -0.065558 -0.065558 -0.065558 -0.065558 -0.065558 -0.065558 -0.065558 -0.065558 -0.065558 -0.065558 -0.065558 -0.065558 -0.065558 -0.065558 -0.065558 -0.065558 -0.065558 -0.065558 -0.065558 -0.065558 -0.065558 -0.065558 -0.065558 -0.065558 -0.065558 -0.065558 -0.065558 -0.065558 -0.065558 -0.065558 -0.065558 -0.065558 -0.065558 -0.065558 -0.065558 -0.065558 -0.065558 -0.065558 -0.065558 -0.065558 -0.065558 -0.065558 -0.065558 -0.065558 -0.065558 -0.065558 -0.065558 -0.065558 -0.065558 -0.065558 -0.065558 -0.065558 -0.065558 -0.065558 -0.065558 -0.065558 -0.065558 -0.065558 -0.065558 -0.065558 -0.065558 -0.065558 -0.065558 -0.065558 -0.065558 -0.065558 -0.065558 -0.065558 -0.065558 -0.065558 -0.065558 -0.065558 -0.065558 -0.065558 -0.065558 -0.065558 -0.065558 -0.065558 -0.065558 -0.065558 -0.065558 -0.065558 -0.065558 -0.065558 -0.065558 -0.065558 -0.065558 -0.065558 -0.065558 -0.065558 -0.065558 -0.065558 -0.065558 -0.065558 -0.065558 -0.065558 -0.065558 -0.065558 -0.065558 -0.065558 -0.065558 -0.065558 -0.065558 -0.065558 -0.065558 -0.065558 -0.065558 -0.065558 -0.065558 -0.065558 -0.065558 -0.065558 -0.065558 -0.065558 -0.065558 -0.065558 -0.065558 -0.065558 -0.065558 -0.065558 -0.065558 -0.065558 -0.065558 -0.065558 -0.065558 -0.065558 -0.065558 -0.065558 -0.065558 -0.065558 -0.065558 -0.065558 -0.065558 -0.065558 -0.065558 -0.065558 -0.065558 -0.065558 -0.065558 -0.065558 -0.065558 -0.065558 -0.065558 -0.065558 -0.065558 -0.065558 -0.065558 -0.065558 -0.065558 -0.065558 -0.065558 -0.065558 -0.065558 -0.065558 -0.065558 -0.065558 -0.065558 -0.065558 -0.065558 -0.065558 -0.065558 -0.065558 -0.065558 -0.065558 -0.065558 -0.065558 -0.065558 -0.065558 -0.065558 -0.065558 -0.065558 -0.065558 -0.065558 -0.065558 -0.065558 -0.065558 -0.065558 -0.065558 -0.065558 -0.065558 -0.065558 -0.065558 -0.065558 -0.065558 -0.065558 -0.065558 -0.065558 -0.065558 -0.065558 -0.065558 -0.065558 -0.065558 -0.065558 -0.065558 -0.065558 -0.065558 -0.065558 -0.065558 -0.065558 -0.065558 
Shapelet   5  -0.087278 -0.087278 -0.052977 -0.087278 -0.087278 -0.052977 -0.087278 -0.087278 -0.052977 -0.087278 -0.087278 -0.052977 -0.087278 -0.087278 -0.052977 -0.087278 -0.087278 -0.087278 -0.052977 -0.087278 -0.087278 -0.052977 -0.087278 -0.087278 -0.052977 -0.087278 -0.087278 -0.052977 -0.087278 -0.087278 -0.052977 -0.087278 -0.087278 -0.052977 -0.087278 -0.087278 -0.087278 -0.052977 -0.087278 -0.087278 -0.052977 -0.087278 -0.087278 -0.052977 -0.087278 -0.087278 -0.052977 -0.087278 -0.087278 -0.052977 -0.087278 -0.052977 -0.087278 -0.087278 -0.052977 -0.087278 -0.087278 -0.052977 -0.087278 -0.087278 -0.052977 -0.087278 -0.087278 -0.087278 -0.052977 -0.087278 -0.087278 -0.052977 -0.087278 -0.087278 -0.052977 -0.087278 -0.087278 -0.052977 -0.087278 -0.087278 -0.052977 -0.087278 -0.087278 -0.052977 -0.087278 -0.087278 -0.052977 -0.087278 -0.087278 -0.052977 -0.087278 -0.087278 -0.087278 -0.052977 -0.087278 -0.087278 -0.052977 -0.087278 -0.087278 -0.052977 -0.087278 -0.087278 -0.052977 -0.087278 -0.087278 -0.052977 -0.087278 -0.087278 -0.052977 -0.087278 -0.087278 -0.052977 -0.087278 -0.052977 -0.087278 -0.087278 -0.052977 -0.087278 -0.087278 -0.087278 -0.052977 -0.087278 -0.052977 -0.087278 -0.087278 -0.052977 -0.087278 -0.087278 -0.052977 -0.087278 -0.087278 -0.052977 -0.087278 -0.087278 -0.052977 -0.087278 -0.087278 -0.052977 -0.087278 -0.087278 -0.052977 -0.087278 -0.087278 -0.052977 -0.087278 -0.087278 -0.052977 -0.087278 -0.052977 -0.087278 -0.087278 -0.052977 -0.087278 -0.052977 -0.087278 -0.087278 -0.052977 -0.087278 -0.087278 -0.052977 -0.087278 -0.052977 -0.087278 -0.087278 -0.052977 -0.087278 -0.087278 -0.052977 -0.087278 -0.087278 -0.052977 -0.087278 -0.052977 -0.087278 -0.087278 -0.087278 -0.052977 -0.087278 -0.087278 -0.052977 -0.087278 -0.087278 -0.052977 -0.087278 -0.087278 -0.052977 -0.087278 -0.087278 -0.052977 -0.087278 -0.087278 -0.052977 -0.087278 -0.087278 -0.052977 -0.087278 -0.087278 -0.052977 -0.087278 -0.087278 -0.052977 -0.087278 -0.087278 -0.052977 -0.087278 -0.087278 -0.052977 -0.087278 -0.087278 -0.052977 -0.087278 -0.052977 -0.087278 -0.087278 -0.052977 -0.087278 
Shapelet   6  -0.085359 -0.085359 -0.085359 -0.085359 -0.085359 -0.085359 -0.085359 -0.085359 -0.085359 -0.085359 -0.085359 -0.085359 -0.085359 -0.085359 -0.085359 -0.085359 -0.085359 -0.085359 -0.085359 -0.085359 -0.085359 -0.085359 -0.085359 -0.085359 -0.085359 -0.085359 -0.085359 -0.085359 -0.085359 -0.085359 -0.085359 -0.085359 -0.085359 -0.085359 -0.085359 -0.085359 -0.085359 -0.085359 -0.085359 -0.085359 -0.085359 -0.085359 -0.085359 -0.085359 -0.085359 -0.085359 -0.085359 -0.085359 -0.085359 -0.085359 -0.085359 -0.085359 -0.085359 -0.085359 -0.085359 -0.085359 -0.085359 -0.085359 -0.085359 -0.085359 -0.085359 -0.085359 -0.085359 -0.085359 -0.085359 -0.085359 -0.085359 -0.085359 -0.085359 -0.085359 -0.085359 -0.085359 -0.085359 -0.085359 -0.085359 -0.085359 -0.085359 -0.085359 -0.085359 -0.085359 -0.085359 -0.085359 -0.085359 -0.085359 -0.085359 -0.085359 -0.085359 -0.085359 -0.085359 -0.085359 -0.085359 -0.085359 -0.085359 -0.085359 -0.085359 -0.085359 -0.085359 -0.085359 -0.085359 -0.085359 -0.085359 -0.085359 -0.085359 -0.085359 -0.085359 -0.085359 -0.085359 -0.085359 -0.085359 -0.085359 -0.085359 -0.085359 -0.085359 -0.085359 -0.085359 -0.085359 -0.085359 -0.085359 -0.085359 -0.085359 -0.085359 -0.085359 -0.085359 -0.085359 -0.085359 -0.085359 -0.085359 -0.085359 -0.085359 -0.085359 -0.085359 -0.085359 -0.085359 -0.085359 -0.085359 -0.085359 -0.085359 -0.085359 -0.085359 -0.085359 -0.085359 -0.085359 -0.085359 -0.085359 -0.085359 -0.085359 -0.085359 -0.085359 -0.085359 -0.085359 -0.085359 -0.085359 -0.085359 -0.085359 -0.085359 -0.085359 -0.085359 -0.085359 -0.085359 -0.085359 -0.085359 -0.085359 -0.085359 -0.085359 -0.085359 -0.085359 -0.085359 -0.085359 -0.085359 15.611770  4.974046  0.044369 -0.085359 -0.085359 -0.085359 -0.085359 -0.085359 -0.085359 -0.085359 -0.085359 -0.085359 -0.085359 -0.085359 -0.085359 -0.085359 -0.085359 -0.085359 -0.085359 -0.085359 -0.085359 -0.085359 -0.085359 -0.085359 -0.085359 -0.085359 -0.085359 -0.085359 -0.085359 -0.085359 -0.085359 -0.085359 -0.085359 -0.085359 -0.085359 -0.085359 -0.085359 -0.085359 -0.085359 -0.085359 -0.085359 -0.085359 -0.085359 -0.085359 -0.085359 -0.085359  7.455100 10.714525 -0.020495 -0.085359 -0.085359 -0.085359 -0.085359 -0.085359 -0.085359 -0.085359 -0.085359 -0.085359 -0.085359 -0.085359 -0.085359 -0.085359 -0.085359 -0.085359 -0.085359 -0.085359 -0.085359 -0.085359 -0.085359 -0.085359 -0.085359 -0.085359 -0.085359 -0.085359 -0.085359 -0.085359 -0.085359 -0.085359 -0.085359 -0.085359 -0.085359 -0.085359 -0.085359 -0.085359 -0.085359 -0.085359 -0.085359 -0.085359 -0.085359 -0.085359 -0.085359 -0.085359 -0.085359 -0.085359 -0.085359 -0.085359 -0.085359 -0.085359 -0.085359 -0.085359 -0.085359 -0.085359 -0.085359 -0.085359 -0.085359 -0.085359 -0.085359 -0.085359 -0.085359 -0.085359 -0.085359 -0.085359 -0.085359 -0.085359 -0.085359 -0.085359 -0.085359 -0.085359 -0.085359 -0.085359 -0.085359 -0.085359 -0.085359 -0.085359 -0.085359 -0.085359 -0.085359 -0.085359 -0.085359 -0.085359 -0.085359 -0.085359 -0.085359 -0.085359 -0.085359 -0.085359 -0.085359 -0.085359 -0.085359 -0.085359 -0.085359 -0.085359 -0.085359 -0.085359 -0.085359 -0.085359 -0.085359 -0.085359 -0.085359 -0.085359 -0.085359 -0.085359 -0.085359 -0.085359 -0.085359 -0.085359 -0.085359 -0.085359 -0.085359 -0.085359 -0.085359 -0.085359 -0.085359 -0.085359 -0.085359 -0.085359 -0.085359 -0.085359 -0.085359 -0.085359 -0.085359 -0.085359 -0.085359 -0.085359 -0.085359 -0.085359 -0.085359 -0.085359 -0.085359 -0.085359 -0.085359 -0.085359 -0.085359 -0.085359 -0.085359 -0.085359 -0.085359 -0.085359 -0.085359 -0.085359 -0.085359 -0.085359 -0.085359 -0.085359 -0.085359 -0.085359 -0.085359 -0.085359 -0.085359 -0.085359 -0.085359 -0.085359 -0.085359 -0.085359 -0.085359 -0.085359 -0.085359 -0.085359 -0.085359 -0.085359 -0.085359 -0.085359 -0.085359 -0.085359 -0.085359 -0.085359 -0.085359 -0.085359 -0.085359 -0.085359 -0.085359 -0.085359 -0.085359 -0.085359 -0.085359 -0.085359 -0.085359 -0.085359 -0.085359 -0.085359 -0.085359 -0.085359 -0.085359 -0.085359 -0.085359 -0.085359 -0.085359 -0.085359 -0.085359 -0.085359 -0.085359 -0.085359 -0.085359 -0.085359 -0.085359 -0.085359 -0.085359 -0.085359 -0.085359 -0.085359 -0.085359 -0.085359 -0.085359 -0.085359 -0.085359 -0.085359 -0.085359 -0.085359 -0.085359 -0.085359 -0.085359 -0.085359 -0.085359 -0.085359 -0.085359 -0.085359 -0.085359 -0.085359 -0.085359 -0.085359 -0.085359 -0.085359 -0.085359 -0.085359 -0.085359 -0.085359 -0.085359 -0.085359 -0.085359 -0.085359 -0.085359 -0.085359 -0.085359 -0.085359 -0.085359 -0.085359 -0.085359 -0.085359 -0.085359 -0.085359 -0.085359 -0.085359 -0.085359 -0.085359 -0.085359 -0.085359 -0.085359 -0.085359 -0.085359 -0.085359 -0.085359 -0.085359 -0.085359 -0.085359 -0.085359 -0.085359 -0.085359 -0.085359 -0.085359 -0.085359 -0.085359 -0.085359 -0.085359 -0.085359 -0.085359 -0.085359 -0.085359 -0.085359 -0.085359 -0.085359 -0.085359 -0.085359 -0.085359 -0.085359 -0.085359 -0.085359 -0.085359 -0.085359 -0.085359 -0.085359 -0.085359 -0.085359 -0.085359 -0.085359 -0.085359 -0.085359 -0.085359 -0.085359 -0.085359 -0.085359 -0.085359 -0.085359 -0.085359 -0.085359 -0.085359 -0.085359 -0.085359 -0.085359 -0.085359 -0.085359 -0.085359 -0.085359 -0.085359 -0.085359 -0.085359 -0.085359 -0.085359 -0.085359 -0.085359 -0.085359 -0.085359 -0.085359 -0.085359 -0.085359 -0.085359 -0.085359 -0.085359 -0.085359 -0.085359 -0.085359 -0.085359 -0.085359 -0.085359 -0.085359 -0.085359 -0.085359 -0.085359 -0.085359 -0.085359 -0.085359 -0.085359 -0.085359 -0.085359 -0.085359 -0.085359 -0.085359 -0.085359 -0.085359 -0.085359 -0.085359 -0.085359 -0.085359 -0.085359 -0.085359 -0.085359 -0.085359 -0.085359 -0.085359 -0.085359 -0.085359 -0.085359 -0.085359 -0.085359 -0.085359 -0.085359 -0.085359 -0.085359 -0.085359 -0.085359 -0.085359 -0.085359 -0.085359 -0.085359 -0.085359 -0.085359 -0.085359 -0.085359 -0.085359 -0.085359 -0.085359 -0.085359 -0.085359 -0.085359 -0.085359 -0.085359 -0.085359 -0.085359 -0.085359 -0.085359 -0.085359 -0.085359 -0.085359 -0.085359 -0.085359 -0.085359 -0.085359 -0.085359 -0.085359 -0.085359 -0.085359 -0.085359 -0.085359 -0.085359 -0.085359 -0.085359 -0.085359 -0.085359 -0.085359 -0.085359 -0.085359 -0.085359 -0.085359 -0.085359 15.255017 
Shapelet   7  -0.114787 -0.114787 -0.114787 -0.114787 -0.114787 -0.114787 -0.114787 -0.114787 -0.114787 -0.114787 -0.114787 -0.114787 -0.114787 -0.114787 -0.114787 -0.114787 -0.114787 -0.114787 -0.114787 -0.114787 -0.114787 -0.114787 -0.114787 -0.114787 -0.114787 -0.114787 -0.114787 -0.114787 -0.114787 -0.114787 -0.114787 -0.114787 -0.114787 -0.114787 -0.114787 -0.114787 -0.114787 -0.114787 -0.114787 -0.114787 -0.114787 -0.114787 -0.114787 -0.114787 -0.114787 -0.114787 -0.114787 -0.114787 -0.114787 -0.114787 -0.114787 -0.114787 -0.114787 -0.114787 -0.114787 -0.114787 -0.114787 -0.114787 -0.114787 -0.114787 -0.114787 -0.114787 -0.114787 -0.114787 -0.114787 -0.114787 -0.114787 -0.114787 -0.114787 -0.114787 -0.114787 -0.114787 -0.114787 -0.114787 -0.114787 -0.114787 -0.114787 -0.114787 -0.114787 -0.114787 -0.114787 -0.114787 -0.114787 -0.114787 -0.114787 -0.114787 -0.114787 -0.114787 -0.114787 -0.114787 -0.114787 -0.114787 -0.114787 -0.114787 -0.114787 -0.114787 -0.114787 -0.114787 -0.114787 -0.114787 -0.114787 -0.114787 -0.114787 -0.114787 -0.114787 -0.114787 -0.114787 -0.114787 -0.114787 -0.114787 -0.114787 -0.114787 -0.114787 -0.114787 -0.114787 -0.114787 -0.114787 -0.114787 -0.114787 -0.114787 -0.114787 -0.114787 -0.114787 -0.114787 -0.114787 -0.114787 -0.114787 -0.114787 -0.114787 -0.114787 -0.114787 -0.114787 -0.114787 -0.114787 -0.114787 -0.114787 -0.114787 -0.114787 -0.114787 -0.114787 -0.114787 -0.114787 -0.114787 -0.114787 -0.114787 -0.114787 -0.114787 -0.114787 -0.114787 -0.114787 -0.114787 -0.114787 -0.114787 -0.114787 -0.114787 -0.114787 -0.114787 -0.114787 -0.114787 -0.114787 -0.114787 -0.114787 -0.114787 -0.114787 -0.114787 -0.114787 -0.114787 -0.114787 -0.114787 -0.114787 -0.114787 -0.114787 -0.114787 -0.114787 -0.114787 -0.114787 -0.114787 -0.114787 -0.114787 -0.114787 -0.114787 -0.114787 -0.114787 -0.114787 -0.114787 -0.114787 -0.114787 -0.114787 -0.114787 -0.114787 -0.114787 -0.114787  5.248550  6.346756  0.191690 -0.114787 -0.114787 -0.114787 -0.114787 -0.114787 -0.114787 -0.114787 -0.114787 -0.114787 -0.114787 -0.114787 -0.114787 -0.114787 -0.114787 -0.114787 -0.114787 -0.114787 -0.114787 -0.114787 -0.114787 -0.114787 -0.114787 -0.114787 -0.114787 -0.114787 -0.114787 -0.114787  9.181663  8.185614  4.737755  0.600325 -0.063707 -0.114787 -0.114787 -0.114787 -0.114787 -0.114787 -0.114787 -0.114787 -0.114787 -0.114787 -0.114787 -0.114787 -0.114787 -0.114787  4.993152  8.517631  6.065820  2.388104 -0.063707 -0.114787 -0.114787 -0.114787 -0.114787 -0.114787 -0.114787 -0.114787 -0.114787 -0.114787 -0.114787 -0.114787 -0.114787 -0.114787 -0.114787 -0.114787 -0.114787 -0.114787 -0.114787 -0.114787 -0.114787 -0.114787 -0.114787 -0.114787 -0.114787 -0.114787 -0.114787 -0.114787 -0.114787 -0.114787 -0.114787 -0.114787 -0.114787 -0.114787 -0.114787 -0.114787 -0.114787 -0.114787 -0.114787 -0.114787 -0.114787 -0.114787 -0.114787 -0.114787 -0.114787 -0.114787 -0.114787 -0.114787 -0.114787 -0.114787 -0.114787 -0.114787 -0.114787 -0.114787 -0.114787 -0.114787 -0.114787 -0.114787 -0.114787 -0.114787 -0.114787 -0.114787 -0.114787 -0.114787 -0.114787 -0.114787 -0.114787 -0.114787 -0.114787 -0.114787 -0.114787 -0.114787 -0.114787 -0.114787 -0.114787 -0.114787 -0.114787 -0.114787 -0.114787 -0.114787 -0.114787 -0.114787 -0.114787 -0.114787 -0.114787 -0.114787 -0.114787 -0.114787 -0.114787 -0.114787 -0.114787 -0.114787 -0.114787 -0.114787 -0.114787 -0.114787 -0.114787 -0.114787 -0.114787 -0.114787 -0.114787 -0.114787 -0.114787 -0.114787 -0.114787 -0.114787 -0.114787 -0.114787 -0.114787 -0.114787 -0.114787 -0.114787 -0.114787 -0.114787 -0.114787 -0.114787 -0.114787 -0.114787 -0.114787 -0.114787 -0.114787 -0.114787 -0.114787 -0.114787 -0.114787 -0.114787 -0.114787 -0.114787 -0.114787 -0.114787 -0.114787 -0.114787 -0.114787 -0.114787 -0.114787 -0.114787 -0.114787 -0.114787 -0.114787 -0.114787 -0.114787 -0.114787 -0.114787 -0.114787 -0.114787 -0.114787 -0.114787 -0.114787 -0.114787 -0.114787 -0.114787 -0.114787 -0.114787 -0.114787 -0.114787 -0.114787 -0.114787 -0.114787 -0.114787 -0.114787 -0.114787 -0.114787 -0.114787 -0.114787 -0.114787 -0.114787 -0.114787 -0.114787 -0.114787 -0.114787 -0.114787 -0.114787 -0.114787 -0.114787 -0.114787 -0.114787 -0.114787 -0.114787 -0.114787 -0.114787 -0.114787 -0.114787 -0.114787 -0.114787 -0.114787 -0.114787 -0.114787 -0.114787 -0.114787 -0.114787 -0.114787 -0.114787 -0.114787 -0.114787 -0.114787 -0.114787 -0.114787 -0.114787 -0.114787 -0.114787 -0.114787 -0.114787 -0.114787 -0.114787 -0.114787 -0.114787 -0.114787 -0.114787 -0.114787 -0.114787 -0.114787 -0.114787 -0.114787 -0.114787 -0.114787 -0.114787 -0.114787 -0.114787 -0.114787 -0.114787 -0.114787 -0.114787 -0.114787 -0.114787 -0.114787 -0.114787 -0.114787 -0.114787 -0.114787 -0.114787 -0.114787 -0.114787 -0.114787 -0.114787 -0.114787 -0.114787 -0.114787 -0.114787 -0.114787 -0.114787 -0.114787 -0.114787 -0.114787 -0.114787 -0.114787 -0.114787 -0.114787 -0.114787 -0.114787 -0.114787 -0.114787 -0.114787 -0.114787 -0.114787 -0.114787 -0.114787 -0.114787 -0.114787 -0.114787 -0.114787 -0.114787 -0.114787 -0.114787 -0.114787 -0.114787 -0.114787 -0.114787 -0.114787 -0.114787 -0.114787 -0.114787 -0.114787 -0.114787 -0.114787 -0.114787 -0.114787 -0.114787 -0.114787 -0.114787 -0.114787 -0.114787 -0.114787 -0.114787 -0.114787 -0.114787 -0.114787 -0.114787 -0.114787 -0.114787 -0.114787 -0.114787 -0.114787 -0.114787 -0.114787 -0.114787 -0.114787 -0.114787 -0.114787 -0.114787 -0.114787 -0.114787 -0.114787 -0.114787 -0.114787 -0.114787 -0.114787 -0.114787 -0.114787 -0.114787 -0.114787 -0.114787 -0.114787 -0.114787 -0.114787 -0.114787 -0.114787 -0.114787 -0.114787 -0.114787 -0.114787 -0.114787 -0.114787 -0.114787 -0.114787 -0.114787 -0.114787 -0.114787 -0.114787 -0.114787 -0.114787 -0.114787 -0.114787 -0.114787 -0.114787 -0.114787 -0.114787 -0.114787 -0.114787 -0.114787 -0.114787 -0.114787 -0.114787 -0.114787 -0.114787 -0.114787 -0.114787 -0.114787 -0.114787 -0.114787 -0.114787 -0.114787 -0.114787 -0.114787 -0.114787 -0.114787 -0.114787 -0.114787 -0.114787 -0.114787 -0.114787 -0.114787 -0.114787 -0.114787 -0.114787 -0.114787 -0.114787 -0.114787 -0.114787 -0.114787 -0.114787 -0.114787 -0.114787 -0.114787 -0.114787 -0.114787 -0.114787 -0.114787 -0.114787 -0.114787 -0.114787 -0.114787 -0.114787 -0.114787 -0.114787 15.975222  8.517631 -0.012628 -0.114787 -0.114787 -0.114787 -0.114787 -0.114787 -0.114787 -0.114787 -0.114787 -0.114787 -0.114787 -0.114787 -0.114787 -0.114787 -0.114787 -0.114787 -0.114787 -0.114787 -0.114787 -0.114787 -0.114787 -0.114787 -0.114787 -0.114787 -0.114787 -0.114787 -0.114787 -0.114787 -0.114787 -0.114787 -0.114787 -0.114787 -0.114787 -0.114787 -0.114787 -0.114787 -0.114787 -0.114787 -0.114787 -0.114787 -0.114787 -0.114787 -0.114787 -0.114787 
Shapelet  11  -0.128456 -0.128456 -0.128456 -0.128456 -0.128456 -0.128456 -0.128456  7.679753  2.759668 -0.082794 -0.128456 -0.128456 -0.128456 -0.128456 -0.128456 -0.128456 
Shapelet  12  -0.081304 -0.081304 -0.081304 -0.081304 -0.081304 -0.081304 -0.081304 -0.081304 -0.081304 -0.081304 -0.081304 -0.081304 -0.081304 -0.081304 -0.081304 -0.081304 -0.081304 -0.081304 -0.081304 -0.081304 -0.081304 -0.081304 -0.081304 -0.081304 -0.081304 -0.081304 -0.081304 -0.081304 -0.081304 -0.081304 -0.081304 -0.081304 -0.081304 -0.081304 -0.081304 -0.081304 -0.081304 -0.081304 -0.081304 -0.081304 -0.081304 -0.081304 -0.081304 -0.081304 -0.081304 -0.081304 -0.081304 -0.081304 -0.081304 -0.081304 -0.081304 -0.081304 -0.081304 -0.081304 -0.081304 -0.081304 -0.081304 -0.081304 -0.081304 -0.081304 -0.081304 -0.081304 -0.081304 -0.081304 -0.081304 -0.081304 -0.081304 -0.081304 -0.081304 -0.081304 -0.081304 -0.081304 -0.081304 -0.081304 -0.081304 -0.081304 -0.081304 -0.081304 -0.081304 -0.081304 -0.081304 -0.081304 -0.081304 -0.081304 -0.081304 -0.081304 -0.081304 -0.081304 -0.081304 -0.081304 -0.081304 -0.081304 -0.081304 -0.081304 -0.081304 -0.081304 -0.081304 -0.081304 -0.081304 -0.081304 -0.081304 -0.081304 -0.081304 -0.081304 -0.081304 -0.081304 -0.081304 -0.081304 -0.081304 -0.081304 -0.081304 -0.081304 -0.081304 -0.081304 -0.081304 -0.081304 -0.081304 -0.081304 -0.081304 -0.081304 -0.081304 -0.081304 -0.081304 -0.081304 -0.081304 -0.081304 -0.081304 -0.081304 -0.081304 -0.081304 -0.081304 -0.081304 -0.081304 -0.081304 -0.081304 -0.081304 -0.081304 -0.081304 -0.081304 -0.081304 -0.081304 -0.081304 -0.081304 -0.081304 -0.081304 -0.081304 -0.081304 -0.081304 -0.081304 -0.081304 -0.081304 -0.081304 -0.081304 -0.081304 -0.081304 -0.081304 -0.081304 -0.081304 -0.081304 -0.081304 -0.081304 -0.081304 -0.081304 -0.081304 -0.081304 -0.081304 -0.081304 -0.081304 -0.081304 -0.081304 -0.081304 -0.081304 -0.081304 -0.081304 -0.081304 -0.081304 -0.081304 -0.081304 -0.081304 -0.081304 -0.081304 -0.081304 -0.081304 -0.081304 -0.081304 -0.081304 -0.081304 -0.081304 -0.081304 -0.081304 -0.081304 -0.081304 -0.081304 -0.081304 -0.081304 -0.081304 -0.081304 -0.081304 -0.081304 -0.081304 -0.081304 -0.081304 
Shapelet  13  -0.219641 -0.219641 -0.219641 -0.219641 -0.219641 -0.219641 -0.219641 -0.219641 -0.219641 -0.219641 -0.219641 -0.219641 -0.219641 -0.219641 -0.219641 -0.219641 -0.219641 -0.219641 -0.219641 -0.219641 -0.219641 -0.219641 -0.219641 -0.219641 -0.219641 -0.219641 -0.219641 -0.219641 -0.219641 -0.219641 -0.219641 -0.219641 -0.219641 -0.219641 -0.219641 -0.219641 -0.219641 -0.219641 -0.219641 -0.219641 -0.219641 -0.219641 -0.219641 -0.219641 -0.219641 -0.219641 -0.219641 -0.219641 -0.219641 -0.219641 -0.219641 -0.219641 -0.219641 -0.219641 -0.219641 -0.219641 -0.219641 -0.219641 -0.219641 -0.219641 -0.219641 -0.219641 -0.219641 -0.219641 -0.219641  4.278716  4.278716  4.278716  4.278716 -0.149719  6.073397  6.073397  6.073397  6.073397 -0.196334 -0.126411 -0.126411 -0.126411 -0.126411 -0.126411 -0.219641 -0.219641 -0.219641 -0.219641 -0.219641 -0.219641 -0.219641 -0.219641 -0.219641 -0.219641 -0.219641 -0.219641 -0.219641 -0.219641 -0.219641 -0.219641 -0.219641 -0.219641 -0.219641 -0.219641 -0.219641 -0.219641 -0.219641 -0.219641 -0.219641 -0.219641 -0.219641 -0.219641 -0.219641 -0.219641 -0.219641 -0.219641 -0.219641 -0.219641 -0.219641 -0.219641 -0.219641 -0.219641 -0.219641 -0.219641 -0.219641 -0.219641 -0.219641 -0.219641 -0.219641 -0.219641 -0.219641 -0.219641 -0.219641 -0.219641 -0.219641 -0.219641 -0.219641 -0.219641 -0.219641 -0.219641 -0.219641 -0.219641 -0.219641 -0.219641 -0.219641 -0.219641 -0.219641 -0.219641 -0.219641 -0.219641 -0.219641 -0.219641 -0.219641 -0.219641 -0.219641 -0.219641 -0.219641 -0.219641 -0.219641 -0.219641 -0.219641 -0.219641 -0.219641 -0.219641 -0.219641 -0.219641 -0.219641 -0.219641 -0.219641 -0.219641 -0.219641 -0.219641 -0.219641 -0.219641 -0.219641 -0.219641 -0.219641 -0.219641 -0.219641 -0.219641 -0.219641 -0.219641 -0.219641 -0.219641 -0.219641 -0.219641 -0.219641 -0.219641 -0.219641 -0.219641 -0.219641 -0.219641 -0.219641 -0.219641 -0.219641 -0.219641 -0.219641 -0.219641 -0.219641 -0.219641 -0.219641 -0.219641 -0.219641 -0.219641  7.611695  7.611695  7.611695  7.611695 -0.173026 -0.173026 -0.173026 -0.173026 -0.173026 -0.173026 -0.219641 -0.219641 -0.219641 -0.219641 -0.219641 -0.219641 -0.219641 -0.219641 -0.219641 -0.219641  2.157729  2.157729  2.157729  2.157729 -0.173026 -0.009873 -0.009873 -0.009873 -0.009873 -0.219641 -0.219641 -0.219641 -0.219641 -0.219641 -0.219641 -0.219641 -0.219641 -0.219641 -0.219641 -0.219641 -0.219641 -0.219641 -0.219641 -0.219641 -0.219641 -0.219641 -0.219641 -0.219641 -0.219641 -0.219641 -0.219641 -0.219641 -0.219641 -0.219641 -0.219641 -0.219641 -0.219641 -0.219641 -0.219641 -0.219641 -0.219641 -0.219641 -0.219641 -0.219641 -0.219641 -0.219641 -0.219641 -0.219641 -0.219641 -0.219641 -0.219641 -0.219641 -0.219641 -0.219641 -0.219641 -0.219641 -0.219641 -0.219641 -0.219641 -0.219641 -0.219641 -0.219641 -0.219641 -0.219641 -0.219641 -0.219641 -0.219641 -0.219641 -0.219641 -0.219641 -0.219641 -0.219641 -0.219641 -0.219641 -0.219641 -0.219641 -0.219641 -0.219641 -0.219641 -0.219641 -0.219641 -0.219641 -0.219641 -0.219641 -0.219641 -0.219641 -0.219641 -0.219641 -0.219641 -0.219641 -0.219641 -0.219641 -0.219641 -0.219641 -0.219641 -0.219641 -0.219641 -0.219641 -0.219641 -0.219641 -0.219641 -0.219641 -0.219641 -0.219641 -0.219641 -0.219641 -0.219641 -0.219641 -0.219641 -0.219641 -0.219641 -0.219641 -0.219641 -0.219641 -0.219641 -0.219641 -0.219641 -0.219641 -0.219641 -0.219641 -0.219641 -0.219641 -0.219641 -0.219641 -0.219641 -0.219641 -0.219641 -0.219641 -0.219641 -0.219641 -0.219641 -0.219641 -0.219641 -0.219641 -0.219641 -0.219641 -0.219641 -0.219641 -0.219641 -0.219641 -0.219641 -0.219641 -0.219641 -0.219641 -0.219641 -0.219641 -0.219641 -0.219641 -0.219641 -0.219641 -0.219641 -0.219641 -0.219641 -0.219641 -0.219641 -0.219641 -0.219641 -0.219641 -0.219641 -0.219641 -0.219641 -0.219641 -0.219641 -0.219641 -0.219641 -0.219641 -0.219641 -0.219641 -0.219641 -0.219641 -0.219641 -0.219641 -0.219641 -0.219641 -0.219641 -0.219641 -0.219641 -0.219641 -0.219641 -0.219641 -0.219641 -0.219641 -0.219641 -0.219641 -0.219641 -0.219641 -0.219641 -0.219641 -0.219641 -0.219641 -0.219641 -0.219641 -0.219641 -0.219641 -0.219641 -0.219641 -0.219641 -0.219641 -0.219641 -0.219641 -0.219641 -0.219641 -0.219641 -0.219641 -0.219641 -0.219641 -0.219641 -0.219641 -0.219641 -0.219641 -0.219641 -0.219641 -0.219641 -0.219641 -0.219641  4.605021  4.605021  4.605021  4.605021 -0.219641 -0.149719 -0.149719 -0.149719 -0.149719 -0.173026  0.759276  0.759276  0.759276  0.759276 -0.219641  0.153280  0.153280  0.153280  0.153280 -0.149719 -0.196334 -0.196334 -0.196334 -0.196334 -0.196334 -0.219641 -0.219641 -0.219641 -0.219641 -0.219641 -0.219641 -0.219641 -0.219641 -0.219641 -0.219641 -0.219641 -0.219641 -0.219641 -0.219641 -0.219641 -0.219641 -0.219641 -0.219641 -0.219641 -0.219641 -0.219641 -0.219641 -0.219641 -0.219641 -0.219641 -0.219641 -0.219641 -0.219641 -0.219641 -0.219641  4.395253  4.395253  4.395253  4.395253 -0.219641 -0.126411 -0.126411 -0.126411 -0.126411 -0.126411 -0.219641 -0.219641 -0.219641 -0.219641 -0.219641 -0.219641 -0.219641 -0.219641 -0.219641 -0.219641 -0.219641 -0.219641 -0.219641 -0.219641 -0.219641 -0.219641 -0.219641 -0.219641 -0.219641 -0.219641 -0.219641 -0.219641 -0.219641 -0.219641 -0.219641  2.390804  2.390804  2.390804  2.390804 -0.219641  0.409663  0.409663  0.409663  0.409663 -0.196334 -0.196334 -0.196334 -0.196334 -0.196334 -0.196334 -0.219641 -0.219641 -0.219641 -0.219641 -0.219641 -0.219641 -0.219641 -0.219641 -0.219641 -0.219641 -0.219641 -0.219641 -0.219641 -0.219641 -0.219641 -0.219641 -0.219641 -0.219641 -0.219641 -0.219641 -0.219641 -0.219641 -0.219641 -0.219641 -0.219641 -0.219641 -0.219641 -0.219641 -0.219641 -0.219641 -0.219641 -0.219641 -0.219641 -0.219641 -0.219641 -0.219641 -0.219641 -0.219641 -0.219641 -0.219641 -0.219641 -0.219641 -0.219641 -0.219641 -0.219641  2.553957  2.553957  2.553957  2.553957 -0.219641  0.759276  0.759276  0.759276  0.759276 -0.219641 -0.196334 -0.196334 -0.196334 -0.196334 -0.149719 -0.219641 -0.219641 -0.219641 -0.219641 -0.219641 -0.219641 -0.219641 -0.219641 -0.219641 -0.219641 -0.219641 -0.219641 -0.219641 -0.219641 -0.219641 -0.219641 -0.219641 -0.219641 -0.219641 -0.219641 -0.219641 -0.219641 -0.219641 -0.219641 -0.219641 -0.219641 -0.219641 -0.219641 -0.219641 -0.219641 -0.219641 -0.219641 -0.219641 -0.219641 -0.219641 -0.219641 -0.219641 -0.219641 -0.219641 -0.219641 -0.219641 -0.219641 -0.219641 -0.219641 -0.219641 -0.219641 -0.219641 -0.219641 -0.219641 -0.219641 -0.219641 -0.219641 -0.219641 -0.219641 -0.219641 -0.219641 -0.219641 -0.219641 -0.219641 -0.219641 -0.219641 -0.219641 -0.219641 -0.219641 -0.219641 -0.219641 -0.219641 -0.219641 -0.219641 -0.219641 -0.219641 -0.219641 -0.219641 -0.219641 -0.219641 -0.219641 -0.219641 -0.219641 -0.219641 -0.219641 -0.219641 -0.219641 -0.219641 -0.219641 -0.219641 -0.219641 -0.219641 -0.219641 -0.219641 -0.219641 -0.219641 -0.219641 -0.219641 -0.219641 -0.219641 -0.219641 -0.219641 -0.219641 -0.219641 -0.219641 -0.219641 -0.219641 -0.219641 -0.219641 -0.219641 -0.219641 -0.219641 -0.219641 -0.219641 -0.219641 -0.219641 -0.219641 -0.219641 
Shapelet  14  -0.097864 -0.064390 -0.097864 -0.064390 -0.064390 -0.097864 -0.064390 -0.097864 -0.064390 -0.064390 -0.097864 -0.064390 -0.097864 -0.064390 -0.064390 -0.097864 -0.064390 -0.097864 -0.064390 -0.064390 -0.097864 -0.064390 -0.097864 -0.064390 -0.064390 -0.097864 -0.064390 -0.097864 -0.064390 -0.064390 -0.097864 -0.064390 -0.097864 -0.064390 -0.064390 -0.097864 -0.064390 -0.064390 -0.097864 -0.064390 -0.097864 -0.064390 -0.064390 -0.097864 -0.064390 -0.097864 -0.064390 -0.064390 -0.097864 -0.064390 -0.064390 -0.097864 -0.064390 -0.097864 -0.064390 -0.064390 -0.097864 -0.064390 -0.064390 -0.097864 -0.064390 -0.064390 -0.097864 -0.064390 -0.097864 -0.064390 -0.097864 -0.064390 -0.097864 -0.064390 -0.064390 -0.097864 -0.064390 -0.097864 -0.064390 -0.097864 -0.064390 -0.064390 -0.097864 -0.064390 -0.097864 -0.064390 -0.097864 -0.064390 -0.064390 -0.097864 -0.064390 -0.097864 -0.064390 -0.097864 -0.064390 -0.064390 -0.097864 -0.064390 -0.097864 -0.064390 -0.064390 -0.097864 -0.064390 -0.097864 -0.064390 -0.064390 -0.097864 -0.064390 -0.097864 -0.064390 -0.064390 -0.097864 -0.064390 -0.097864 -0.064390 -0.064390 -0.097864 -0.064390 -0.097864 -0.064390 -0.064390 -0.097864 -0.064390 -0.064390 -0.097864 -0.064390 -0.097864 -0.064390 -0.064390 -0.097864 -0.064390 -0.097864 -0.064390 -0.064390 -0.097864 -0.064390 -0.097864 -0.064390 -0.064390 -0.097864 -0.064390 -0.097864 -0.064390 -0.064390 -0.097864 -0.064390 -0.097864 -0.064390 -0.064390 -0.097864 -0.064390 -0.097864 -0.064390 -0.064390 -0.097864 -0.064390 -0.097864 -0.064390 -0.064390 -0.097864 -0.064390 -0.064390 -0.097864 -0.064390 -0.097864 -0.064390 -0.064390 -0.097864 -0.064390 -0.097864 -0.064390 -0.097864 -0.064390 -0.064390 -0.097864 -0.064390 -0.064390 -0.097864 -0.064390 -0.064390 -0.097864 -0.064390 -0.097864 -0.064390 -0.064390 -0.097864 -0.064390 -0.064390 -0.097864 -0.064390 -0.097864 -0.064390 -0.064390 -0.097864 -0.064390 -0.097864 -0.064390 -0.064390 -0.097864 -0.064390 -0.097864 -0.064390 -0.064390 -0.097864 -0.064390 -0.097864 -0.064390 -0.064390 -0.097864 -0.064390 -0.097864 -0.064390 -0.064390 -0.097864 -0.064390 -0.097864 -0.064390 -0.064390 -0.097864 -0.064390 -0.097864 -0.064390 -0.097864 -0.064390 -0.064390 -0.097864 -0.064390 -0.097864 -0.064390 -0.097864 -0.064390 -0.064390 -0.097864 -0.064390 -0.097864 -0.064390 -0.064390 -0.097864 -0.064390 -0.097864 -0.064390 -0.097864 -0.064390 -0.064390 -0.097864 -0.064390 -0.097864 -0.064390 -0.097864 -0.064390 -0.064390 -0.097864 -0.064390 -0.097864 -0.064390 -0.097864 -0.064390 -0.097864 -0.064390 -0.097864 -0.064390 -0.097864 -0.064390 -0.097864 -0.064390 -0.064390 -0.097864 -0.064390 -0.097864 -0.064390 -0.097864 -0.064390 -0.097864 -0.064390 -0.064390 -0.097864 -0.064390 -0.097864 -0.064390 -0.097864 -0.064390 -0.064390 -0.097864 -0.064390 -0.097864 -0.064390 -0.097864 -0.064390 -0.064390 -0.097864 -0.064390 -0.097864 -0.064390 -0.097864 -0.064390 -0.064390 -0.097864 -0.064390 -0.097864 -0.064390 -0.064390 -0.097864 -0.064390 -0.097864 -0.064390 -0.097864 -0.064390 -0.097864 -0.064390 -0.064390 -0.097864 -0.064390 -0.097864 -0.064390 -0.097864 -0.064390 -0.097864 -0.064390 -0.097864 -0.064390 -0.064390 -0.097864 -0.064390 -0.097864 -0.064390 -0.097864 -0.064390 -0.064390 -0.097864 -0.064390 -0.097864 -0.064390 -0.097864 -0.064390 -0.097864 -0.064390 -0.064390 -0.097864 -0.064390 -0.097864 -0.064390 -0.097864 -0.064390 -0.064390 -0.097864 -0.064390 -0.097864 -0.064390 -0.097864 -0.064390 -0.064390 -0.097864 -0.064390 -0.097864 -0.064390 -0.064390 -0.097864 -0.064390 -0.097864 -0.064390 -0.097864 -0.064390 -0.064390 -0.097864  0.705504 14.463190 13.023822 -0.064390 -0.097864 -0.064390 -0.064390 -0.097864 -0.064390 -0.097864 -0.064390 -0.064390 -0.097864 -0.064390 -0.097864 -0.064390 -0.097864 -0.064390 -0.064390 -0.097864 -0.064390 -0.097864 -0.064390 -0.064390 -0.097864 -0.064390 -0.097864 -0.064390 -0.097864 -0.064390 -0.064390 -0.097864 -0.064390 -0.097864 -0.064390 -0.064390 -0.097864 -0.064390 -0.097864 -0.064390 -0.064390 -0.097864 -0.064390 -0.097864 -0.064390 -0.064390 -0.097864 -0.064390 -0.097864 -0.064390 -0.064390 -0.097864 -0.064390 -0.097864 -0.064390 -0.064390 -0.097864 -0.064390 -0.097864 -0.064390 -0.097864 -0.064390 -0.097864 -0.064390 -0.064390 -0.097864 -0.064390 -0.097864 -0.064390 -0.097864 -0.064390 -0.097864 -0.064390 -0.097864 -0.064390 -0.064390 -0.097864 -0.064390 -0.097864 -0.064390 -0.097864 -0.064390 -0.097864 -0.064390 -0.064390 -0.097864 -0.064390 -0.097864 -0.064390 -0.097864 -0.064390 -0.064390 -0.097864 -0.064390 -0.097864 -0.064390 -0.064390 -0.097864 -0.064390 -0.097864 -0.064390 -0.097864 -0.064390 -0.064390 -0.097864 -0.064390 -0.097864 -0.064390 -0.064390 -0.097864 -0.064390 -0.097864 -0.064390 -0.097864 -0.064390 -0.064390 -0.097864 -0.064390 -0.097864 -0.064390 -0.064390 -0.097864 -0.064390 -0.097864 -0.064390 -0.064390 -0.097864 -0.064390 -0.097864 -0.064390 -0.097864 -0.064390 -0.064390 -0.097864 -0.064390 -0.097864 -0.064390 -0.097864 -0.064390 -0.064390 -0.097864 -0.064390 -0.097864 -0.064390 -0.097864 -0.064390 -0.064390 -0.097864 -0.064390 -0.097864 -0.064390 -0.097864 -0.064390 -0.064390 -0.097864 -0.064390 -0.097864 -0.064390 -0.097864 -0.064390 -0.064390 -0.097864 -0.064390 -0.097864 -0.064390 -0.097864 -0.064390 -0.097864 -0.064390 -0.064390 -0.097864 -0.064390 -0.097864 -0.064390 -0.097864 -0.064390 -0.097864 -0.064390 -0.064390 -0.097864 -0.064390 -0.097864 -0.064390 -0.097864 -0.064390 -0.097864 -0.064390 -0.097864 -0.064390 -0.064390 -0.097864 -0.064390 -0.097864 -0.064390 -0.097864 -0.064390 -0.097864 -0.064390 -0.097864 -0.064390 -0.064390 -0.097864 -0.064390 -0.097864 -0.064390 11.651401 13.961085  2.111399 -0.064390 -0.097864 -0.064390 -0.064390 -0.097864 -0.064390 -0.097864 -0.064390 -0.097864 -0.064390 
Shapelet  24  -0.085510 -0.085510 -0.085510 -0.085510 -0.085510 -0.085510 -0.085510 -0.085510 -0.085510 -0.085510 -0.085510 -0.085510 -0.085510 -0.085510 -0.085510 -0.085510 -0.085510 -0.085510 -0.085510 -0.085510 -0.085510 -0.085510 -0.085510 -0.085510 -0.085510 -0.085510 -0.085510 -0.085510 -0.085510 -0.085510 -0.085510 -0.085510 -0.085510 -0.085510 -0.085510 -0.085510 -0.085510 -0.085510 -0.085510 -0.085510 -0.085510 -0.085510 -0.085510 -0.085510 -0.085510 -0.085510 -0.085510 -0.085510 -0.085510 -0.085510 -0.085510 -0.085510 -0.085510 -0.085510 -0.085510 -0.085510 -0.085510 -0.085510 -0.085510 -0.085510 -0.085510 -0.085510 -0.085510 -0.085510 -0.085510 -0.085510 -0.085510 -0.085510 -0.085510 -0.085510 -0.085510 -0.085510 -0.085510 -0.085510 -0.085510 -0.085510 -0.085510 -0.085510 -0.085510 -0.085510 -0.085510 -0.085510 -0.085510 -0.085510 -0.085510 -0.085510 -0.085510 -0.085510 -0.085510 -0.085510 -0.085510 -0.085510 -0.085510 -0.085510 -0.085510 -0.085510 -0.085510 -0.085510 -0.085510 -0.085510 -0.085510 -0.085510 -0.085510 -0.085510 -0.085510 -0.085510 -0.085510 -0.085510 -0.085510 -0.085510 -0.085510 -0.085510 -0.085510 -0.085510 -0.085510 -0.085510 -0.085510 -0.085510 -0.085510 -0.085510 -0.085510 -0.085510 -0.085510 -0.085510 -0.085510 -0.085510 -0.085510 -0.085510 -0.085510 -0.085510 -0.085510 -0.085510 -0.085510 -0.085510 -0.085510 -0.085510 -0.085510 -0.085510 -0.085510 -0.085510 -0.085510 -0.085510 -0.085510 -0.085510 -0.085510 -0.085510 -0.085510 -0.085510 -0.085510 -0.085510 -0.085510 -0.085510 -0.085510 -0.085510 -0.085510 -0.085510 -0.085510 -0.085510 -0.085510 -0.085510 -0.085510 -0.085510 -0.085510 -0.085510 -0.085510 -0.085510 -0.085510 -0.085510 -0.085510 -0.085510 -0.085510 -0.085510 -0.085510 -0.085510 -0.085510 -0.085510 -0.085510 -0.085510 -0.085510 -0.085510 -0.085510 -0.085510 -0.085510 -0.085510 -0.085510 -0.085510 -0.085510 -0.085510 -0.085510 -0.085510 -0.085510 -0.085510 -0.085510 -0.085510 -0.085510 -0.085510 -0.085510 -0.085510 -0.085510 -0.085510 -0.085510 -0.085510 -0.085510 -0.085510 -0.085510 -0.085510 -0.085510 -0.085510 -0.085510 -0.085510 -0.085510 -0.085510 -0.085510 -0.085510 -0.085510 -0.085510 -0.085510 -0.085510 -0.085510 -0.085510 -0.085510 -0.085510 -0.085510 -0.085510 -0.085510 -0.085510 -0.085510 -0.085510 -0.085510 -0.085510 -0.085510 -0.085510 -0.085510 -0.085510 -0.085510 -0.085510 -0.085510 -0.085510 -0.085510 -0.085510 -0.085510 -0.085510 -0.085510 -0.085510 -0.085510 -0.085510 -0.085510 -0.085510 -0.085510 -0.085510 -0.085510 -0.085510 -0.085510 -0.085510 -0.085510 -0.085510 -0.085510 -0.085510 -0.085510 -0.085510 -0.085510 -0.085510 -0.085510 -0.085510 -0.085510 -0.085510 -0.085510 -0.085510 -0.085510 -0.085510 -0.085510 -0.085510 -0.085510 -0.085510 -0.085510 -0.085510 -0.085510 -0.085510 -0.085510 -0.085510 -0.085510 -0.085510 -0.085510 -0.085510 -0.085510 -0.085510 -0.085510 -0.085510 -0.085510 -0.085510  5.033289 15.291118  8.715587 -0.045045 -0.085510 -0.085510 -0.085510 -0.085510 -0.085510 -0.085510 -0.085510 -0.085510 -0.085510 -0.085510 -0.085510 -0.085510 -0.085510 -0.085510 -0.085510 -0.085510 -0.085510 -0.085510 -0.085510 -0.085510 -0.085510 -0.085510 -0.085510 -0.085510 -0.085510 -0.085510 -0.085510 -0.085510 -0.085510 -0.085510 -0.085510 -0.085510 -0.085510 -0.085510 -0.085510 -0.085510 -0.085510 -0.085510 -0.085510 -0.085510 -0.085510 -0.085510 -0.085510 -0.085510 -0.085510 -0.085510 -0.085510 -0.085510 -0.085510 -0.085510 -0.085510 -0.085510 -0.085510 -0.085510 -0.085510 -0.085510 -0.085510 -0.085510 -0.085510 -0.085510 -0.085510 -0.085510 -0.085510 -0.085510 -0.085510 -0.085510 -0.085510 -0.085510 -0.085510 -0.085510 -0.085510 -0.085510 -0.085510 -0.085510 -0.085510 -0.085510 -0.085510 -0.085510 -0.085510 -0.085510 -0.085510 -0.085510 -0.085510 -0.085510 -0.085510 -0.085510 -0.085510 -0.085510 -0.085510 -0.085510 -0.085510 -0.085510 -0.085510 -0.085510 -0.085510 -0.085510 -0.085510 -0.085510 -0.085510 -0.085510 -0.085510 -0.085510 -0.085510 -0.085510 -0.085510 -0.085510 -0.085510 -0.085510 -0.085510 -0.085510 -0.085510 -0.085510 -0.085510 -0.085510 -0.085510 -0.085510 -0.085510 -0.085510 -0.085510 -0.085510 -0.085510 -0.085510 -0.085510 -0.085510 -0.085510 -0.085510 -0.085510 -0.085510 -0.085510 -0.085510 -0.085510 -0.085510 -0.085510 -0.085510 -0.085510 -0.085510 -0.085510 -0.085510 -0.085510 -0.085510 -0.085510 -0.085510 -0.085510 -0.085510 -0.085510 -0.085510 -0.085510 -0.085510 -0.085510 -0.085510 -0.085510 -0.085510 -0.085510 -0.085510 -0.085510 -0.085510 -0.085510 -0.085510 -0.085510 -0.085510 -0.085510 -0.085510 -0.085510 -0.085510 -0.085510 -0.085510 -0.085510 -0.085510 -0.085510 -0.085510 -0.085510 -0.085510 -0.085510 -0.085510 -0.085510 -0.085510 -0.085510 -0.085510 -0.085510 -0.085510 -0.085510 -0.085510 -0.085510 -0.085510 -0.085510 -0.085510 -0.085510 -0.085510 -0.085510 -0.085510 -0.085510 -0.085510 -0.085510 -0.085510 -0.085510 -0.085510 -0.085510 -0.085510 -0.085510 -0.085510 -0.085510 -0.085510 -0.085510 -0.085510 -0.085510 -0.085510 -0.085510 -0.085510 -0.085510 -0.085510 -0.085510 -0.085510 -0.085510 -0.085510 -0.085510 -0.085510 -0.085510 -0.085510 -0.085510 -0.085510 -0.085510 -0.085510 -0.085510 -0.085510 -0.085510 -0.085510 -0.085510 -0.085510 -0.085510 -0.085510 -0.085510 -0.085510 -0.085510 -0.085510 -0.085510 -0.085510 -0.085510 -0.085510 -0.085510 -0.085510 -0.085510 -0.085510 -0.085510 -0.085510 -0.085510 -0.085510 -0.085510 -0.085510 -0.085510 -0.085510 -0.085510 -0.085510 -0.085510 -0.085510 -0.085510 -0.085510 -0.085510 -0.085510 -0.085510 -0.085510 -0.085510 -0.085510 -0.085510 -0.085510 -0.085510 -0.085510 -0.085510 -0.085510 -0.085510 -0.085510 -0.085510 -0.085510 -0.085510 -0.085510 -0.085510 -0.085510 -0.085510 -0.085510 -0.085510 -0.085510 -0.085510 -0.085510 -0.085510 -0.085510 -0.085510 -0.085510 -0.085510 -0.085510 
Shapelet  26  -0.215693 -0.215693 -0.215693 -0.215693 -0.215693 -0.215693 -0.215693  2.306926  2.306926  2.306926  2.306926 -0.215693 -0.170646 
Shapelet  27  -0.059915 -0.059915 -0.059915 -0.059915 -0.059915 -0.059915 -0.059915 -0.059915 -0.059915 -0.059915 -0.059915 -0.059915 -0.059915 -0.059915 -0.059915 -0.059915 -0.059915 -0.059915 -0.059915 -0.059915 -0.059915 -0.059915 -0.059915 -0.059915 -0.059915 -0.059915 -0.059915 -0.059915 -0.059915 -0.059915 -0.059915 -0.059915 -0.059915 -0.059915 -0.059915 -0.059915 -0.059915 -0.059915 -0.059915 -0.059915 -0.059915 -0.059915 -0.059915 -0.059915 -0.059915 -0.059915 -0.059915 -0.059915 -0.059915 -0.059915 -0.059915 -0.059915 -0.059915 -0.059915 -0.059915 -0.059915 -0.059915 -0.059915 -0.059915 -0.059915 -0.059915 -0.059915 -0.059915 -0.059915 -0.059915 -0.059915 -0.059915 -0.059915 -0.059915 -0.059915 -0.059915 -0.059915 -0.059915 -0.059915 -0.059915 -0.059915 -0.059915 -0.059915 -0.059915 -0.059915 -0.059915 -0.059915 -0.059915 -0.059915 -0.059915 -0.059915 -0.059915 -0.059915 -0.059915 -0.059915 -0.059915 -0.059915 -0.059915 -0.059915 -0.059915 -0.059915 -0.059915 -0.059915 -0.059915 -0.059915 -0.059915 -0.059915 -0.059915 -0.059915 -0.059915 -0.059915 -0.059915 -0.059915 -0.059915 -0.059915 -0.059915 -0.059915 -0.059915 -0.059915 -0.059915 -0.059915 -0.059915 -0.059915 -0.059915 -0.059915 -0.059915 -0.059915 -0.059915 -0.059915 -0.059915 -0.059915 -0.059915 -0.059915 -0.059915 -0.059915 -0.059915 -0.059915 -0.059915 -0.059915 -0.059915 -0.059915 -0.059915 -0.059915 -0.059915 -0.059915 -0.059915 -0.059915 -0.059915 -0.059915 -0.059915 -0.059915 -0.059915 -0.059915 -0.059915 -0.059915 -0.059915 -0.059915 -0.059915 -0.059915 -0.059915 -0.059915 -0.059915 -0.059915 -0.059915 -0.059915 -0.059915 -0.059915 -0.059915 -0.059915 -0.059915 -0.059915 -0.059915 -0.059915 -0.059915 -0.059915 -0.059915 -0.059915 -0.059915 -0.059915 -0.059915 -0.059915 -0.059915 -0.059915 -0.059915 -0.059915 -0.059915 -0.059915 -0.059915 -0.059915 -0.059915 -0.059915 -0.059915 -0.059915 -0.059915 -0.059915 -0.059915 -0.059915 -0.059915 -0.059915 -0.059915 -0.059915 -0.059915 -0.059915 -0.059915 -0.059915 -0.059915 -0.059915 -0.059915 -0.059915 -0.059915 -0.059915 -0.059915 -0.059915 -0.059915 -0.059915 -0.059915 -0.059915 -0.059915 -0.059915 -0.059915 -0.059915 -0.059915 -0.059915 -0.059915 -0.059915 -0.059915 -0.059915 -0.059915 -0.059915 -0.059915 -0.059915 -0.059915 -0.059915 -0.059915 -0.059915 -0.059915 -0.059915 -0.059915 -0.059915 -0.059915 -0.059915 -0.059915 -0.059915 -0.059915 -0.059915 -0.059915 -0.059915 -0.059915 -0.059915 -0.059915 -0.059915 -0.059915 -0.059915 -0.059915 -0.059915 -0.059915 -0.059915 -0.059915 -0.059915 -0.059915 20.457352  1.123773 -0.059915 -0.059915 -0.059915 -0.059915 -0.059915 -0.059915 -0.059915 -0.059915 -0.059915 -0.059915 -0.059915 -0.059915 -0.059915 -0.059915 -0.059915 -0.059915 -0.059915 -0.059915 -0.059915 -0.059915 -0.059915 -0.059915 -0.059915 -0.059915 -0.059915 -0.059915 -0.059915 -0.059915 -0.059915 -0.059915 -0.059915 -0.059915 -0.059915 -0.059915 -0.059915 -0.059915 -0.059915 -0.059915 -0.059915 -0.059915 -0.059915 -0.059915 -0.059915 -0.059915 -0.059915 -0.059915 -0.059915 -0.059915 -0.059915 -0.059915 -0.059915 -0.059915 -0.059915 -0.059915 -0.059915  4.674839 16.577485  0.005845 -0.059915 -0.059915 -0.059915 -0.059915 -0.059915 -0.059915 -0.059915 -0.059915 -0.059915 -0.059915 -0.059915 -0.059915 -0.059915 -0.059915 -0.059915 -0.059915 -0.059915 -0.059915 -0.059915 -0.059915 -0.059915 -0.059915 -0.059915 -0.059915 -0.059915 -0.059915 -0.059915 -0.059915 -0.059915 -0.059915 -0.059915 -0.059915 -0.059915 -0.059915 -0.059915 -0.059915 -0.059915 -0.059915 -0.059915 -0.059915 -0.059915 -0.059915 -0.059915 -0.059915 -0.059915 -0.059915 -0.059915 -0.059915 -0.059915 -0.059915 -0.059915 -0.059915 -0.059915 -0.059915 -0.059915 -0.059915 -0.059915 -0.059915 -0.059915 -0.059915 -0.059915 -0.059915 -0.059915 -0.059915 -0.059915 -0.059915 -0.059915 -0.059915 -0.059915 -0.059915 -0.059915 -0.059915 -0.059915 -0.059915 -0.059915 -0.059915 -0.059915 -0.059915 -0.059915 -0.059915 -0.059915 -0.059915 -0.059915 -0.059915 -0.059915 -0.059915 -0.059915 -0.059915 -0.059915 -0.059915 -0.059915 -0.059915 -0.059915 -0.059915 -0.059915 -0.059915 -0.059915 -0.059915 -0.059915 -0.059915 -0.059915 -0.059915 -0.059915 -0.059915 -0.059915 -0.059915 -0.059915 -0.059915 -0.059915 -0.059915 -0.059915 -0.059915 -0.059915 -0.059915 -0.059915 -0.059915 -0.059915 -0.059915 -0.059915 -0.059915 -0.059915 -0.059915 -0.059915 -0.059915 -0.059915 -0.059915 -0.059915 -0.059915 -0.059915 -0.059915 -0.059915 -0.059915 -0.059915 -0.059915 -0.059915 -0.059915 -0.059915 -0.059915 -0.059915 -0.059915 -0.059915 -0.059915 -0.059915 -0.059915 -0.059915 -0.059915 -0.059915 -0.059915 -0.059915 -0.059915 -0.059915 -0.059915 -0.059915 -0.059915 -0.059915 -0.059915 -0.059915 
Shapelet  28  -0.114787 -0.114787 -0.114787 -0.114787 -0.114787 -0.114787 -0.114787 -0.114787 -0.114787 -0.114787 -0.114787 -0.114787 -0.114787 -0.114787 -0.114787 -0.114787 -0.114787 -0.114787 -0.114787 -0.114787 -0.114787 -0.114787 -0.114787 -0.114787 -0.114787 -0.114787 -0.114787 -0.114787 -0.114787 -0.114787 -0.114787 -0.114787 -0.114787 -0.114787 -0.114787 -0.114787 -0.114787 -0.114787 -0.114787 -0.114787 -0.114787 -0.114787 -0.114787 -0.114787 -0.114787 -0.114787 -0.114787 -0.114787 -0.114787 -0.114787 -0.114787 -0.114787 -0.114787 -0.114787 -0.114787 -0.114787 -0.114787 -0.114787 -0.114787 -0.114787 -0.114787 -0.114787 -0.114787 -0.114787 -0.114787 -0.114787 -0.114787 -0.114787 -0.114787 -0.114787 -0.114787 -0.114787 -0.114787 -0.114787 -0.114787 -0.114787 -0.114787 -0.114787 -0.114787 -0.114787 -0.114787 -0.114787 -0.114787 -0.114787 -0.114787 -0.114787 -0.114787 -0.114787 -0.114787 -0.114787 -0.114787 -0.114787 -0.114787 -0.114787 -0.114787 -0.114787 -0.114787 -0.114787 -0.114787 -0.114787 -0.114787 -0.114787 -0.114787 -0.114787 -0.114787 -0.114787 -0.114787 -0.114787 -0.114787 -0.114787 -0.114787 -0.114787 -0.114787 -0.114787 -0.114787 -0.114787 -0.114787 -0.114787 -0.114787 -0.114787 -0.114787 -0.114787 -0.114787 -0.114787 -0.114787 -0.114787 -0.114787 -0.114787 -0.114787 -0.114787 -0.114787 -0.114787 -0.114787 -0.114787 -0.114787 -0.114787 -0.114787 -0.114787 -0.114787 -0.114787 -0.114787 -0.114787 -0.114787 -0.114787 -0.114787 -0.114787 -0.114787 -0.114787 -0.114787 -0.114787 -0.114787 -0.114787 -0.114787 -0.114787 -0.114787 -0.114787 -0.114787 -0.114787 -0.114787 -0.114787 -0.114787 -0.114787 -0.114787 -0.114787 -0.114787 -0.114787 -0.114787 -0.114787 -0.114787 -0.114787 -0.114787 -0.114787 -0.114787 -0.114787 -0.114787 -0.114787 -0.114787 -0.114787 -0.114787 -0.114787 -0.114787 -0.114787 -0.114787 -0.114787 -0.114787  5.248550  6.346756  0.191690 -0.114787 -0.114787 -0.114787 -0.114787 -0.114787 -0.114787 -0.114787 -0.114787 -0.114787 -0.114787 -0.114787 -0.114787 -0.114787 -0.114787 -0.114787 -0.114787 -0.114787 -0.114787 -0.114787 -0.114787 -0.114787 -0.114787 -0.114787 -0.114787 -0.114787 -0.114787 -0.114787  9.181663  8.185614  4.737755  0.600325 -0.063707 -0.114787 -0.114787 -0.114787 -0.114787 -0.114787 -0.114787 -0.114787 -0.114787 -0.114787 -0.114787 -0.114787 -0.114787 -0.114787  4.993152  8.517631  6.065820  2.388104 -0.063707 -0.114787 -0.114787 -0.114787 -0.114787 -0.114787 -0.114787 -0.114787 -0.114787 -0.114787 -0.114787 -0.114787 -0.114787 


; cmd = ../../ShapeletResearch/Execs/FastShapelet ../../UCRArchive_2018//SmallKitchenAppliances/SmallKitchenAppliances_TRAIN.tsv 3 375 721 10 1 10 10 1 0 10 ../../UCRArchive_2018//SmallKitchenAppliances/tree.txt ../../UCRArchive_2018//SmallKitchenAppliances/time.txt
; time =>  2768.742  56.538 116.678  12.953 2568.763 
