;Shapelet Tree 

;random seed:1551070052, rand()=1796240945, rand()=365844666
;command = ShapeletResearch/Execs/FastShapelet UCRArchive_2018//Meat/Meat_TRAIN.tsv 3 60 449 10 1 10 10 0 1 10 UCRArchive_2018//Meat/tree.txt UCRArchive_2018//Meat/time.txt 

;Local Class:   0  1  2 
;Real  Class:   1  2  3 

;Node ID class   obj  pos  len  dist_th 
TreeSize: 6 
NonL  1    --      0   71  244   1.4259 ==>  20   0  20  /   0  20   0 
NonL  2    --      0   80   49   0.7503 ==>  20   0   0  /   0   0  20 
Leaf  3     2    
Leaf  4     1    
Leaf  5     3    

;Shapelet id   <data>
Shapelet   1  -0.293583 -0.292329 -0.289311 -0.284595 -0.277170 -0.272036 -0.266675 -0.261328 -0.257983 -0.254607 -0.252678 -0.252239 -0.250779 -0.248241 -0.249346 -0.251022 -0.253348 -0.261297 -0.273186 -0.284690 -0.293714 -0.301094 -0.305980 -0.309559 -0.312083 -0.311980 -0.312111 -0.311902 -0.309216 -0.306781 -0.304732 -0.301652 -0.295931 -0.287373 -0.279865 -0.273362 -0.266072 -0.259024 -0.251273 -0.241972 -0.231896 -0.222126 -0.211745 -0.201645 -0.192197 -0.182653 -0.174360 -0.165694 -0.158138 -0.153221 -0.148533 -0.146073 -0.146654 -0.147539 -0.148578 -0.152972 -0.159031 -0.165160 -0.172068 -0.178738 -0.187095 -0.192437 -0.194260 -0.196988 -0.199490 -0.202064 -0.203921 -0.206627 -0.209461 -0.209684 -0.210050 -0.209402 -0.206297 -0.203586 -0.202098 -0.199872 -0.198144 -0.195522 -0.191272 -0.187084 -0.181288 -0.173992 -0.166110 -0.157607 -0.149368 -0.141178 -0.135368 -0.133662 -0.134614 -0.140165 -0.147698 -0.157915 -0.172272 -0.185750 -0.199733 -0.214029 -0.225574 -0.236003 -0.243731 -0.248079 -0.250734 -0.251295 -0.251812 -0.257377 -0.260113 -0.261942 -0.265647 -0.267705 -0.269721 -0.269470 -0.269470 -0.270240 -0.268984 -0.264474 -0.259133 -0.255573 -0.246655 -0.236852 -0.234995 -0.230740 -0.222050 -0.208229 -0.185144 -0.156513 -0.127960 -0.094251 -0.056356 -0.018402  0.018625  0.053572  0.087954  0.105712  0.116990  0.120405  0.104174  0.091012  0.070143  0.037818  0.014238 -0.008157 -0.030777 -0.046611 -0.058288 -0.069699 -0.097724 -0.112844 -0.123046 -0.145654 -0.155751 -0.169731 -0.185297 -0.184920 -0.174101 -0.166930 -0.157848 -0.142189 -0.130521 -0.119115 -0.107351 -0.098456 -0.087198 -0.074633 -0.060505 -0.056389 -0.078511 -0.089842 -0.093215 -0.098531 -0.111830 -0.117398 -0.120963 -0.134176 -0.170733 -0.186939 -0.205686 -0.210332 -0.210279 -0.208154 -0.194651 -0.176851 -0.159313 -0.140034 -0.110177 -0.075493 -0.042361 -0.008839  0.030009  0.072776  0.120851  0.170091  0.228341  0.290036  0.354859  0.423669  0.481863  0.537639  0.579270  0.614761  0.662797  0.724122  0.790631  0.858522  0.925723  0.986481  1.068260  1.131690  1.166111  1.214608  1.308313  1.363614  1.413390  1.432195  1.413510  1.396525  1.341618  1.288145  1.228139  1.108601  1.111902  1.089606  1.055006  1.040475  1.010474  0.992302  0.999238  0.985995  0.973344  0.988039  1.003141  1.018657  1.038513  1.061389  1.094518  1.129152  1.170771  1.214748  1.266419  1.324747  1.394133  1.465989  1.555329  1.652605  1.758311  1.870332 
Shapelet   2  -0.254607 -0.252678 -0.252239 -0.250779 -0.248241 -0.249346 -0.251022 -0.253348 -0.261297 -0.273186 -0.284690 -0.293714 -0.301094 -0.305980 -0.309559 -0.312083 -0.311980 -0.312111 -0.311902 -0.309216 -0.306781 -0.304732 -0.301652 -0.295931 -0.287373 -0.279865 -0.273362 -0.266072 -0.259024 -0.251273 -0.241972 -0.231896 -0.222126 -0.211745 -0.201645 -0.192197 -0.182653 -0.174360 -0.165694 -0.158138 -0.153221 -0.148533 -0.146073 -0.146654 -0.147539 -0.148578 -0.152972 -0.159031 -0.165160 


; cmd = ShapeletResearch/Execs/FastShapelet UCRArchive_2018//Meat/Meat_TRAIN.tsv 3 60 449 10 1 10 10 0 1 10 UCRArchive_2018//Meat/tree.txt UCRArchive_2018//Meat/time.txt
; time =>   73.323   1.790   5.424   0.416  65.388 
