;Shapelet Tree 

;random seed:1551068542, rand()=1963845766, rand()=1189331261
;command = ShapeletResearch/Execs/FastShapelet UCRArchive_2018//UMD/UMD_TRAIN.tsv 3 36 151 10 1 10 10 0 1 10 UCRArchive_2018//UMD/tree.txt UCRArchive_2018//UMD/time.txt 

;Local Class:   0  1  2 
;Real  Class:   1  2  3 

;Node ID class   obj  pos  len  dist_th 
TreeSize: 8 
NonL  1    --     24    5   22   2.0299 ==>   0   1  12  /  12  11   0 
Leaf  2     3    
NonL  3    --     12    6  128   5.8648 ==>   1  11   0  /  11   0   0 
Leaf  6     2    
Leaf  7     1    

;Shapelet id   <data>
Shapelet   1   0.029624  0.025802  0.043949 -0.004016  0.003635  0.036570  0.026097  0.018547  0.039004  0.008233  0.041529 -0.110000 -0.417000 -0.722000 -0.889000 -0.968000 -1.003000 -0.902000 -0.601000 -0.297000 -0.131000 -0.057000 
Shapelet   3   0.041469 -0.001398  0.046144 -0.001488  0.043621  0.009982  0.012488  0.023249  0.022989  0.018223  0.049414  0.008464  0.043509  0.039329  0.014787  0.012098  0.006541  0.045868  0.032666  0.024050  0.031180  0.025200  0.026365  0.005980  0.030518  0.028310  0.043041  0.030668  0.022180  0.013828  0.030130  0.028125  0.040684  0.050256  0.021219  0.016229  0.050355  0.034031  0.038487  0.046689  0.052026  0.019723  0.013271  0.131000  0.484000  0.839000  1.037000  1.132000  1.174000  1.190000  1.197000  1.199000  1.198000  1.200000  1.202000  1.202000  1.198000  1.197000  1.197000  1.194000  1.195000  1.199000  1.205000  1.207000  1.202000  1.195000  1.195000  1.196000  1.198000  1.199000  1.200000  1.204000  1.206000  1.207000  1.204000  1.198000  1.192000  1.191000  1.190000  1.189000  1.188000  1.189000  1.192000  1.193000  1.193000  1.194000  1.198000  1.204000  1.205000  1.198000  1.057000  0.704000  0.354000  0.160000  0.068000  0.050150  0.044066  0.050290  0.042426  0.032255  0.036254  0.019876  0.050759  0.019362  0.043919  0.004286  0.024402  0.025949  0.005207  0.023787  0.011426  0.010947  0.045756  0.041368  0.015684  0.009740  0.005729  0.007788  0.012167  0.012177  0.008714  0.043391  0.035905  0.027612  0.010878  0.034590  0.037062  0.045653 


; cmd = ShapeletResearch/Execs/FastShapelet UCRArchive_2018//UMD/UMD_TRAIN.tsv 3 36 151 10 1 10 10 0 1 10 UCRArchive_2018//UMD/tree.txt UCRArchive_2018//UMD/time.txt
; time =>    2.666   0.139   0.768   0.065   1.617 
