;Shapelet Tree 

;random seed:1551068807, rand()=321466629, rand()=1068141549
;command = ShapeletResearch/Execs/FastShapelet UCRArchive_2018//MedicalImages/MedicalImages_TRAIN.tsv 10 381 100 10 1 10 10 0 1 10 UCRArchive_2018//MedicalImages/tree.txt UCRArchive_2018//MedicalImages/time.txt 

;Local Class:   0  1  2  3  4  5  6  7  8  9 
;Real  Class:  10  4  9  1  3  7  2  5  8  6 

;Node ID class   obj  pos  len  dist_th 
TreeSize: 222 
NonL  1    --     30    0   96   7.5701 ==> 130   6  39  35   1   0   1   0   6   0  /  73  10   7   0  24  18  14  10   0   7 
NonL  2    --     27   21   10   1.5762 ==>  51   1  18  35   0   0   0   0   6   0  /  79   5  21   0   1   0   1   0   0   0 
NonL  3    --     54    1   91  10.5228 ==>  25  10   7   0  24  17  14  10   0   0  /  48   0   0   0   0   1   0   0   0   7 
NonL  4    --      0   19   55   1.5070 ==>  11   0   0  21   0   0   0   0   0   0  /  40   1  18  14   0   0   0   0   6   0 
NonL  5    --     40   16   77   3.6686 ==>  32   0  21   0   1   0   0   0   0   0  /  47   5   0   0   0   0   1   0   0   0 
NonL  6    --      0   44   50   2.3261 ==>  18   7   0   0  24   0   2   0   0   0  /   7   3   7   0   0  17  12  10   0   0 
NonL  7    --      8   44   21   1.2624 ==>   0   0   0   0   0   1   0   0   0   6  /  48   0   0   0   0   0   0   0   0   1 
NonL  8    --      1    7   91   5.4070 ==>   0   0   0  14   0   0   0   0   0   0  /  11   0   0   7   0   0   0   0   0   0 
NonL  9    --      9   12   75   1.6834 ==>   0   0   0   0   0   0   0   0   5   0  /  40   1  18  14   0   0   0   0   1   0 
NonL 10    --     15    0   92   3.6058 ==>   0   0   9   0   0   0   0   0   0   0  /  32   0  12   0   1   0   0   0   0   0 
NonL 11    --      0   19   11   0.2772 ==>   1   5   0   0   0   0   1   0   0   0  /  46   0   0   0   0   0   0   0   0   0 
NonL 12    --     24   32   59   2.9444 ==>   1   7   0   0  21   0   1   0   0   0  /  17   0   0   0   3   0   1   0   0   0 
NonL 13    --      0   15   83   3.8450 ==>   0   0   7   0   0   0   0   0   0   0  /   7   3   0   0   0  17  12  10   0   0 
NonL 14    --      3    2   95   5.1894 ==>   0   0   0   0   0   1   0   0   0   0  /   0   0   0   0   0   0   0   0   0   6 
Leaf 15    10    
Leaf 16     1    
NonL 17    --      1   50   24   0.7099 ==>   0   0   0   5   0   0   0   0   0   0  /  11   0   0   2   0   0   0   0   0   0 
Leaf 18     8    
NonL 19    --      1    8   64   6.7863 ==>  35   0   6   7   0   0   0   0   0   0  /   5   1  12   7   0   0   0   0   1   0 
Leaf 20     9    
NonL 21    --      1   14   11   0.1853 ==>  19   0   1   0   0   0   0   0   0   0  /  13   0  11   0   1   0   0   0   0   0 
NonL 22    --      2   25   48   4.6204 ==>   0   5   0   0   0   0   0   0   0   0  /   1   0   0   0   0   0   1   0   0   0 
Leaf 23    10    
NonL 24    --     10    0   97   4.1153 ==>   1   6   0   0   1   0   1   0   0   0  /   0   1   0   0  20   0   0   0   0   0 
NonL 25    --      7   34   60   4.3819 ==>   0   0   0   0   2   0   1   0   0   0  /  17   0   0   0   1   0   0   0   0   0 
Leaf 26     9    
NonL 27    --     20   63   14   1.0836 ==>   5   3   0   0   0  13  12   0   0   0  /   2   0   0   0   0   4   0  10   0   0 
Leaf 28     7    
Leaf 29     6    
Leaf 34     1    
NonL 35    --      3   27   49   3.7125 ==>  11   0   0   0   0   0   0   0   0   0  /   0   0   0   2   0   0   0   0   0   0 
NonL 38    --      8   50   13   0.7058 ==>  31   0   3   1   0   0   0   0   0   0  /   4   0   3   6   0   0   0   0   0   0 
NonL 39    --      0   18   66   4.1217 ==>   0   0  11   7   0   0   0   0   0   0  /   5   1   1   0   0   0   0   0   1   0 
Leaf 42    10    
NonL 43    --      9   31   55   2.7424 ==>   0   0   5   0   1   0   0   0   0   0  /  13   0   6   0   0   0   0   0   0   0 
Leaf 44     4    
NonL 45    --      0   16   63   5.0940 ==>   1   0   0   0   0   0   0   0   0   0  /   0   0   0   0   0   0   1   0   0   0 
NonL 48    --      5   10   85   5.0339 ==>   1   0   0   0   1   0   1   0   0   0  /   0   6   0   0   0   0   0   0   0   0 
Leaf 49     3    
NonL 50    --      2    7   85   3.2220 ==>   0   0   0   0   0   0   1   0   0   0  /   0   0   0   0   2   0   0   0   0   0 
Leaf 51    10    
NonL 54    --      0   23   64   4.6786 ==>   0   3   0   0   0  12   3   0   0   0  /   5   0   0   0   0   1   9   0   0   0 
NonL 55    --      6    2   92   5.6582 ==>   2   0   0   0   0   0   0  10   0   0  /   0   0   0   0   0   4   0   0   0   0 
Leaf 70    10    
Leaf 71     1    
NonL 76    --      2   69   20   0.6817 ==>   5   0   3   1   0   0   0   0   0   0  /  26   0   0   0   0   0   0   0   0   0 
NonL 77    --      0    5   93   6.4152 ==>   4   0   3   0   0   0   0   0   0   0  /   0   0   0   6   0   0   0   0   0   0 
NonL 78    --      3   11   65   1.8818 ==>   0   0   0   6   0   0   0   0   0   0  /   0   0  11   1   0   0   0   0   0   0 
NonL 79    --      3   36   35   1.4336 ==>   5   0   0   0   0   0   0   0   0   0  /   0   1   1   0   0   0   0   0   1   0 
NonL 86    --      2   22   71   1.8696 ==>   0   0   0   0   1   0   0   0   0   0  /   0   0   5   0   0   0   0   0   0   0 
NonL 87    --      6    4   49   1.7129 ==>   9   0   0   0   0   0   0   0   0   0  /   4   0   6   0   0   0   0   0   0   0 
Leaf 90    10    
Leaf 91     2    
NonL 96    --      1    6   23   1.5344 ==>   1   0   0   0   1   0   0   0   0   0  /   0   0   0   0   0   0   1   0   0   0 
Leaf 97     4    
Leaf 100     2    
Leaf 101     3    
NonL 108    --      6    5   88  10.5702 ==>   0   3   0   0   0   0   3   0   0   0  /   0   0   0   0   0  12   0   0   0   0 
NonL 109    --      6   21   45   3.4896 ==>   0   0   0   0   0   0   9   0   0   0  /   5   0   0   0   0   1   0   0   0   0 
NonL 110    --      3    0   94   3.9131 ==>   2   0   0   0   0   0   0   0   0   0  /   0   0   0   0   0   0   0  10   0   0 
Leaf 111     7    
Leaf 152    10    
Leaf 153    10    
Leaf 154    10    
Leaf 155     1    
Leaf 156     1    
Leaf 157     9    
Leaf 158    10    
Leaf 159     4    
Leaf 172     3    
Leaf 173     9    
Leaf 174    10    
Leaf 175     9    
Leaf 192    10    
Leaf 193     2    
Leaf 216     4    
Leaf 217     7    
Leaf 218     2    
Leaf 219    10    
Leaf 220    10    
Leaf 221     5    

;Shapelet id   <data>
Shapelet   1  -0.667577  0.750658  2.345629  3.426101  3.602076  3.034454  2.292819  1.931470  2.106600  2.513516  2.667192  2.290991  1.514417  0.750420  0.379245  0.493216  0.875536  1.191765  1.222653  0.967414  0.580395  0.230839  0.002952 -0.110094 -0.151579 -0.154017 -0.133694 -0.108778 -0.106281 -0.146731 -0.223732 -0.303374 -0.348983 -0.348832 -0.322309 -0.301942 -0.309923 -0.335017 -0.358783 -0.368661 -0.361949 -0.352901 -0.360165 -0.385585 -0.416974 -0.439605 -0.442668 -0.426251 -0.403784 -0.390657 -0.391784 -0.405044 -0.423518 -0.437337 -0.444816 -0.449213 -0.452764 -0.456718 -0.462040 -0.469375 -0.479974 -0.494540 -0.510599 -0.523507 -0.530529 -0.532480 -0.533212 -0.537945 -0.549182 -0.563262 -0.573550 -0.574029 -0.562131 -0.541548 -0.520665 -0.507520 -0.506237 -0.515487 -0.529004 -0.539128 -0.541563 -0.537297 -0.531152 -0.529832 -0.537962 -0.554500 -0.574632 -0.592308 -0.603021 -0.607075 -0.609278 -0.615384 -0.628661 -0.647467 -0.665087 -0.673090 
Shapelet   2   1.192673  1.230667  1.209984  1.156953  1.112645  1.103287  1.122595  1.132513  1.083198  0.938943 
Shapelet   3   6.655665  6.294397  1.251122 -1.264206  0.045278  0.523363 -0.288275 -0.117568  0.301397 -0.015194 -0.149212  0.086431  0.080053 -0.035190 -0.023508 -0.024122 -0.061012 -0.072725 -0.058157  0.001876  0.005302 -0.088018 -0.164440 -0.130281 -0.054854 -0.050788 -0.103662 -0.125224 -0.079807 -0.011209 -0.003909 -0.056892 -0.058795  0.000208 -0.010627 -0.098032 -0.125267 -0.096517 -0.117264 -0.156090 -0.143429 -0.096106 -0.043120 -0.029134 -0.091142 -0.142984 -0.097741 -0.048240 -0.074367 -0.079204 -0.028251 -0.040703 -0.123975 -0.126184 -0.021259  0.021953 -0.046349 -0.076022 -0.038512 -0.051181 -0.083506 -0.049045 -0.038810 -0.110994 -0.145673 -0.124415 -0.151741 -0.189592 -0.150823 -0.097045 -0.122599 -0.220698 -0.319104 -0.346559 -0.301236 -0.277655 -0.341340 -0.407054 -0.364413 -0.272207 -0.277365 -0.370361 -0.399561 -0.335287 -0.312866 -0.384752 -0.430312 -0.385242 -0.372835 -0.456471 -0.518660 
Shapelet   4   1.495093  1.582987  1.420792  0.909493  0.270697 -0.180155 -0.323279 -0.281097 -0.259405 -0.329528 -0.420107 -0.448802 -0.429848 -0.422160 -0.435566 -0.454204 -0.467395 -0.487427 -0.490350 -0.462625 -0.432027 -0.445985 -0.486764 -0.491847 -0.451972 -0.428668 -0.469544 -0.526263 -0.534106 -0.497133 -0.477386 -0.501745 -0.535501 -0.544218 -0.542586 -0.562528 -0.596973 -0.608567 -0.579011 -0.536779 -0.521470 -0.540035 -0.560929 -0.555622 -0.533410 -0.527250 -0.548677 -0.570072 -0.564152 -0.539161 -0.528627 -0.546757 -0.578102 -0.600541 -0.604561 
Shapelet   5   0.372780  0.455046  0.597546  0.754403  0.884937  0.960276  0.966657  0.905353  0.789619  0.639753  0.477601  0.321843  0.184827  0.071534 -0.019524 -0.094046 -0.159108 -0.220577 -0.281436 -0.341288 -0.397001 -0.444141 -0.478698 -0.498446 -0.503795 -0.497757 -0.485191 -0.471582 -0.461741 -0.458738 -0.463400 -0.474426 -0.489009 -0.503780 -0.515779 -0.523188 -0.525665 -0.524248 -0.520888 -0.517782 -0.516760 -0.518813 -0.523726 -0.530446 -0.537413 -0.543085 -0.546474 -0.547605 -0.546594 -0.544797 -0.543943 -0.545653 -0.551017 -0.562100 -0.575522 -0.589999 -0.604231 -0.616917 -0.626953 -0.634305 -0.637831 -0.637631 -0.634739 -0.630596 -0.626749 -0.624981 -0.625810 -0.629206 -0.635111 -0.643061 -0.652302 -0.662229 -0.671876 -0.679881 -0.685792 -0.689410 -0.690689 
Shapelet   6   0.680018  0.721835  0.590451  0.318130 -0.021075 -0.339083 -0.563798 -0.661998 -0.647077 -0.568067 -0.485197 -0.443656 -0.457801 -0.511672 -0.572587 -0.609186 -0.605165 -0.569584 -0.526232 -0.499421 -0.500731 -0.526574 -0.561791 -0.589589 -0.598799 -0.590456 -0.574455 -0.563435 -0.564576 -0.578576 -0.600021 -0.621519 -0.636415 -0.643102 -0.644317 -0.644826 -0.647430 -0.652891 -0.660307 -0.668238 -0.674930 -0.679704 -0.683421 -0.687603 -0.692497 -0.697279 -0.702275 -0.707983 -0.714786 -0.722466 
Shapelet   7   1.489168  1.538257  1.457527  1.316105  1.249392  1.304212  1.371361  1.276850  0.961419  0.561094  0.291289  0.262882  0.391921  0.481281  0.405137  0.206361  0.038361  0.030485  0.174455  0.336742  0.372606 
Shapelet   8   0.758632  0.137845  0.154831  0.338645  0.322523  0.072011 -0.202424 -0.299208 -0.201591 -0.052317  0.002526 -0.064353 -0.170453 -0.222544 -0.198297 -0.146091 -0.123746 -0.146081 -0.186107 -0.212015 -0.215703 -0.211190 -0.213396 -0.223164 -0.232918 -0.239633 -0.247781 -0.262901 -0.286750 -0.301042 -0.302030 -0.294567 -0.282001 -0.272755 -0.272207 -0.276380 -0.277665 -0.271020 -0.256326 -0.239544 -0.228652 -0.226999 -0.232697 -0.242196 -0.252585 -0.263130 -0.274538 -0.285262 -0.291070 -0.288973 -0.279708 -0.268191 -0.261912 -0.265378 -0.276019 -0.286221 -0.287381 -0.274962 -0.252911 -0.231508 -0.220834 -0.225444 -0.240901 -0.255913 -0.260409 -0.251980 -0.236828 -0.226062 -0.227622 -0.240300 -0.255728 -0.264713 -0.263331 -0.256182 -0.252796 -0.260229 -0.279096 -0.303840 -0.326251 -0.341033 -0.348747 -0.354161 -0.363065 -0.379240 -0.402258 -0.428257 -0.452820 -0.472708 -0.486794 -0.496407 -0.503462 
Shapelet   9   1.865190  1.512231  1.198876  1.127398  1.298620  1.543244  1.659177  1.541819  1.223263  0.822100  0.462450  0.214797  0.086377  0.047922  0.059599  0.085195  0.098183  0.084717  0.043826 -0.014671 -0.075501 -0.127335 -0.166903 -0.193562 -0.207508 -0.212402 -0.208004 -0.205925 -0.223036 -0.264894 -0.321808 -0.377717 -0.417489 -0.429443 -0.419038 -0.400858 -0.383183 -0.372225 -0.369967 -0.370051 -0.364505 -0.349364 -0.323106 -0.286480 -0.250508 -0.230856 -0.238079 -0.276735 -0.340725 -0.412507 -0.473037 -0.510877 -0.525236 -0.524845 -0.523456 -0.530612 -0.544454 -0.558155 -0.564949 -0.562093 -0.555129 -0.553975 -0.564604 -0.585008 -0.607507 -0.623073 -0.625556 -0.618473 -0.613162 -0.621472 -0.652155 -0.706565 -0.776184 -0.846288 -0.902383 
Shapelet  10  -0.222588  0.328186  0.960938  1.591116  2.131259  2.511106  2.693843  2.684224  2.526143  2.290075  2.054054  1.883177  1.813135  1.842458  1.934810  2.030904  2.066233  1.989585  1.777315  1.439595  1.017174  0.570217  0.162587 -0.153946 -0.351026 -0.428339 -0.410442 -0.337564 -0.253431 -0.193707 -0.178161 -0.208333 -0.270555 -0.342808 -0.402944 -0.435592 -0.436060 -0.410351 -0.371890 -0.336410 -0.316810 -0.319580 -0.343690 -0.381943 -0.424038 -0.460267 -0.484052 -0.493657 -0.491833 -0.484189 -0.476981 -0.474944 -0.479961 -0.491049 -0.505157 -0.518559 -0.528589 -0.533468 -0.533811 -0.531750 -0.530031 -0.532022 -0.538076 -0.546873 -0.557510 -0.568452 -0.577931 -0.585702 -0.588619 -0.586871 -0.581742 -0.575178 -0.570090 -0.567516 -0.567654 -0.571245 -0.578291 -0.587974 -0.599229 -0.609496 -0.617170 -0.621335 -0.622025 -0.620376 -0.618074 -0.617081 -0.619273 -0.625695 -0.636121 -0.649084 -0.661525 -0.670107 
Shapelet  11  -0.976951 -1.040991 -0.989079 -0.846650 -0.645581 -0.420090 -0.202688 -0.020653  0.106612  0.168995  0.165890 
Shapelet  12   0.098659  0.134834  0.129790  0.078651  0.017429  0.005481  0.087635  0.258039  0.458045  0.593361  0.584099  0.407372  0.117837 -0.189969 -0.420759 -0.520975 -0.498095 -0.409257 -0.326323 -0.298305 -0.332222 -0.398955 -0.456862 -0.477041 -0.458042 -0.421432 -0.395101 -0.394533 -0.417352 -0.447679 -0.468428 -0.470800 -0.459597 -0.447218 -0.444235 -0.452568 -0.466587 -0.477567 -0.479123 -0.471269 -0.460067 -0.453175 -0.454106 -0.461798 -0.471871 -0.479646 -0.481507 -0.478149 -0.473162 -0.471165 -0.473326 -0.480212 -0.490203 -0.500245 -0.506800 -0.508436 -0.506662 -0.505158 -0.507747 
Shapelet  13  -0.020033  0.156204  0.185849  0.135842  0.229361  0.414337  0.473455  0.400906  0.372510  0.427933  0.433622  0.347404  0.290010  0.311157  0.299503  0.148905 -0.044595 -0.102392 -0.012795  0.065766  0.051754  0.048771  0.150115  0.274454  0.278527  0.174378  0.096498  0.098991  0.095562  0.019416 -0.068520 -0.088016 -0.064940 -0.094608 -0.193174 -0.283020 -0.299873 -0.269503 -0.255169 -0.275443 -0.303973 -0.315748 -0.318416 -0.328593 -0.350484 -0.371243 -0.381128 -0.384732 -0.392733 -0.407768 -0.417744 -0.421798 -0.433050 -0.459802 -0.481083 -0.472225 -0.445803 -0.442927 -0.478413 -0.514759 -0.516014 -0.496499 -0.497432 -0.521546 -0.531831 -0.515285 -0.503365 -0.522549 -0.547277 -0.544085 -0.523580 -0.521472 -0.538602 -0.544412 -0.537304 -0.546901 -0.576093 -0.581376 -0.549802 -0.536634 -0.583041 -0.624279 -0.549134 
Shapelet  14  -1.610661 -1.664261 -1.432415 -0.887661 -0.096533  0.795446  1.598038  2.132568  2.283747  2.035657  1.474922  0.758820  0.065569 -0.461232 -0.745232 -0.792314 -0.674732 -0.496113 -0.352616 -0.299286 -0.342152 -0.446774 -0.561319 -0.641119 -0.664646 -0.638622 -0.588889 -0.545557 -0.527313 -0.534983 -0.554811 -0.568260 -0.564239 -0.543570 -0.520041 -0.512032 -0.531386 -0.574233 -0.617675 -0.625500 -0.559556 -0.393272 -0.121937  0.233753  0.631920  1.020234  1.349301  1.584675  1.714009  1.747865  1.714544  1.650895  1.592031  1.562297  1.569932  1.605315  1.647474  1.669802  1.645508  1.557495  1.401868  1.192814  0.955956  0.720194  0.510049  0.338126  0.207128  0.108620  0.029969 -0.039366 -0.103084 -0.155618 -0.188257 -0.194658 -0.177432 -0.148982 -0.129182 -0.139693 -0.195119 -0.297713 -0.432812 -0.575855 -0.701094 -0.791352 -0.844832 -0.872158 -0.892923 -0.924740 -0.974689 -1.034725 -1.084686 -1.103721 -1.081390 -1.027116 -0.965450 
Shapelet  17  -0.196686 -0.189096 -0.184534 -0.183695 -0.185478 -0.189267 -0.194299 -0.200341 -0.206430 -0.212698 -0.219445 -0.227098 -0.234999 -0.242464 -0.249039 -0.254819 -0.260184 -0.265782 -0.272760 -0.282038 -0.293991 -0.307562 -0.321469 -0.334234 
Shapelet  19  -0.843174 -0.074985  0.651211  0.779087  0.372165 -0.103276 -0.245134 -0.018198  0.305461  0.435971  0.297863  0.032310 -0.172014 -0.235993 -0.211691 -0.191538 -0.216421 -0.261665 -0.285893 -0.276775 -0.253780 -0.239532 -0.237947 -0.239241 -0.237083 -0.234987 -0.239008 -0.251833 -0.256664 -0.252625 -0.244904 -0.237656 -0.233957 -0.235358 -0.240783 -0.248545 -0.255572 -0.256643 -0.249450 -0.237549 -0.227840 -0.226807 -0.235146 -0.244890 -0.245502 -0.232439 -0.210863 -0.192874 -0.189566 -0.202909 -0.224351 -0.241303 -0.245807 -0.239447 -0.231586 -0.231779 -0.242581 -0.258418 -0.269739 -0.269591 -0.258811 -0.245222 -0.238159 -0.242941 
Shapelet  21   1.566121  1.081465  0.636587  0.260927 -0.025558 -0.213781 -0.305648 -0.312930 -0.255090 -0.156388 -0.042639 
Shapelet  22   1.389895  1.404346  1.363348  1.271698  1.140456  0.985185  0.823677  0.673458  0.549429  0.461856  0.415356  0.408258  0.433079  0.477708  0.527162  0.565681  0.578851  0.555447  0.488958  0.378285  0.227756  0.046491 -0.152849 -0.355691 -0.547361 -0.714840 -0.848155 -0.941345 -0.992948 -1.005828 -0.986517 -0.944144 -0.889138 -0.831892 -0.781546 -0.744919 -0.726050 -0.725985 -0.743012 -0.773222 -0.811301 -0.851419 -0.888127 -0.916989 -0.935160 -0.941597 -0.937018 -0.923627 
Shapelet  24   2.817336  3.697322  4.120618  3.953968  3.225378  2.129544  0.971462  0.062479 -0.389173 -0.349340  0.041635  0.536350  0.887704  0.947647  0.716416  0.322573 -0.050019 -0.251399 -0.228033 -0.034848  0.204510  0.364254  0.376735  0.257534  0.088711 -0.028259 -0.024495  0.102903  0.291184  0.443793  0.478605  0.369362  0.162443 -0.039593 -0.121342 -0.007691  0.297206  0.703264  1.065562  1.241066  1.146669  0.797830  0.301752 -0.190421 -0.543737 -0.687378 -0.638109 -0.484863 -0.337614 -0.275298 -0.316354 -0.422531 -0.529495 -0.582797 -0.565497 -0.501136 -0.433966 -0.401461 -0.416843 -0.466994 -0.524376 -0.562837 -0.571548 -0.557176 -0.536279 -0.523089 -0.523756 -0.535460 -0.550695 -0.561406 -0.564796 -0.563234 -0.561586 -0.562211 -0.565759 -0.571356 -0.578012 -0.583955 -0.589264 -0.594985 -0.602996 -0.611562 -0.620539 -0.630061 -0.639886 -0.648555 -0.654910 -0.658699 -0.661218 -0.664315 -0.670392 -0.680669 -0.694151 -0.707011 -0.714618 -0.713296 -0.702364 
Shapelet  25   0.106010 -0.090989 -0.361489 -0.414820 -0.051396  0.625799  1.234080  1.378927  0.959410  0.247652 -0.328005 -0.504180 -0.341850 -0.113424 -0.045589 -0.156206 -0.301530 -0.345716 -0.280869 -0.201685 -0.190817 -0.245440 -0.302301 -0.312524 -0.285729 -0.265464 -0.276052 -0.303751 -0.320310 -0.314769 -0.302720 -0.304996 -0.324687 -0.349337 -0.366116 -0.372813 -0.377143 -0.384829 -0.391684 -0.395694 -0.398253 -0.403735 -0.415537 -0.430036 -0.438234 -0.434565 -0.422443 -0.412843 -0.415526 -0.429502 -0.444157 -0.449251 -0.443192 -0.434130 -0.431884 -0.438545 -0.448809 -0.457047 -0.462931 -0.471370 
Shapelet  27   0.741210  0.577806  0.514260  0.278232  0.126175 -0.191555 -0.236945 -0.366307 -0.491129 -0.241484 -0.518363 -0.479782 -0.602335 -0.332264 
Shapelet  35  -0.078941 -0.179782 -0.270560 -0.319843 -0.317752 -0.276469 -0.221644 -0.179833 -0.167435 -0.185991 -0.224245 -0.265156 -0.293985 -0.303795 -0.296773 -0.281397 -0.267574 -0.262183 -0.266864 -0.278573 -0.292008 -0.302473 -0.307780 -0.308602 -0.307443 -0.307563 -0.311859 -0.316420 -0.321298 -0.326470 -0.332196 -0.337912 -0.342807 -0.347122 -0.351207 -0.355528 -0.359638 -0.363230 -0.366236 -0.368789 -0.371443 -0.374392 -0.378212 -0.383227 -0.389322 -0.395732 -0.401090 -0.404289 -0.404637 
Shapelet  38  -0.361885 -0.354673 -0.350045 -0.355587 -0.376139 -0.409696 -0.448291 -0.483243 -0.507347 -0.517279 -0.514046 -0.503931 -0.494694 
Shapelet  39   0.375662  0.075784 -0.152725 -0.254333 -0.226448 -0.112435  0.021373  0.113762  0.130379  0.071498 -0.034479 -0.147149 -0.231599 -0.270599 -0.267543 -0.240681 -0.212800 -0.200980 -0.211202 -0.238462 -0.271411 -0.298579 -0.313131 -0.314779 -0.308450 -0.301168 -0.298789 -0.304036 -0.316310 -0.332768 -0.350118 -0.364920 -0.375260 -0.380416 -0.381036 -0.379162 -0.372298 -0.363732 -0.357471 -0.357302 -0.364334 -0.377156 -0.393704 -0.411095 -0.427105 -0.439023 -0.446280 -0.450134 -0.452590 -0.455869 -0.460226 -0.465709 -0.471570 -0.476805 -0.480458 -0.481750 -0.481261 -0.480315 -0.480748 -0.483662 -0.489543 -0.498263 -0.508816 -0.519780 -0.529092 -0.535495 
Shapelet  43  -0.023963 -0.187294 -0.293130 -0.334553 -0.314220 -0.243085 -0.138054 -0.019012  0.094262  0.184891  0.240893  0.256279  0.231144  0.170859  0.084589 -0.016535 -0.121290 -0.219956 -0.305465 -0.373953 -0.424721 -0.459710 -0.482643 -0.498028 -0.510213 -0.522643 -0.537421 -0.555195 -0.575339 -0.596345 -0.616319 -0.633488 -0.646556 -0.654964 -0.658931 -0.659340 -0.657506 -0.654887 -0.652807 -0.652235 -0.653667 -0.657117 -0.662195 -0.668254 -0.674559 -0.680446 -0.685466 -0.689371 -0.692159 -0.694019 -0.695248 -0.696168 -0.697049 -0.698510 -0.701174 
Shapelet  45  -0.000874 -0.452386 -0.781606 -0.976951 -1.040991 -0.989079 -0.846650 -0.645581 -0.420090 -0.202688 -0.020653  0.106612  0.168995  0.165890  0.105222  0.001513 -0.126687 -0.259632 -0.379107 -0.470599 -0.524888 -0.538719 -0.514619 -0.459965 -0.385494 -0.303493 -0.225987 -0.163077 -0.121776 -0.105358 -0.113291 -0.141712 -0.184312 -0.233480 -0.281521 -0.321726 -0.349200 -0.361367 -0.358063 -0.341272 -0.314580 -0.282457 -0.249496 -0.219720 -0.196033 -0.179955 -0.171574 -0.169739 -0.172434 -0.177258 -0.181918 -0.184678 -0.184619 -0.181820 -0.177308 -0.172874 -0.170757 -0.173283 -0.182493 -0.199836 -0.225936 -0.260508 -0.302396 
Shapelet  48  -0.956324 -0.909630 -0.662425 -0.389624 -0.223143 -0.207292 -0.297065 -0.394658 -0.404391 -0.279445 -0.040940  0.236430  0.462064  0.570961  0.549845  0.437524  0.302239  0.208433  0.189230  0.235735  0.306697  0.352024  0.339109  0.269730  0.181328  0.132659  0.180084  0.353605  0.641335  0.988107  1.308867  1.512962  1.531513  1.339491  0.963804  0.481326 -0.009138 -0.413365 -0.670219 -0.760973 -0.716378 -0.600664 -0.484041 -0.417650 -0.419219 -0.473810 -0.546773 -0.602534 -0.619911 -0.599391 -0.558863 -0.522516 -0.508197 -0.520407 -0.550151 -0.581431 -0.598995 -0.595663 -0.575168 -0.548354 -0.527254 -0.518405 -0.522842 -0.536068 -0.551721 -0.563291 -0.568667 -0.569487 -0.569436 -0.571042 -0.575131 -0.581231 -0.588176 -0.594723 -0.599078 -0.602022 -0.604783 -0.609274 -0.613435 -0.617122 -0.620579 -0.624268 -0.628428 -0.633045 -0.637801 
Shapelet  50  -0.920860 -0.648878 -0.083099  0.316035  0.375024  0.232889  0.139700  0.216258  0.362089  0.367799  0.123128 -0.255958 -0.484753 -0.315730  0.259371  0.971262  1.437386  1.414113  0.954015  0.351669 -0.073800 -0.186233 -0.080604  0.038701  0.041754 -0.063023 -0.177724 -0.211661 -0.172852 -0.128867 -0.131708 -0.179288 -0.231775 -0.253878 -0.243751 -0.225784 -0.225744 -0.253721 -0.296924 -0.330383 -0.336580 -0.315523 -0.284963 -0.268012 -0.274553 -0.296285 -0.318618 -0.330831 -0.337028 -0.346299 -0.355978 -0.356101 -0.342829 -0.325235 -0.320605 -0.337592 -0.365132 -0.383994 -0.384803 -0.375734 -0.374872 -0.390673 -0.412214 -0.421631 -0.412098 -0.395319 -0.392351 -0.413320 -0.447574 -0.473624 -0.476313 -0.457724 -0.433267 -0.417279 -0.414042 -0.419990 -0.430381 -0.444221 -0.462012 -0.479853 -0.489881 -0.486820 -0.473470 -0.461169 -0.462475 
Shapelet  54  -0.206347 -0.256127 -0.328410 -0.397877 -0.399130 -0.331152 -0.273721 -0.292619 -0.341195 -0.305325 -0.172737 -0.047060 -0.039961 -0.094021 -0.014627  0.289588  0.686510  0.936124  0.949478  0.872019  0.895405  1.057113  1.213133  1.223640  1.105286  0.988269  0.975378  1.026695  1.015032  0.859285  0.602331  0.379321  0.283252  0.293126  0.312756  0.277922  0.218173  0.186693  0.183043  0.150396  0.058886 -0.041114 -0.088048 -0.079924 -0.078099 -0.117767 -0.161531 -0.171932 -0.168417 -0.218720 -0.341172 -0.469649 -0.536171 -0.537272 -0.538200 -0.583274 -0.649254 -0.695109 -0.711231 -0.733034 -0.783331 -0.842333 -0.881077 -0.896911 
Shapelet  55   6.122511  3.939435  0.549585 -1.207333 -0.744488  0.181742  0.158294 -0.392108 -0.490163 -0.143397 -0.009908 -0.244602 -0.413389 -0.275779 -0.085828 -0.122606 -0.288392 -0.275271  0.021776  0.375017  0.501621  0.401119  0.298428  0.313284  0.310761  0.163846 -0.006557 -0.042833 -0.007759 -0.063934 -0.200916 -0.274264 -0.245432 -0.216508 -0.240743 -0.261455 -0.248811 -0.258949 -0.318554 -0.361935 -0.342309 -0.309172 -0.323631 -0.356881 -0.358149 -0.340676 -0.348723 -0.360475 -0.325915 -0.266963 -0.261576 -0.322721 -0.372085 -0.357757 -0.321353 -0.323066 -0.345429 -0.335338 -0.291558 -0.269040 -0.291748 -0.318087 -0.297109 -0.238301 -0.207824 -0.241363 -0.297730 -0.310455 -0.274668 -0.244032 -0.246905 -0.249549 -0.223562 -0.195330 -0.194061 -0.185374 -0.119264 -0.023289  0.017789 -0.002151  0.048371  0.288736  0.636559  0.814591  0.606983  0.098882 -0.377801 -0.563138 -0.496433 -0.409408 -0.436970 -0.509789 
Shapelet  76  -0.365986 -0.366178 -0.365542 -0.364802 -0.365377 -0.367212 -0.368693 -0.369864 -0.370831 -0.371724 -0.372654 -0.373917 -0.375228 -0.376500 -0.377720 -0.378884 -0.379995 -0.381094 -0.382241 -0.383351 
Shapelet  77   2.920427  0.598201 -0.785791 -0.843174 -0.074985  0.651211  0.779087  0.372165 -0.103276 -0.245134 -0.018198  0.305461  0.435971  0.297863  0.032310 -0.172014 -0.235993 -0.211691 -0.191538 -0.216421 -0.261665 -0.285893 -0.276775 -0.253780 -0.239532 -0.237947 -0.239241 -0.237083 -0.234987 -0.239008 -0.251833 -0.256664 -0.252625 -0.244904 -0.237656 -0.233957 -0.235358 -0.240783 -0.248545 -0.255572 -0.256643 -0.249450 -0.237549 -0.227840 -0.226807 -0.235146 -0.244890 -0.245502 -0.232439 -0.210863 -0.192874 -0.189566 -0.202909 -0.224351 -0.241303 -0.245807 -0.239447 -0.231586 -0.231779 -0.242581 -0.258418 -0.269739 -0.269591 -0.258811 -0.245222 -0.238159 -0.242941 -0.257780 -0.274912 -0.286683 -0.290783 -0.290847 -0.293204 -0.301372 -0.312441 -0.319673 -0.318652 -0.311141 -0.304211 -0.304758 -0.313518 -0.324718 -0.331505 -0.331466 -0.328162 -0.327668 -0.332679 -0.340521 -0.346913 -0.350462 -0.353498 -0.359035 -0.365778 
Shapelet  78   2.314964  1.405440  0.959621  1.310858  1.611193  1.444847  1.285158  1.455945  1.642372  1.517339  1.180772  0.904063  0.803146  0.831650  0.854740  0.799473  0.719841  0.731807  0.829448  0.889215  0.830791  0.732122  0.687190  0.682011  0.607610  0.436980  0.285647  0.291372  0.405657  0.438823  0.301731  0.141610  0.105886  0.118900  0.009112 -0.198108 -0.332194 -0.349492 -0.366266 -0.418941 -0.433550 -0.413988 -0.459305 -0.550187 -0.553192 -0.457535 -0.422948 -0.526749 -0.649784 -0.666846 -0.611644 -0.579362 -0.588985 -0.606133 -0.625650 -0.666798 -0.727156 -0.786745 -0.837113 -0.885232 -0.930939 -0.958955 -0.953705 -0.923590 -0.900366 
Shapelet  79   0.567315  0.499647  0.429019  0.361333  0.300594  0.248742  0.205739  0.169895  0.138344  0.107615  0.074211  0.035139 -0.011696 -0.067236 -0.131190 -0.202115 -0.277639 -0.354775 -0.430292 -0.501098 -0.564520 -0.618591 -0.662187 -0.695066 -0.717806 -0.731660 -0.738352 -0.739847 -0.738135 -0.735003 -0.731909 -0.729889 -0.729526 -0.730986 -0.734086 
Shapelet  86   0.426045 -0.114873 -0.488477 -0.672849 -0.690250 -0.596000 -0.459175 -0.341965 -0.283495 -0.293240 -0.354595 -0.435965 -0.504944 -0.539516 -0.534296 -0.499356 -0.453802 -0.417185 -0.401977 -0.410430 -0.435575 -0.465671 -0.489464 -0.500357 -0.498186 -0.488045 -0.478670 -0.474038 -0.477305 -0.488261 -0.503819 -0.519928 -0.529657 -0.531088 -0.525080 -0.514784 -0.503468 -0.493531 -0.487010 -0.484683 -0.487408 -0.492204 -0.497202 -0.501703 -0.505441 -0.510218 -0.513149 -0.515137 -0.517128 -0.519389 -0.521027 -0.519997 -0.514795 -0.505279 -0.493464 -0.482863 -0.477515 -0.480398 -0.491666 -0.508205 -0.523801 -0.531981 -0.528631 -0.514194 -0.494370 -0.478261 -0.475759 -0.493407 -0.531337 -0.582011 -0.631933 
Shapelet  87   3.702028  3.853852  3.636273  3.098219  2.350101  1.537202  0.804841  0.264325 -0.030013 -0.087942  0.026266  0.217415  0.388537  0.467531  0.424316  0.272719  0.060210 -0.151206 -0.306164 -0.371018 -0.342102 -0.242674 -0.112272  0.006911  0.084130  0.106490  0.079672  0.022494 -0.041906 -0.094228 -0.124536 -0.133331 -0.128570 -0.120543 -0.116865 -0.119555 -0.125124 -0.127163 -0.120135 -0.102594 -0.078504 -0.056145 -0.045119 -0.052689 -0.080946 -0.125661 -0.177688 -0.225952 -0.261104 
Shapelet  96   2.175374  1.053423  0.042052 -0.655688 -0.956324 -0.909630 -0.662425 -0.389624 -0.223143 -0.207292 -0.297065 -0.394658 -0.404391 -0.279445 -0.040940  0.236430  0.462064  0.570961  0.549845  0.437524  0.302239  0.208433  0.189230 
Shapelet 108   1.113142 -0.728640 -1.204129 -0.607201  0.132004  0.308375 -0.069272 -0.504741 -0.590594 -0.350837 -0.105232 -0.092193 -0.269749 -0.431401 -0.443025 -0.350155 -0.287728 -0.329383 -0.434992 -0.512654 -0.507207 -0.435386 -0.355587 -0.314456 -0.312050 -0.293919 -0.189251  0.034173  0.345964  0.630908  0.769813  0.725905  0.570128  0.432235  0.407780  0.487433  0.566379  0.524073  0.317117  0.016941 -0.242376 -0.362701 -0.346858 -0.284664 -0.272928 -0.340286 -0.440231 -0.504097 -0.501382 -0.458455 -0.425119 -0.427397 -0.457020 -0.489206 -0.506711 -0.513906 -0.522493 -0.537735 -0.559121 -0.577975 -0.588852 -0.593709 -0.590261 -0.584300 -0.586508 -0.602529 -0.626489 -0.636153 -0.611090 -0.565215 -0.544347 -0.585487 -0.670563 -0.717668 -0.641147 -0.431174 -0.167518  0.048812  0.183633  0.285459  0.401653  0.497367  0.481478  0.328430  0.161295  0.171736  0.424026  0.740631 
Shapelet 109  -0.122918  0.359408  0.839182  1.085453  1.032316  0.775255  0.486115  0.260036  0.121623  0.070553  0.074218  0.073101  0.028921 -0.026534 -0.039384 -0.009583  0.006217 -0.029195 -0.084999 -0.114544 -0.114209 -0.118994 -0.143251 -0.167447 -0.177472 -0.185445 -0.206502 -0.226152 -0.231098 -0.228828 -0.244324 -0.276647 -0.295749 -0.288611 -0.276679 -0.287001 -0.307785 -0.308711 -0.285504 -0.268958 -0.283228 -0.313431 -0.332504 -0.334975 -0.339221 
Shapelet 110   1.607221  5.372617  6.415768  3.161367 -0.615440 -1.213663  0.153137  0.474956 -0.297800 -0.460397  0.065575  0.214838 -0.057144 -0.117347  0.025669  0.019938 -0.063703 -0.031661  0.016992 -0.049614 -0.142045 -0.133301 -0.063084 -0.033754 -0.079561 -0.083613  0.021367  0.102729  0.058217  0.025023  0.111144  0.175424  0.110867  0.093409  0.236352  0.359210  0.345363  0.374713  0.508380  0.535643  0.444698  0.528529  0.769963  0.737740  0.321608 -0.024684 -0.015974  0.082139  0.015758 -0.065060 -0.000202  0.062147 -0.025134 -0.136522 -0.101139  0.015378  0.029417 -0.101779 -0.243397 -0.286357 -0.267121 -0.285548 -0.344720 -0.383019 -0.385437 -0.399851 -0.432602 -0.457978 -0.472736 -0.487458 -0.478670 -0.437451 -0.402326 -0.406953 -0.431141 -0.450339 -0.467209 -0.475852 -0.457591 -0.430589 -0.433937 -0.457251 -0.459888 -0.453185 -0.475699 -0.503714 -0.490655 -0.469259 -0.506083 -0.578405 -0.615129 -0.619167 -0.640458 -0.668270 


; cmd = ShapeletResearch/Execs/FastShapelet UCRArchive_2018//MedicalImages/MedicalImages_TRAIN.tsv 10 381 100 10 1 10 10 0 1 10 UCRArchive_2018//MedicalImages/tree.txt UCRArchive_2018//MedicalImages/time.txt
; time =>   34.489   2.120  13.511   1.380  16.660 
