;Shapelet Tree 

;random seed:1551088077, rand()=1417299439, rand()=941219973
;command = ShapeletResearch/Execs/FastShapelet UCRArchive_2018//UWaveGestureLibraryZ/UWaveGestureLibraryZ_TRAIN.tsv 8 896 316 10 1 10 10 0 1 10 UCRArchive_2018//UWaveGestureLibraryZ/tree.txt UCRArchive_2018//UWaveGestureLibraryZ/time.txt 

;Local Class:   0  1  2  3  4  5  6  7 
;Real  Class:   6  5  3  4  8  7  1  2 

;Node ID class   obj  pos  len  dist_th 
TreeSize: 128 
NonL  1    --    627   64  247   9.1256 ==>   3   2   4  12  91 106   2   1  / 108 125 102  98   9   6 120 107 
NonL  2    --      8   91   90   2.4087 ==>   0   1   2   0  81  64   0   1  /   3   1   2  12  10  42   2   0 
NonL  3    --    624    2  304  25.8995 ==>   7 125  79  41   7   4   4 105  / 101   0  23  57   2   2 116   2 
NonL  4    --     31  121  154   4.9892 ==>   0   0   0   0  68  64   0   1  /   0   1   2   0  13   0   0   0 
NonL  5    --     58   61  232   8.8097 ==>   0   1   0   2  10  36   2   0  /   3   0   2  10   0   6   0   0 
NonL  6    --     21   23  263  22.3973 ==>   7 125  77  33   5   2   1   0  /   0   0   2   8   2   2   3 105 
NonL  7    --    259   14  255  12.7340 ==>  74   0   5  26   0   2   5   0  /  27   0  18  31   2   0 111   2 
NonL  8    --     88   91  140   4.6127 ==>   0   0   0   0  68  47   0   0  /   0   0   0   0   0  17   0   1 
NonL  9    --     10    4  276  11.0101 ==>   0   0   0   0  13   0   0   0  /   0   1   2   0   0   0   0   0 
NonL 10    --     12  104  126   3.3236 ==>   0   1   0   0   0  24   0   0  /   0   0   0   2  10  12   2   0 
NonL 11    --      1  166   63   1.2645 ==>   3   0   1   0   0   6   0   0  /   0   0   1  10   0   0   0   0 
NonL 12    --    100   75  165   3.7117 ==>   1 112   5   0   4   1   0   0  /   6  13  72  33   1   1   1   0 
NonL 13    --     82    3  259  15.6091 ==>   0   0   1   0   0   0   0 105  /   0   0   1   8   2   2   3   0 
NonL 14    --      0   95   31   0.3513 ==>  52   0   0   0   0   1   4   0  /  22   0   5  26   0   1   1   0 
NonL 15    --    152   41  160   6.2907 ==>  15   0   3  10   2   0 101   0  /  12   0  15  21   0   0  10   2 
NonL 16    --      0   93   14   0.0973 ==>   0   0   0   0  23   1   0   0  /   0   0   0   0  45  46   0   0 
Leaf 17     7    
Leaf 18     8    
NonL 19    --      1    0  314   4.5210 ==>   0   1   0   0   0   0   0   0  /   0   0   2   0   0   0   0   0 
Leaf 20     7    
NonL 21    --     23   52  217   7.4207 ==>   0   0   0   1  10   3   0   0  /   0   0   0   1   0   9   2   0 
NonL 22    --      0  151  119   4.3320 ==>   0   0   0   0   0   6   0   0  /   3   0   1   0   0   0   0   0 
Leaf 23     4    
Leaf 24     5    
NonL 25    --     63  140   45   3.0393 ==>   2   3  70  25   0   1   1   0  /   4  10   2   8   1   0   0   0 
Leaf 26     2    
NonL 27    --      1   96   27   0.4025 ==>   0   0   1   0   2   0   3   0  /   0   0   0   8   0   2   0   0 
Leaf 28     6    
NonL 29    --      2   65  142   3.4399 ==>  22   0   3   7   0   1   1   0  /   0   0   2  19   0   0   0   0 
NonL 30    --      0   43   13   0.5768 ==>  10   0   1   6   1   0 100   0  /   5   0   2   4   1   0   1   0 
NonL 31    --     34   17  297  15.9149 ==>   0   0   1   0   0   0   9   0  /  12   0  14  21   0   0   1   2 
Leaf 32     8    
NonL 33    --      6   90  145   5.7565 ==>   0   0   0   0  29  45   0   0  /   0   0   0   0  16   1   0   0 
Leaf 38     5    
Leaf 39     3    
NonL 42    --      4    3   96   2.0926 ==>   0   0   0   1   0   3   0   0  /   0   0   0   0  10   0   0   0 
NonL 43    --      1   23  266  12.4534 ==>   0   0   0   0   0   9   0   0  /   0   0   0   1   0   0   2   0 
Leaf 44     7    
NonL 45    --      2    0  314   9.6853 ==>   0   0   1   0   0   0   0   0  /   3   0   0   0   0   0   0   0 
NonL 50    --     32  129  119   3.2418 ==>   2   3  13   0   0   1   0   0  /   0   0  57  25   0   0   1   0 
NonL 51    --      7  105  209   6.5970 ==>   0   9   2   0   1   0   0   0  /   4   1   0   8   0   0   0   0 
NonL 54    --      4  102   58   1.5238 ==>   0   0   1   0   2   0   0   0  /   0   0   0   0   0   0   3   0 
NonL 55    --      0  288   19   1.6698 ==>   0   0   0   8   0   0   0   0  /   0   0   0   0   0   2   0   0 
NonL 58    --      0   98   27   0.6428 ==>  20   0   0   0   0   0   1   0  /   2   0   3   7   0   1   0   0 
Leaf 59     4    
NonL 60    --      0  242   11   0.4094 ==>   7   0   1   6   1   0  16   0  /   3   0   0   0   0   0  84   0 
NonL 61    --     12    5  266  15.6345 ==>   5   0   0   0   1   0   0   0  /   0   0   2   4   0   0   1   0 
Leaf 62     1    
NonL 63    --      1  127   16   0.1673 ==>  10   0   0   6   0   0   1   2  /   2   0  14  15   0   0   0   0 
Leaf 66     7    
Leaf 67     8    
Leaf 84     7    
Leaf 85     8    
Leaf 86     7    
Leaf 87     1    
Leaf 90     3    
Leaf 91     6    
Leaf 100     3    
Leaf 101     3    
Leaf 102     5    
Leaf 103     4    
Leaf 108     8    
Leaf 109     1    
Leaf 110     4    
Leaf 111     7    
Leaf 116     6    
Leaf 117     4    
Leaf 120     1    
Leaf 121     1    
Leaf 122     6    
Leaf 123     4    
Leaf 126     6    
Leaf 127     4    

;Shapelet id   <data>
Shapelet   1   0.499287  0.508684  0.508684  0.508684  0.516040  0.533715  0.563910  0.569617  0.576372  0.592119  0.622315  0.652511  0.682706  0.712902  0.740851  0.755949  0.758195  0.758195  0.758195  0.758195  0.758195  0.772643  0.797529  0.827724  0.857920  0.875595  0.882950  0.877986  0.849379  0.819381  0.789185  0.758990  0.728794  0.693519  0.640989  0.587388  0.545634  0.515439  0.508885  0.514595  0.530139  0.560335  0.568698  0.574897  0.588544  0.618585  0.630107  0.632875  0.619931  0.592770  0.588797  0.612780  0.642975  0.673171  0.703366  0.733562  0.751280  0.756882  0.751044  0.690652  0.630261  0.569870  0.505739  0.418728  0.328703  0.238116  0.147530  0.056943 -0.036665 -0.148069 -0.263345 -0.367781 -0.458368 -0.506663 -0.539419 -0.569615 -0.599811 -0.610699 -0.619098 -0.641925 -0.702317 -0.730161 -0.738869 -0.738869 -0.738869 -0.738869 -0.738869 -0.738869 -0.739926 -0.745489 -0.773038 -0.813872 -0.865611 -0.926002 -1.016589 -1.107175 -1.197762 -1.288349 -1.378936 -1.469522 -1.560109 -1.646598 -1.718114 -1.777237 -1.799289 -1.794936 -1.781013 -1.750818 -1.720622 -1.693841 -1.674534 -1.674534 -1.657620 -1.633303 -1.612156 -1.612156 -1.612156 -1.612156 -1.621534 -1.649162 -1.688496 -1.743666 -1.794305 -1.832430 -1.866202 -1.922853 -1.965381 -1.986422 -1.986422 -1.986422 -1.972592 -1.937156 -1.876765 -1.816374 -1.759686 -1.716252 -1.689162 -1.676051 -1.674534 -1.674534 -1.677867 -1.689389 -1.719430 -1.716527 -1.696367 -1.674534 -1.674534 -1.659883 -1.635598 -1.605402 -1.575207 -1.556569 -1.549779 -1.534057 -1.483825 -1.423434 -1.363043 -1.294446 -1.213257 -1.122670 -1.032084 -0.956207 -0.900972 -0.870776 -0.914047 -0.959484 -0.988380 -0.986672 -0.945352 -0.887778 -0.812371 -0.715047 -0.579167 -0.404731 -0.238738 -0.093020  0.029351  0.092304  0.123799  0.132974  0.127267  0.097071  0.066876  0.036680  0.011449  0.009860  0.028458  0.072438  0.145780  0.252259  0.362645  0.438758  0.499149  0.559540  0.619931  0.656681  0.687077  0.717272  0.747468  0.755831  0.762030  0.775677  0.806027  0.854896  0.910825  0.945328  0.945328  0.945328  0.945328  0.932089  0.907282  0.884635  0.882950  0.932860  1.025325  1.143189  1.233775  1.324362  1.414949  1.494315  1.505043  1.484622  1.423292  1.353589  1.347232  1.372594  1.381972  1.376465  1.360120  1.329924  1.278583  1.219472  1.159081  1.098690  1.038299  0.980400  0.931422  0.901227  0.887304  0.882950  0.882950  0.881112  0.858862  0.806667  0.769136  0.759252  0.764815 
Shapelet   2   0.762690  0.705564  0.639623  0.566196  0.478756  0.398792  0.328445  0.265988  0.203530  0.141073  0.084146  0.035980 -0.001079 -0.030088 -0.046506 -0.062825 -0.086561 -0.124035 -0.164954 -0.211579 -0.259175 -0.301187 -0.326170 -0.348584 -0.365916 -0.378984 -0.394676 -0.418669 -0.441836 -0.460789 -0.473463 -0.491529 -0.524072 -0.561546 -0.599021 -0.636495 -0.673970 -0.711444 -0.748243 -0.783296 -0.808279 -0.833262 -0.858245 -0.882940 -0.906168 -0.919979 -0.932471 -0.944962 -0.957454 -0.969945 -0.982437 -0.994928 -1.007420 -1.019911 -1.032403 -1.044894 -1.057386 -1.069877 -1.082368 -1.094488 -1.101260 -1.101215 -1.100905 -1.090111 -1.077620 -1.065128 -1.052637 -1.040145 -1.027654 -1.015162 -1.002671 -0.990179 -0.977688 -0.965196 -0.952705 -0.940213 -0.927722 -0.915231 -0.907572 -0.906765 -0.906765 -0.916353 -0.928341 -0.940833 -0.953324 -0.965816 -0.978307 -0.990799 -1.004610 -1.027838 
Shapelet   3   1.610851  1.610851  1.610851  1.610851  1.610851  1.610851  1.610851  1.610851  1.610851  1.610851  1.610851  1.610851  1.610851  1.610851  1.610851  1.610851  1.610851  1.610851  1.610851  1.610851  1.610851  1.610851  1.610851  1.610851  1.610851  1.610851  1.610851  1.610851  1.610851  1.610851  1.610851  1.610851  1.610851  1.610851  1.610851  1.610851  1.610851  1.610851  1.610851  1.610851  1.610851  1.610851  1.610851  1.610851  1.610851  1.610851  1.610851  1.610851  1.610851  1.610851  1.610851  1.610851  1.610851  1.610851  1.610851  1.611022  1.611247  1.616922  1.630187  1.643453  1.656719  1.669985  1.680838  1.690807  1.700338  1.709182  1.717650  1.718100  1.718549  1.712480  1.703636  1.689960  1.667625  1.644502  1.569330  1.494158  1.418986  1.343813  1.267288  1.187993  1.108699  1.029109  0.949515  0.858666  0.761534  0.661717  0.555592  0.449466  0.354867  0.260808  0.178307  0.103134  0.029794 -0.038558 -0.106910 -0.128378 -0.146066 -0.163753 -0.181441 -0.197339 -0.207532 -0.217724 -0.226709 -0.235553 -0.251433 -0.273018 -0.296560 -0.327513 -0.358467 -0.388252 -0.417856 -0.445855 -0.472387 -0.498864 -0.525096 -0.551328 -0.570418 -0.588105 -0.605793 -0.623481 -0.640665 -0.654980 -0.669295 -0.682764 -0.696030 -0.709295 -0.722561 -0.735827 -0.749092 -0.762358 -0.777892 -0.794081 -0.814746 -0.841278 -0.867809 -0.894340 -0.920872 -0.938007 -0.951947 -0.965615 -0.978881 -0.991252 -0.989528 -0.987804 -0.980980 -0.972136 -0.963292 -0.954448 -0.945605 -0.936761 -0.927917 -0.918661 -0.909218 -0.898463 -0.885197 -0.871931 -0.858666 -0.845400 -0.834644 -0.825201 -0.815946 -0.807102 -0.798258 -0.791959 -0.785738 -0.780645 -0.776223 -0.770590 -0.761896 -0.753202 -0.736052 -0.718364 -0.700811 -0.683348 -0.666950 -0.653684 -0.640419 -0.627153 -0.613887 -0.608443 -0.608968 -0.610365 -0.614787 -0.619209 -0.625610 -0.632281 -0.640119 -0.648963 -0.658214 -0.669156 -0.680098 -0.696779 -0.714467 -0.732154 -0.749842 -0.765425 -0.770297 -0.775169 -0.779671 -0.784093 -0.787047 -0.788396 -0.789564 -0.789564 -0.789564 -0.782153 -0.772785 -0.757711 -0.735602 -0.713845 -0.695108 -0.676371 -0.671897 -0.671897 -0.671897 -0.671897 -0.671606 -0.667709 -0.663811 -0.659530 -0.655108 -0.651734 -0.650010 -0.648363 -0.648363 -0.648363 -0.648363 -0.648363 -0.648363 -0.648363 -0.648372 -0.648972 -0.649571 -0.655708 -0.664552 -0.673396 -0.682239 -0.691083 -0.699927 -0.708771 -0.717615 -0.726458 -0.733915 -0.738112 -0.742309 -0.742497 -0.742497 -0.739745 -0.735248 -0.727208 -0.709520 -0.691833 -0.674145 -0.656457 -0.636240 -0.614205 -0.592153 -0.570043 -0.547934 -0.531462 -0.515648 -0.501241 -0.487976 -0.475117 -0.463800 -0.452483 -0.443307 -0.434463 -0.426403 -0.419058 -0.413028 -0.413028 -0.413028 -0.413028 -0.413028 -0.414985 -0.418957 -0.422996 -0.427418 -0.431840 -0.438497 -0.445692 -0.453650 -0.462494 -0.471525 -0.481943 -0.492361 -0.504989 -0.518254 -0.531358 -0.544249 -0.556777 -0.565621 -0.574465 -0.583309 -0.592153 -0.596647 -0.594699 -0.592602 -0.588180 -0.583758 -0.579337 -0.574915 -0.570493 
Shapelet   4  -0.907355 -0.932013 -0.956184 -0.980355 -1.004526 -1.031817 -1.098783 -1.161587 -1.219043 -1.249801 -1.271000 -1.277340 -1.282417 -1.286380 -1.308445 -1.328901 -1.338808 -1.343018 -1.343810 -1.391657 -1.436209 -1.473853 -1.501812 -1.527734 -1.572905 -1.616302 -1.657512 -1.684877 -1.705961 -1.712697 -1.715785 -1.715785 -1.715785 -1.719540 -1.733409 -1.753824 -1.777995 -1.777995 -1.777995 -1.777995 -1.777995 -1.779926 -1.800531 -1.816596 -1.827294 -1.809298 -1.788322 -1.781189 -1.776245 -1.773075 -1.750654 -1.722694 -1.685051 -1.640498 -1.592156 -1.543814 -1.495473 -1.447131 -1.398789 -1.352552 -1.324419 -1.298143 -1.273972 -1.249801 -1.228924 -1.221395 -1.216541 -1.213768 -1.191157 -1.166986 -1.142815 -1.118644 -1.093986 -1.046437 -0.998582 -0.950241 -0.901899 -0.855827 -0.827297 -0.792312 -0.750311 -0.662171 -0.568872 -0.488434 -0.409813 -0.332545 -0.214415 -0.101221 -0.005726  0.074447  0.146960  0.219473  0.288378  0.351777  0.403726  0.449641  0.478567  0.505165  0.529336  0.553506  0.581145  0.621165  0.666040  0.714382  0.762723  0.811065  0.859407  0.907749  0.957973  1.051486  1.153371  1.267489  1.405432  1.545306  1.652292  1.751551  1.843084  1.918172  1.983602  2.025207  2.055520  2.078106  2.079047  2.075208  2.063321  2.042989  2.016506  1.947956  1.877755  1.805242  1.732730  1.662933  1.609043  1.557986  1.509644  1.461302  1.420175  1.401948  1.392578  1.389012  1.318654  1.242311  1.158307  1.065454  0.967408  0.848931  0.729439  0.608584  0.487730  0.369723  0.267096  0.172105  0.084139  0.031257 
Shapelet   5   1.248797  1.310202  1.365664  1.396406  1.396406  1.396406  1.396406  1.396406  1.403238  1.432760  1.492057  1.547451  1.581804  1.581804  1.581804  1.544035  1.488515  1.427109  1.365703  1.304298  1.237007  1.151965  1.029153  0.906342  0.817883  0.750466  0.691168  0.661646  0.654815  0.649252  0.628835  0.567430  0.506024  0.444618  0.383213  0.321807  0.260402  0.198996  0.142636  0.098621  0.098621  0.098621  0.071686  0.015960 -0.045446 -0.137701 -0.249738 -0.363883 -0.457572 -0.457572 -0.457572 -0.480507 -0.536691 -0.598097 -0.630517 -0.642970 -0.639545 -0.624193 -0.566213 -0.504807 -0.462140 -0.457572 -0.457572 -0.457572 -0.457572 -0.462218 -0.495282 -0.604001 -0.726812 -0.820931 -0.828017 -0.828368 -0.853040 -0.899221 -0.960626 -1.022032 -1.083438 -1.144843 -1.186730 -1.130048 -1.069267 -1.007861 -0.946456 -0.885050 -0.860496 -0.894497 -0.955903 -1.012331 -1.013512 -1.013766 -1.013766 -1.013766 -1.013766 -1.031684 -1.076352 -1.137758 -1.199164 -1.199164 -1.199164 -1.215901 -1.259389 -1.320794 -1.364984 -1.384562 -1.384815 -1.385996 -1.442425 -1.503830 -1.551534 -1.569959 -1.569959 -1.569959 -1.569959 -1.569959 -1.569959 -1.569959 -1.569959 -1.559488 -1.515795 -1.455414 -1.409233 -1.384562 -1.384562 -1.384562 -1.384562 -1.384562 -1.391608 -1.436481 -1.495564 -1.543033 -1.569959 -1.569959 -1.565392 -1.522724 -1.461319 -1.399913 -1.338507 -1.277102 -1.203243 -1.109417 -0.986606 -0.874237 -0.828368 -0.828368 -0.828368 -0.875213 -0.932285 -0.982917 -1.013766 -1.013766 -1.013766 -1.013766 -1.013766 -1.013766 -0.969751 -0.913391 -0.851986 -0.790580 -0.729174 -0.661825 -0.569756 -0.446944 -0.324133 -0.201322 -0.078510  0.037470  0.130759  0.194272  0.255678  0.317084  0.378489  0.439895  0.501301  0.562706  0.619545  0.650247  0.654815  0.654815  0.654815  0.654815  0.654815  0.620462  0.565068  0.503663  0.442257  0.380851  0.325008  0.284019  0.284019  0.284019  0.314761  0.370223  0.431629  0.460516  0.469417  0.469417  0.469417  0.469417  0.469417  0.442481  0.386756  0.325350  0.294793  0.284019  0.284019  0.284019  0.284019  0.284019  0.306954  0.363138  0.424544  0.456964  0.469417  0.469417  0.469417  0.469417  0.469417  0.450679  0.393841  0.332435  0.297955  0.284019  0.284019  0.284019  0.284019  0.284019  0.284019  0.284019  0.284019  0.284019  0.284019  0.284019 
Shapelet   6   0.766514  0.766514  0.766514  0.766514  0.766514  0.766514  0.766514  0.766514  0.766514  0.766514  0.766514  0.766514  0.766514  0.766514  0.766514  0.766514  0.766514  0.766514  0.766514  0.766514  0.766514  0.766514  0.766514  0.766514  0.777809  0.791523  0.811515  0.831658  0.851802  0.871582  0.890439  0.901088  0.901088  0.901088  0.901088  0.901088  0.901088  0.901088  0.901088  0.901088  0.901088  0.901088  0.901088  0.901088  0.903202  0.907381  0.912124  0.917160  0.922196  0.927232  0.931234  0.934732  0.934732  0.934732  0.934732  0.934732  0.934732  0.938191  0.944191  0.953161  0.963233  0.973304  0.983376  0.993448  1.005375  1.025304  1.045306  1.065449  1.085592  1.105735  1.124700  1.143022  1.158772  1.173880  1.188987  1.204095  1.219202  1.233339  1.244696  1.255524  1.265596  1.275668  1.285739  1.294888  1.303674  1.304811  1.304811  1.304811  1.304811  1.304811  1.303117  1.297974  1.290454  1.280382  1.270310  1.260239  1.250167  1.240095  1.217318  1.193594  1.168415  1.143236  1.118057  1.092321  1.065749  1.037163  1.006948  0.976733  0.946518  0.916303  0.886127  0.859234  0.832623  0.807444  0.782265  0.757085  0.731906  0.706727  0.681548  0.656369  0.631190  0.606011  0.580832  0.555829  0.532793  0.510438  0.490294  0.470151  0.450008  0.429864  0.409721  0.386752  0.362537  0.337505  0.312326  0.287147  0.262116  0.237901  0.214931  0.194788  0.174645  0.154502  0.134358  0.114215  0.094072  0.073928  0.053785  0.033642  0.013499 -0.006645 -0.026788 -0.043301 -0.053801 -0.064074 -0.074146 -0.084218 -0.094289 -0.105793 -0.117579 -0.132647 -0.147755 -0.162862 -0.177970 -0.193077 -0.208184 -0.223292 -0.238399 -0.253507 -0.268614 -0.283722 -0.298829 -0.313937 -0.329044 -0.344152 -0.359259 -0.374366 -0.389474 -0.405857 -0.423429 -0.442725 -0.462868 -0.483012 -0.503155 -0.523298 -0.544578 -0.573508 -0.602800 -0.633015 -0.663230 -0.693445 -0.723659 -0.753874 -0.784089 -0.814304 -0.844519 -0.874734 -0.904949 -0.933878 -0.957664 -0.980165 -1.000308 -1.020451 -1.040595 -1.060526 -1.080348 -1.088167 -1.093203 -1.098239 -1.103274 -1.108310 -1.112795 -1.115795 -1.117525 -1.117525 -1.117525 -1.117525 -1.117525 -1.117525 -1.124521 -1.132525 -1.142597 -1.152668 -1.162740 -1.172812 -1.182883 -1.192955 -1.203026 -1.213098 -1.223170 -1.233241 -1.243313 -1.250730 -1.257778 -1.262813 -1.267849 -1.272885 -1.277921 -1.282957 -1.285330 -1.285652 -1.285743 -1.285743 -1.285743 -1.285818 -1.289032 -1.293457 -1.303529 -1.313600 -1.323672 -1.333743 -1.343815 -1.353887 -1.363958 -1.374030 -1.384102 -1.394173 -1.404245 -1.414316 -1.424388 -1.434460 -1.444531 -1.454603 -1.464675 
Shapelet   7  -0.769312 -0.769312 -0.769312 -0.769312 -0.769312 -0.769312 -0.769312 -0.769312 -0.769312 -0.769312 -0.769312 -0.769312 -0.769312 -0.769312 -0.769312 -0.769312 -0.769312 -0.769312 -0.769312 -0.769312 -0.769312 -0.769312 -0.769312 -0.769312 -0.769617 -0.771360 -0.784606 -0.797851 -0.811096 -0.824342 -0.837587 -0.851678 -0.873090 -0.899581 -0.926071 -0.937395 -0.940819 -0.940819 -0.940819 -0.940819 -0.940819 -0.936895 -0.927983 -0.914738 -0.902610 -0.897942 -0.897942 -0.898073 -0.905993 -0.917742 -0.930987 -0.944232 -0.957478 -0.970723 -0.983969 -0.997214 -1.010459 -1.023705 -1.036950 -1.050195 -1.063102 -1.068154 -1.069449 -1.069449 -1.069449 -1.069449 -1.069449 -1.060224 -1.041046 -1.014556 -0.989767 -0.972635 -0.959390 -0.946704 -0.941925 -0.940819 -0.940819 -0.940819 -0.940819 -0.940819 -0.945795 -0.955703 -0.968948 -0.978165 -0.971952 -0.958707 -0.946256 -0.941750 -0.940819 -0.939735 -0.935357 -0.922111 -0.908866 -0.890266 -0.866809 -0.840337 -0.816168 -0.799763 -0.786517 -0.773272 -0.760027 -0.746781 -0.734816 -0.726435 -0.726435 -0.726435 -0.726435 -0.726435 -0.726350 -0.723755 -0.713327 -0.700081 -0.686836 -0.673591 -0.660345 -0.645610 -0.627027 -0.600536 -0.574046 -0.547555 -0.521064 -0.494574 -0.468083 -0.441592 -0.415102 -0.387031 -0.350982 -0.311733 -0.273711 -0.239772 -0.213281 -0.186790 -0.166870 -0.151424 -0.138438 -0.128333 -0.126162 -0.126162 -0.126162 -0.126162 -0.126162 -0.124212 -0.117969 -0.104724 -0.091479 -0.064228 -0.028392  0.011710  0.054860  0.105973  0.158954  0.209764  0.252641  0.292636  0.332372  0.372108  0.411844  0.451580  0.483868  0.512072  0.537588  0.556705  0.559864  0.559864  0.562352  0.572729  0.585809  0.601519  0.621858  0.648349  0.674839  0.693423  0.708158  0.722025  0.739230  0.764416  0.790907  0.811764  0.816953  0.817124  0.814382  0.806883  0.793638  0.780392  0.767147  0.753902  0.742965  0.742419  0.765782  0.792272  0.821923  0.859337  0.899054  0.944857  1.000374  1.066601  1.132828  1.190188  1.244252  1.294441  1.333903  1.349532  1.362778  1.365474  1.345026  1.318536  1.288707  1.253947  1.214211  1.174475  1.153473  1.138426  1.128499  1.129591  1.154403  1.180893  1.207384  1.233875  1.260365  1.283200  1.301057  1.314302  1.327548  1.321033  1.309250  1.316715  1.384307  1.577571  1.776251  2.068877  2.528094  3.018172  3.400569  3.648076  3.780530  3.912983  3.525080  3.024043  2.476273  1.882554  1.195368  0.506610 -0.079462 -0.501401 -0.898761 -1.166117 -1.283832 -1.283832 -1.283832 -1.075826 -0.832398 -0.579025 -0.321702 -0.056795  0.208112 
Shapelet   8   0.958876  0.912364  0.867193  0.831264  0.818782  0.826683  0.870967  0.894656  0.893358  0.837376  0.691712  0.448355  0.029745 -0.229183 -0.376054 -0.374940 -0.266864 -0.155513 -0.066945 -0.143771 -0.236796 -0.329820 -0.401668 -0.456235 -0.493031 -0.493031 -0.516188 -0.557341 -0.573773 -0.641774 -0.764931 -1.035092 -1.251153 -1.398508 -1.355616 -1.277890 -1.193163 -1.137738 -1.158407 -1.204919 -1.251431 -1.351293 -1.453101 -1.530807 -1.542481 -1.542481 -1.542481 -1.579889 -1.623530 -1.670042 -1.716554 -1.763066 -1.809578 -1.856091 -1.863595 -1.835481 -1.788968 -1.748942 -1.717389 -1.717389 -1.717389 -1.712277 -1.680247 -1.651463 -1.629935 -1.629935 -1.629935 -1.640480 -1.680586 -1.704217 -1.712834 -1.698351 -1.659760 -1.649431 -1.695944 -1.679352 -1.655237 -1.631285 -1.611538 -1.557521 -1.464497 -1.371472 -1.294413 -1.232771 -1.186259 -1.139746 -1.093234 -1.046722 -1.024383 -1.013865 -0.987963 -0.948127 -0.901727 -0.855772 -0.877105 -0.915003 -0.927536 -0.930302 -0.930302 -0.930302 -0.930302 -0.915296 -0.873240 -0.801439 -0.718629 -0.625605 -0.535963 -0.466293 -0.419781 -0.373269 -0.326756 -0.280244 -0.233732 -0.187220 -0.132608  0.004700  0.103297  0.170953  0.197690  0.206603  0.206603  0.206603  0.148185  0.098000  0.144233  0.227566  0.296034  0.302718  0.418554  0.533126  0.600806  0.650001  0.700626  0.757443  0.847748  0.920939  0.969958  0.986067  0.993690  0.994004 
Shapelet   9  -0.214202 -0.214202 -0.214202 -0.200620 -0.175527 -0.124223 -0.100021 -0.090284 -0.090284 -0.090284 -0.090284 -0.090284 -0.090284 -0.090284 -0.090284 -0.090284 -0.090284 -0.090284 -0.090284 -0.090284 -0.090284 -0.090284 -0.090284 -0.063542 -0.017239  0.015911  0.033635  0.033635  0.033635  0.035885  0.042200  0.064022  0.085278  0.093171  0.098056  0.104671  0.130323  0.155975  0.181650  0.208091  0.246348  0.297652  0.360221  0.428674  0.505630  0.582586  0.661980  0.748407  0.846208  0.945710  1.027401  1.114250  1.206125  1.334384  1.427415  1.483060  1.510790  1.536442  1.562094  1.600394  1.644180  1.695484  1.746788  1.796091  1.834766  1.865576  1.891228  1.916880  1.932763  1.938683  1.914907  1.889255  1.863603  1.826135  1.775992  1.699036  1.635486  1.576813  1.516827  1.430678  1.329008  1.242186  1.160346  1.083390  1.006434  0.924321  0.834342  0.733735  0.631127  0.528519  0.440947  0.364347  0.313043  0.248200  0.175437  0.105980  0.045869 -0.005435 -0.093124 -0.185839 -0.283711 -0.363773 -0.440728 -0.517684 -0.593175 -0.663703 -0.715007 -0.774813 -0.840504 -0.917459 -0.981368 -1.033462 -1.084789 -1.136093 -1.187396 -1.219664 -1.247777 -1.273429 -1.299081 -1.328562 -1.373552 -1.419303 -1.463648 -1.489300 -1.514952 -1.540604 -1.566256 -1.591907 -1.617559 -1.643211 -1.668863 -1.694515 -1.700911 -1.703521 -1.714572 -1.735163 -1.760815 -1.786467 -1.807606 -1.824971 -1.825142 -1.816546 -1.796814 -1.771865 -1.746214 -1.720562 -1.694910 -1.670461 -1.650334 -1.660576 -1.683133 -1.680370 -1.664917 -1.639265 -1.613613 -1.587961 -1.562309 -1.536657 -1.518711 -1.515948 -1.515346 -1.515346 -1.515346 -1.501796 -1.480309 -1.448737 -1.406030 -1.354898 -1.320958 -1.289356 -1.260546 -1.211470 -1.160166 -1.108862 -1.057558 -1.006254 -0.954951 -0.911735 -0.874048 -0.848396 -0.809374 -0.760391 -0.709087 -0.657783 -0.606479 -0.573868 -0.544915 -0.519263 -0.493611 -0.467959 -0.442307 -0.416655 -0.391003 -0.365351 -0.348460 -0.338074 -0.336495 -0.311285 -0.259981 -0.231207 -0.214202 -0.214202 -0.233427 -0.255175 -0.271355 -0.276161 -0.273055 -0.252139 -0.232395 -0.214202 -0.214202 -0.196588 -0.160280 -0.106343 -0.042926  0.034029  0.098337  0.156842  0.206962  0.239639  0.263291  0.276314  0.281472  0.281472  0.281472  0.286356  0.296222  0.320936  0.354817  0.401780  0.452353  0.503657  0.554961  0.592858  0.624418  0.650070  0.675722  0.701374  0.727026  0.753475  0.780705  0.830817  0.876963  0.915244  0.942896  0.961523  0.962707  0.970541  0.983545  1.009197  1.021310  1.026022  1.041018  1.074708  1.126012  1.140930  1.150823  1.155559  1.178105  1.203757  1.229408  1.253595  1.272819  1.272819  1.272819  1.272819  1.272819  1.246726  1.197001  1.145744  1.094440  1.043136  0.991832  0.940529  0.889225  0.837921 
Shapelet  10  -0.683467 -0.889260 -1.087328 -1.244012 -1.359310 -1.410759 -1.415121 -1.391735 -1.366326 -1.339183 -1.299427 -1.247059 -1.169887 -1.079090 -0.978143 -0.911564 -0.855885 -0.859393 -0.890819 -0.993716 -1.119980 -1.268089 -1.420892 -1.575237 -1.711084 -1.827802 -1.879250 -1.910948 -1.919523 -1.913435 -1.900963 -1.882675 -1.871455 -1.897179 -1.873715 -1.777834 -1.646507 -1.495280 -1.331073 -1.180800 -1.155076 -1.169265 -1.258131 -1.382065 -1.530954 -1.702540 -1.874963 -1.977860 -2.065043 -2.114153 -2.136711 -2.135541 -2.095957 -2.044509 -1.967336 -1.870391 -1.709420 -1.527297 -1.321504 -1.115710 -0.909917 -0.796825 -0.704106 -0.679162 -0.680791 -0.719767 -0.783635 -0.860807 -0.917222 -0.967155 -0.989761 -0.996391 -0.974565 -0.904460 -0.801564 -0.680195 -0.555739 -0.440370 -0.330086 -0.231476 -0.144428 -0.067256  0.009917  0.087089  0.164262  0.240663  0.314718  0.377850  0.429298  0.452158  0.463851  0.464377  0.464749  0.466698  0.478798  0.504522  0.530246  0.555970  0.599212  0.648838  0.726790  0.813991  0.916888  1.030426  1.150862  1.270970  1.389667  1.492563  1.571549  1.598442  1.597654  1.574269  1.528811  1.477363  1.425915  1.380711  1.353428  1.326915  1.301191  1.266358  1.228162  1.152303  1.084432  1.053251  1.030610  1.018918 
Shapelet  11  -1.763724 -1.763724 -1.763724 -1.762440 -1.759933 -1.757426 -1.748977 -1.740276 -1.730496 -1.719141 -1.707786 -1.687555 -1.665803 -1.643585 -1.620285 -1.596985 -1.565081 -1.530277 -1.495417 -1.460319 -1.425221 -1.384724 -1.341220 -1.297716 -1.254212 -1.210708 -1.156126 -1.091976 -1.027826 -0.962588 -0.897332 -0.820734 -0.729154 -0.637575 -0.542370 -0.446661 -0.338819 -0.205800 -0.072782  0.068381  0.211944  0.358161  0.513817  0.669473  0.828667  0.989632  1.146669  1.273125  1.399581  1.513670  1.618079  1.722210  1.792332  1.862455  1.918478  1.957631  1.996784  2.025558  2.053208  2.075755  2.088806  2.101857  2.113675 
Shapelet  12   1.171478  1.171478  1.171478  1.171478  1.171478  1.171478  1.171478  1.171478  1.171478  1.171478  1.170234  1.166125  1.161929  1.157457  1.152985  1.148512  1.144040  1.139568  1.134953  1.126854  1.118756  1.109834  1.100889  1.091945  1.083001  1.074056  1.065112  1.051288  1.036058  1.018939  1.001050  0.983161  0.965272  0.947384  0.929495  0.914335  0.901765  0.890816  0.881872  0.872927  0.863983  0.855038  0.846094  0.836606  0.825486  0.813942  0.800526  0.787109  0.773693  0.760276  0.746859  0.733443  0.713346  0.693161  0.662733  0.631428  0.600122  0.568817  0.537511  0.506206  0.472276  0.437345  0.395972  0.351250  0.306528  0.261805  0.217083  0.172361  0.128641  0.086095  0.047985  0.016680 -0.014626 -0.045931 -0.077237 -0.108542 -0.139752 -0.170574 -0.200283 -0.222644 -0.245005 -0.267366 -0.289727 -0.312088 -0.334449 -0.356810 -0.379171 -0.397859 -0.415989 -0.433926 -0.451815 -0.469704 -0.487592 -0.505481 -0.523370 -0.532187 -0.535088 -0.536424 -0.536424 -0.536424 -0.536424 -0.536424 -0.536424 -0.535308 -0.532044 -0.528447 -0.523975 -0.519502 -0.515030 -0.510558 -0.506086 -0.502052 -0.503140 -0.504273 -0.508745 -0.513217 -0.517689 -0.522161 -0.526634 -0.531106 -0.539325 -0.548390 -0.560719 -0.574136 -0.587552 -0.600969 -0.614386 -0.627802 -0.642221 -0.657451 -0.673975 -0.691864 -0.709753 -0.727642 -0.745530 -0.763419 -0.781693 -0.800911 -0.820833 -0.843194 -0.865555 -0.887916 -0.910277 -0.932638 -0.954932 -0.974755 -0.994578 -1.003952 -1.012896 -1.021841 -1.030785 -1.039729 -1.048674 -1.057342 -1.065923 -1.071639 -1.076112 -1.080584 -1.085056 -1.089528 -1.094000 -1.098473 -1.102945 -1.107417 -1.111889 
Shapelet  13   2.480476  2.480476  2.480476  2.512575  2.557921  2.569850  2.578002  2.578002  2.578002  2.578002  2.578002  2.578002  2.578002  2.578002  2.578002  2.567951  2.539998  2.466914  2.363176  2.223542  2.077637  1.945635  1.813633  1.681631  1.553817  1.429580  1.319790  1.214189  1.108587  1.003983  0.902420  0.810310  0.728313  0.628225  0.521071  0.389592  0.247002  0.062200 -0.144352 -0.380092 -0.552827 -0.693525 -0.785087 -0.876063 -0.998747 -1.124886 -1.256888 -1.377206 -1.489952 -1.581496 -1.664467 -1.693352 -1.708264 -1.692734 -1.671219 -1.644819 -1.628678 -1.615358 -1.603555 -1.587980 -1.561580 -1.525967 -1.480930 -1.422738 -1.359688 -1.332052 -1.304521 -1.272530 -1.235231 -1.191126 -1.172568 -1.166356 -1.116047 -1.057798 -0.978597 -0.899396 -0.820195 -0.756925 -0.703503 -0.629658 -0.558435 -0.549117 -0.542835 -0.542835 -0.554526 -0.575336 -0.584996 -0.590981 -0.572656 -0.542940 -0.482374 -0.420395 -0.357034 -0.301505 -0.248704 -0.222014 -0.204080 -0.216193 -0.229841 -0.245371 -0.256856 -0.266484 -0.299292 -0.334665 -0.373178 -0.398867 -0.404768 -0.420636 -0.442378 -0.442353 -0.436613 -0.410212 -0.383498 -0.356166 -0.314239 -0.261438 -0.208637 -0.156953 -0.129000 -0.114744 -0.135554 -0.147695 -0.151733 -0.168630 -0.189751 -0.216092 -0.242492 -0.268892 -0.295293 -0.321693 -0.348094 -0.374494 -0.400894 -0.431901 -0.485634 -0.549668 -0.628870 -0.715232 -0.805614 -0.891914 -0.974915 -1.036413 -1.098884 -1.163177 -1.201701 -1.221889 -1.221442 -1.215478 -1.192805 -1.177481 -1.179966 -1.194424 -1.219582 -1.225518 -1.225518 -1.225518 -1.213646 -1.163330 -1.111841 -1.059041 -0.974141 -0.875993 -0.791037 -0.707760 -0.628559 -0.565111 -0.523802 -0.480671 -0.436567 -0.340908 -0.233157 -0.085936  0.065305  0.223708  0.374527  0.520195  0.654500  0.784429  0.885683  0.969504  1.013298  1.043523  1.062159  1.076460  1.089951  1.142752  1.193557  1.238282  1.260048  1.257253  1.235250  1.205743  1.127589  1.027212  0.842409  0.711977  0.654518  0.632267  0.627918  0.648138  0.674514  0.722656  0.764925  0.797226  0.802580  0.790467  0.735952  0.665608  0.502547  0.363426  0.276460  0.213776  0.170914  0.109731  0.044140  0.003142 -0.031355 -0.047195 -0.055205 -0.055205 -0.055205 -0.055205 -0.061807 -0.072598 -0.098998 -0.125399 -0.151799 -0.178199 -0.204600 -0.229304 -0.250166 -0.249545 -0.239075 -0.212675 -0.170344 -0.118164 -0.086407 -0.058310 -0.031910 -0.012695 -0.008347 -0.018132 -0.038942 -0.079822 -0.125402 -0.159878 -0.182963 -0.175198 -0.150002 -0.107761 -0.068515 -0.030312  0.009409  0.049364  0.090052  0.124318  0.150719  0.177119  0.203519 
Shapelet  14  -1.148262 -1.115061 -1.078171 -1.041281 -1.004392 -0.967502 -0.916594 -0.865686 -0.810351 -0.755016 -0.699681 -0.644347 -0.583294 -0.522241 -0.457684 -0.393127 -0.328570 -0.264012 -0.195028 -0.126044 -0.052265  0.021515  0.095295  0.169074  0.245990  0.322905  0.405907  0.488909  0.571911  0.654914  0.734227 
Shapelet  15  -0.774970 -0.774970 -0.774970 -0.774970 -0.774970 -0.774970 -0.774970 -0.774970 -0.774970 -0.774970 -0.774970 -0.774970 -0.774970 -0.774970 -0.767975 -0.750101 -0.729166 -0.706823 -0.706337 -0.712409 -0.734752 -0.754569 -0.772444 -0.774970 -0.774970 -0.774970 -0.783931 -0.804040 -0.825800 -0.847707 -0.856644 -0.862667 -0.862667 -0.862667 -0.862667 -0.862667 -0.862667 -0.862667 -0.862667 -0.862667 -0.862667 -0.862667 -0.862667 -0.862667 -0.862667 -0.856644 -0.847707 -0.825800 -0.803457 -0.781114 -0.758771 -0.736428 -0.714084 -0.694267 -0.689798 -0.687273 -0.687273 -0.679137 -0.667722 -0.645379 -0.623036 -0.600693 -0.578349 -0.556006 -0.533663 -0.511320 -0.488976 -0.466633 -0.444290 -0.411455 -0.375026 -0.330340 -0.288130 -0.250147 -0.222534 -0.200190 -0.177847 -0.155504 -0.133161 -0.110818 -0.088474 -0.066131 -0.043788 -0.021445  0.000899  0.023242  0.045585  0.067977  0.094789  0.133841  0.200870  0.267900  0.334930  0.386028  0.434357  0.479043  0.523730  0.568416  0.613103  0.657789  0.702476  0.747162  0.791848  0.836535  0.881221  0.906892  0.930935  0.953278  0.968481  0.977419  0.978973  0.979774  0.986477  0.999640  1.021984  1.044327  1.066670  1.066670  1.066670  1.066670  1.057490  1.041850  1.020308  0.997965  0.975622  0.953278  0.930935  0.906892  0.881221  0.836535  0.791848  0.747162  0.702476  0.657789  0.613103  0.565866  0.510008  0.448321  0.381292  0.317905  0.257287  0.212601  0.167914  0.123228  0.064552 -0.000243 -0.067248 -0.130489 -0.184113 -0.232588 -0.277274 -0.321961 -0.366647 -0.411334 -0.456020 -0.500707 -0.562151 -0.629180 -0.696210 -0.752699 
Shapelet  16   1.460606  1.438619  1.397976  1.357332  1.314290  1.271248  1.206219  1.141190  1.076160  1.011131  0.941837  0.872544  0.799386  0.726227 
Shapelet  19   1.153383  1.153383  1.153383  1.153383  1.153383  1.153383  1.153383  1.153383  1.153383  1.153383  1.153383  1.153383  1.153383  1.153383  1.153383  1.153383  1.153383  1.153383  1.153383  1.153383  1.153383  1.153383  1.153383  1.153383  1.153383  1.153383  1.153383  1.153383  1.153383  1.153383  1.153383  1.153383  1.153383  1.153383  1.153383  1.153383  1.153383  1.153383  1.153383  1.153383  1.153383  1.153383  1.153383  1.153383  1.153383  1.153383  1.153383  1.153383  1.153383  1.153383  1.153383  1.153383  1.153383  1.153383  1.153383  1.153383  1.153383  1.153383  1.153383  1.153383  1.153383  1.153383  1.153383  1.153383  1.153383  1.153383  1.153383  1.153383  1.153383  1.153383  1.153383  1.153383  1.153383  1.153383  1.153383  1.153383  1.153383  1.153383  1.153383  1.153383  1.153383  1.153383  1.153383  1.153383  1.153383  1.153383  1.153383  1.137209  1.107047  1.072952  1.027709  0.982466  0.937224  0.891981  0.846738  0.801496  0.772645  0.765105  0.758767  0.758767  0.758767  0.758767  0.758767  0.758767  0.758767  0.758767  0.758767  0.758767  0.758767  0.758767  0.758767  0.758767  0.753029  0.741719  0.717294  0.649430  0.581566  0.513702  0.445838  0.377974  0.310111  0.245306  0.184983  0.126626  0.081384  0.036141 -0.009101 -0.054344 -0.099587 -0.144829 -0.186630 -0.220562 -0.254166 -0.276787 -0.299408 -0.322030 -0.344651 -0.367272 -0.389894 -0.412515 -0.435136 -0.457758 -0.480379 -0.503000 -0.525621 -0.548243 -0.570864 -0.593485 -0.616107 -0.638728 -0.661349 -0.683971 -0.706592 -0.729213 -0.751835 -0.774456 -0.797077 -0.819699 -0.864941 -0.910184 -0.955427 -1.000669 -1.045912 -1.091154 -1.135086 -1.172788 -1.210490 -1.214315 -1.214315 -1.214315 -1.214315 -1.214315 -1.214315 -1.214861 -1.222402 -1.229942 -1.249504 -1.272125 -1.294746 -1.317368 -1.339989 -1.362610 -1.385232 -1.396870 -1.408181 -1.411623 -1.411623 -1.411623 -1.411623 -1.411623 -1.411623 -1.411623 -1.411623 -1.411623 -1.411623 -1.411623 -1.411623 -1.411623 -1.411623 -1.411623 -1.411623 -1.426103 -1.444954 -1.465663 -1.488284 -1.510906 -1.533527 -1.556148 -1.578769 -1.601391 -1.593850 -1.571229 -1.548608 -1.525986 -1.503365 -1.480744 -1.458122 -1.438670 -1.419819 -1.411623 -1.411623 -1.411623 -1.411623 -1.411623 -1.411623 -1.411623 -1.406050 -1.398509 -1.383975 -1.361354 -1.338732 -1.316111 -1.293489 -1.270868 -1.248247 -1.218413 -1.184481 -1.146451 -1.101208 -1.055966 -1.010723 -0.965480 -0.920238 -0.874995 -0.837839 -0.807678 -0.779483 -0.756862 -0.734240 -0.711619 -0.688998 -0.666376 -0.643755 -0.621134 -0.598512 -0.575891 -0.553270 -0.530648 -0.508027 -0.485406 -0.462785 -0.440163 -0.417542 -0.394921 -0.372299 -0.349678 -0.327057 -0.304435 -0.281814 -0.257280 -0.230889 -0.200126 -0.154883 -0.109641 -0.064398 -0.019155  0.026087  0.071330  0.113513  0.151215  0.186950  0.209571  0.232193  0.254814  0.277435  0.300057  0.322678  0.341857  0.353167  0.364150  0.364150  0.364150  0.364150  0.364150  0.364150  0.364150  0.367210  0.382291  0.397372  0.419447  0.442068  0.464689  0.487311  0.509932  0.532553  0.555175  0.577796  0.600417  0.623039  0.645660  0.668281  0.690903  0.713524  0.736145 
Shapelet  21   0.702597  0.702597  0.702597  0.702597  0.702597  0.702597  0.702597  0.702597  0.702597  0.702597  0.702597  0.702597  0.702597  0.702597  0.702597  0.702597  0.702597  0.702597  0.702597  0.702597  0.702597  0.702597  0.702597  0.702597  0.702597  0.702597  0.702597  0.702597  0.702597  0.702597  0.702597  0.702597  0.702597  0.702597  0.702597  0.702597  0.702597  0.702597  0.702597  0.702597  0.702597  0.702597  0.702597  0.702597  0.702597  0.702597  0.702597  0.702597  0.702597  0.702597  0.702597  0.702597  0.702597  0.702597  0.702597  0.696420  0.655991  0.615562  0.567040  0.518287  0.469534  0.420781  0.381474  0.348179  0.329220  0.329220  0.329220  0.329220  0.329220  0.329220  0.329220  0.259459  0.180979  0.089022 -0.008484 -0.105991 -0.203497 -0.305958 -0.417733 -0.535256 -0.681515 -0.827774 -0.974033 -1.120293 -1.266552 -1.412811 -1.511506 -1.581663 -1.642307 -1.691060 -1.739813 -1.788567 -1.836230 -1.871903 -1.907576 -1.911044 -1.911044 -1.911044 -1.911044 -1.911044 -1.911044 -1.897733 -1.860871 -1.821861 -1.773108 -1.724355 -1.675602 -1.626849 -1.587840 -1.550978 -1.537667 -1.537667 -1.537667 -1.537667 -1.537667 -1.537667 -1.534198 -1.498525 -1.462852 -1.415189 -1.366436 -1.317683 -1.268930 -1.232068 -1.204719 -1.205908 -1.254661 -1.303414 -1.352167 -1.400920 -1.449673 -1.498426 -1.518443 -1.532712 -1.537667 -1.537667 -1.537667 -1.537667 -1.537667 -1.537667 -1.537667 -1.537667 -1.537667 -1.537667 -1.537667 -1.537667 -1.537667 -1.537667 -1.537667 -1.537667 -1.537667 -1.537667 -1.537667 -1.537435 -1.529112 -1.520788 -1.478212 -1.429459 -1.380705 -1.331952 -1.283199 -1.234446 -1.185693 -1.136940 -1.088187 -1.039434 -0.990681 -0.941928 -0.893175 -0.844422 -0.795668 -0.746915 -0.698162 -0.649409 -0.600656 -0.551903 -0.503150 -0.454397 -0.405644 -0.356891 -0.308138 -0.259385 -0.210631 -0.161878 -0.113125 -0.064372 -0.015619  0.033134  0.081887  0.130640  0.179393  0.228147  0.276900  0.325653  0.374405  0.423158  0.471911  0.520664  0.569418  0.617048  0.661044  0.702597  0.702597  0.702597  0.702597  0.702597  0.702597  0.702597  0.702597  0.702597  0.702597  0.702597  0.702597  0.702597  0.702597  0.702597  0.702597 
Shapelet  22  -1.621881 -1.631269 -1.631272 -1.630647 -1.603525 -1.575363 -1.542568 -1.509654 -1.472106 -1.435596 -1.425584 -1.416200 -1.416200 -1.417798 -1.435947 -1.455016 -1.481300 -1.511740 -1.568062 -1.623055 -1.671241 -1.717421 -1.754969 -1.791179 -1.822470 -1.853012 -1.881173 -1.900408 -1.894775 -1.886971 -1.873829 -1.853012 -1.815464 -1.777915 -1.740367 -1.702819 -1.665271 -1.632115 -1.605831 -1.582664 -1.563890 -1.552004 -1.548875 -1.546620 -1.545368 -1.535521 -1.516746 -1.484901 -1.440782 -1.364676 -1.261418 -1.138324 -1.000021 -0.843589 -0.674622 -0.492348 -0.301790 -0.107018  0.090111  0.293497  0.500013  0.685314  0.861165  0.964777  1.039873  1.092213  1.136645  1.154187  1.163574  1.209411  1.264795  1.336296  1.411393  1.486489  1.561586  1.631251  1.700089  1.740983  1.778531  1.826423  1.875236  1.939989  2.005698  2.054133  2.102007  2.139620  2.176401  2.173272  2.169496  2.151660  2.128564  2.034694  1.941118  1.850377  1.760383  1.675899  1.590646  1.500843  1.410350  1.316479  1.225537  1.146685  1.068523  0.992800  0.912626  0.818756  0.724208  0.627834  0.529426  0.426168  0.325921  0.232050  0.141427  0.056943 -0.009660 -0.045956 -0.075310 -0.094084 -0.097564 
Shapelet  25   0.181658  0.325177  0.490909  0.648543  0.760362  0.782438  0.782438  0.782438  0.782438  0.782438  0.782438  0.774853  0.657043  0.504886  0.339154  0.173423  0.007691 -0.158041 -0.318563 -0.468320 -0.471534 -0.471534 -0.485109 -0.533031 -0.691179 -0.856911 -1.022643 -1.188374 -1.354106 -1.519838 -1.663494 -1.717407 -1.725506 -1.725506 -1.725506 -1.725506 -1.725506 -1.716336 -1.661609 -1.330145 -0.998681 -0.684674 -0.403643 -0.237911 -0.072180 
Shapelet  27   0.380203  0.379212  0.377114  0.357294  0.317277  0.219418  0.123601  0.030697 -0.009743 -0.009743 -0.009743 -0.009743 -0.099071 -0.201950 -0.316117 -0.428136 -0.530123 -0.630750 -0.728608 -0.821786 -0.909941 -0.993898 -1.075447 -1.145604 -1.212701 -1.262699 -1.310734 
Shapelet  29  -0.993217 -0.982548 -0.971879 -0.961929 -0.961040 -0.960855 -0.960855 -0.960855 -0.960855 -0.969274 -0.979347 -0.990016 -1.000685 -1.011354 -1.015458 -1.016688 -1.016688 -1.016688 -1.016688 -1.016688 -1.016688 -1.016688 -1.016688 -1.016688 -1.016688 -1.016688 -1.016688 -1.016688 -1.016688 -1.014336 -1.008153 -0.997484 -0.986815 -0.976147 -0.968272 -0.966900 -0.977569 -0.988238 -0.998907 -1.008240 -1.011796 -1.002463 -0.991794 -0.981125 -0.970457 -0.959788 -0.949119 -0.938450 -0.927782 -0.917113 -0.904782 -0.886529 -0.865191 -0.843854 -0.822516 -0.801897 -0.786598 -0.775929 -0.765261 -0.754592 -0.743923 -0.733254 -0.722586 -0.711917 -0.701248 -0.690579 -0.682585 -0.681696 -0.681689 -0.681689 -0.681689 -0.680382 -0.671492 -0.661062 -0.650394 -0.639725 -0.628893 -0.610222 -0.589582 -0.568244 -0.546907 -0.525569 -0.510589 -0.498541 -0.487873 -0.477204 -0.466535 -0.451091 -0.432039 -0.410702 -0.389364 -0.368027 -0.343271 -0.314683 -0.282677 -0.250670 -0.218664 -0.191230 -0.171010 -0.160342 -0.149673 -0.139004 -0.124198 -0.100596 -0.057921 -0.015246  0.027429  0.069407  0.109415  0.141585  0.173591  0.205597  0.237603  0.269610  0.301616  0.333622  0.365629  0.397620  0.427849  0.443866  0.454535  0.465204  0.475873  0.486541  0.503611  0.524949  0.546286  0.567624  0.588961  0.605669  0.617056  0.627725  0.638393  0.649062  0.665900  0.694582  0.726589  0.758595  0.790601  0.822608  0.854614  0.886620 
Shapelet  30  -0.699559 -0.751668 -0.755994 -0.760774 -0.766182 -0.788790 -0.817723 -0.846655 -0.875588 -0.904520 -0.919753 -0.928135 -0.928315 
Shapelet  31  -0.354397 -0.354397 -0.354397 -0.354397 -0.354397 -0.354397 -0.354397 -0.354397 -0.354397 -0.354397 -0.354397 -0.354397 -0.354397 -0.354397 -0.342956 -0.308771 -0.232727 -0.206170 -0.195212 -0.195212 -0.195212 -0.195212 -0.195212 -0.195212 -0.195212 -0.195212 -0.195212 -0.166413 -0.117541 -0.045552 -0.108015 -0.163660 -0.195212 -0.195212 -0.195212 -0.195212 -0.195212 -0.195212 -0.195212 -0.195212 -0.195212 -0.204198 -0.227518 -0.300660 -0.376703 -0.452747 -0.528791 -0.604835 -0.667670 -0.671725 -0.700645 -0.748904 -0.821906 -0.831952 -0.850779 -0.895392 -0.970859 -1.046902 -1.117728 -1.142062 -1.161708 -1.191893 -1.267936 -1.343980 -1.411764 -1.463473 -1.468692 -1.468692 -1.469269 -1.500700 -1.557916 -1.623914 -1.626956 -1.601013 -1.553889 -1.481901 -1.468692 -1.451530 -1.405903 -1.342250 -1.309507 -1.306605 -1.253881 -1.186823 -1.110779 -1.034735 -1.002597 -0.983695 -0.958347 -0.889745 -0.813702 -0.737658 -0.661614 -0.585570 -0.509526 -0.433483 -0.357439 -0.282465 -0.211491 -0.195212 -0.164404 -0.071124  0.063662  0.174868  0.250911  0.326955  0.402999  0.479043  0.555086  0.631130  0.707174  0.783218  0.859261  0.960234  1.104211  1.286706  1.492959  1.714207  1.792279  1.844566  1.875197  1.881280  1.938069  2.000560  2.028949  2.022252  1.983695  1.907651  1.884350  1.874192  1.874192  1.874192  1.834473  1.769759  1.693715  1.617671  1.541627  1.465584  1.389540  1.313496  1.237452  1.085365  0.956541  0.850136  0.774092  0.698049  0.622005  0.545961  0.469917  0.393874  0.317830  0.241786  0.175900  0.123158  0.123158  0.085671  0.020752 -0.055292 -0.131335 -0.226634 -0.372638 -0.464468 -0.513982 -0.514996 -0.587598 -0.663642 -0.739686 -0.815729 -0.891773 -0.967817 -1.043861 -1.108463 -1.150322 -1.150322 -1.199809 -1.255276 -1.309014 -1.309507 -1.344668 -1.406648 -1.453288 -1.468692 -1.468692 -1.468692 -1.439893 -1.390313 -1.316297 -1.309507 -1.309507 -1.309507 -1.309507 -1.309507 -1.302065 -1.251370 -1.194227 -1.150322 -1.150322 -1.102603 -1.037777 -0.961733 -0.885690 -0.842389 -0.828045 -0.767210 -0.649447 -0.510568 -0.430469 -0.325505 -0.201203 -0.052157  0.033933  0.147631  0.312900  0.529924  0.712243  0.859112  0.959490  1.055180  1.161409  1.313496  1.419725  1.507154  1.583198  1.659242  1.735286  1.811329  1.887373  1.963417  2.029415  2.032456  2.006513  1.959389  1.887401  1.874192  1.839868  1.748615  1.621308  1.555822  1.552920  1.500196  1.444357  1.396637  1.396637  1.352732  1.288148  1.212104  1.136061  1.060017  0.983973  0.939482  0.919082  0.919082  0.919082  0.944840  0.989945  1.055850  1.012363  0.920915  0.798231  0.660208  0.549003  0.472466  0.342685  0.211173  0.085643  0.009599 -0.024586 -0.036027 -0.036027 -0.036027 -0.036027 -0.036027 -0.036027 -0.036027 -0.036027 -0.036027 -0.036027 -0.036027 -0.036027 -0.036027 -0.036027 -0.036027 -0.036027 -0.036027 -0.036027 -0.088770 -0.133447 -0.159725 -0.083681 -0.007638  0.062881  0.111549  0.123158  0.123158  0.123158  0.092796  0.040017 
Shapelet  33   0.967283  0.970456  0.971722  0.971722  0.971722  0.958264  0.935236  0.901130  0.844123  0.779504  0.721603  0.681688  0.647582  0.613476  0.579370  0.556632  0.556632  0.546410  0.525963  0.491857  0.479423  0.472922  0.471335  0.438451  0.404345  0.370238  0.336132  0.302026  0.268129  0.237195  0.224561  0.222792  0.207722  0.180408  0.146302  0.112196  0.078089  0.043983  0.009877 -0.024229 -0.058335 -0.092441 -0.126547 -0.164764 -0.211561 -0.305538 -0.401004 -0.485080 -0.554856 -0.610191 -0.648263 -0.690115 -0.744687 -0.812713 -0.841266 -0.854672 -0.854672 -0.854672 -0.854672 -0.854672 -0.854672 -0.868245 -0.891686 -0.925792 -0.982733 -1.047973 -1.105081 -1.145235 -1.185388 -1.242496 -1.308362 -1.376574 -1.444786 -1.512999 -1.581211 -1.649423 -1.717635 -1.784853 -1.850686 -1.886579 -1.920685 -1.954791 -1.988897 -2.009363 -2.016923 -2.016923 -2.016923 -2.016923 -2.016923 -2.016923 -2.016923 -2.016923 -2.016923 -2.016923 -2.016923 -2.004224 -1.982552 -1.948446 -1.914340 -1.880234 -1.846128 -1.812022 -1.784708 -1.769638 -1.767869 -1.755234 -1.724301 -1.698554 -1.684851 -1.684851 -1.664519 -1.636997 -1.602891 -1.568785 -1.546297 -1.537058 -1.571164 -1.632588 -1.714463 -1.816781 -1.828149 -1.787173 -1.717375 -1.599718 -1.457485 -1.297265 -1.129107 -0.958577 -0.788046 -0.617516 -0.446985 -0.276455 -0.150253 -0.037448  0.064870  0.167188  0.255922  0.328100  0.363100  0.397206  0.431178  0.460525  0.473614  0.473614  0.473614 
Shapelet  42   0.102862  0.102862  0.102862  0.102862  0.102862  0.102862  0.102862  0.102862  0.102862  0.102862  0.102862  0.102862  0.102862  0.102862  0.102862  0.102862  0.102862  0.118556  0.151480  0.213437  0.270009  0.289887  0.297921  0.297921  0.297921  0.297921  0.297921  0.297921  0.297921  0.297921  0.297921  0.297921  0.297921  0.297921  0.297921  0.282960  0.257180  0.223997  0.201199  0.200578  0.209516  0.226482  0.293573  0.360663  0.427753  0.494844  0.561934  0.629024  0.696115  0.763205  0.777863  0.786051  0.787604  0.811038  0.844583  0.878128  0.911673  0.945218  0.991486  1.043990  1.111081  1.152924  1.174045  1.175686  1.175686  1.175686  1.175686  1.175686  1.175686  1.175686  1.175686  1.175686  1.178580  1.196595  1.222898  1.256443  1.267176  1.273216  1.273216  1.294305  1.326487  1.354130  1.370745  1.370745  1.370745  1.370745  1.370745  1.370745  1.370745  1.370745  1.363522  1.336189  1.304304  1.269489  1.202398  1.138404 
Shapelet  43   0.831866  0.831866  0.831866  0.831866  0.831866  0.828287  0.808086  0.788342  0.770546  0.753237  0.737847  0.712416  0.650371  0.595231  0.563487  0.525265  0.466587  0.406692  0.343204  0.279716  0.216229  0.157295  0.110160  0.076188  0.074264  0.063281  0.031537 -0.000207 -0.031950 -0.056729 -0.067311 -0.084467 -0.114287 -0.149903 -0.196076 -0.227065 -0.231875 -0.258967 -0.322455 -0.374996 -0.410587 -0.444620 -0.476364 -0.508108 -0.539852 -0.567663 -0.590268 -0.604137 -0.607023 -0.623059 -0.654803 -0.673256 -0.676623 -0.667728 -0.645604 -0.618730 -0.586987 -0.550372 -0.509009 -0.459658 -0.402904 -0.376323 -0.376323 -0.360615 -0.331757 -0.326473 -0.339940 -0.373133 -0.421229 -0.484169 -0.557757 -0.644222 -0.739453 -0.834685 -0.929916 -1.043345 -1.167916 -1.279397 -1.383285 -1.481585 -1.576817 -1.665083 -1.749734 -1.814378 -1.869208 -1.886560 -1.886560 -1.886560 -1.886560 -1.869854 -1.846286 -1.816820 -1.785076 -1.753332 -1.721588 -1.689844 -1.658100 -1.626356 -1.594613 -1.539472 -1.477427 -1.451997 -1.436606 -1.433489 -1.433489 -1.442840 -1.454383 -1.482547 -1.514291 -1.546035 -1.577779 -1.609523 -1.641266 -1.651896 -1.659111 -1.660024 -1.660024 -1.649370 -1.637346 -1.612786 -1.586814 -1.584512 -1.584512 -1.555624 -1.524361 -1.469220 -1.412466 -1.367127 -1.322397 -1.278130 -1.233881 -1.176975 -1.119740 -1.087673 -1.055929 -0.992442 -0.928954 -0.865467 -0.802466 -0.758217 -0.714443 -0.682699 -0.650273 -0.605062 -0.556747 -0.462477 -0.372956 -0.341212 -0.311770 -0.305998 -0.296817 -0.257378 -0.215199 -0.151711 -0.088224 -0.024736  0.038752  0.102239  0.165727  0.229215  0.288349  0.325384  0.361481  0.393224  0.427617  0.473309  0.521046  0.576838  0.627455  0.659199  0.690943  0.722687  0.760909  0.819587  0.874246  0.917052  0.956918  0.988662  1.020406  1.052149  1.083333  1.113153  1.133914  1.133914  1.142589  1.170005  1.191880  1.202461  1.209426  1.209426  1.212494  1.221151  1.239166  1.273315  1.318605  1.382093  1.445580  1.509068  1.563789  1.605633  1.636829  1.653182  1.658564  1.649425  1.628993  1.594364  1.546584  1.483096  1.432899  1.397788  1.385581  1.398087  1.412254  1.428126  1.435961  1.435961  1.435961  1.435961  1.435961  1.435961  1.420254  1.391396  1.373521  1.364382  1.351134  1.334782  1.315348  1.293705  1.282648  1.278801  1.258003  1.226260  1.194516  1.162772  1.131028  1.099284  1.056673  1.008095  0.949703  0.886216  0.822728  0.759240  0.695753  0.632265  0.568777  0.505290  0.441802  0.378314  0.302334  0.221531  0.146379  0.073272  0.031056 -0.000688 -0.032431 -0.064175 -0.072522 -0.073965 -0.093149 -0.117197 -0.133191 -0.147139 -0.159139 -0.170682 -0.194493 -0.220946 
Shapelet  45   0.406403  0.406403  0.406403  0.406403  0.406403  0.406403  0.406403  0.406403  0.406403  0.406403  0.406403  0.406403  0.406403  0.406403  0.406403  0.406403  0.406403  0.406403  0.406403  0.406403  0.406403  0.406403  0.406403  0.406403  0.406403  0.406403  0.406403  0.406403  0.406403  0.406403  0.406403  0.406403  0.406403  0.406403  0.406403  0.406403  0.406403  0.406403  0.406403  0.406403  0.406403  0.406403  0.406403  0.406403  0.406403  0.406403  0.406403  0.406403  0.406403  0.406403  0.406403  0.406403  0.406403  0.406403  0.406403  0.406403  0.406403  0.406403  0.406403  0.406403  0.406403  0.406403  0.406403  0.406403  0.406403  0.406403  0.406403  0.406403  0.406403  0.406403  0.406403  0.406403  0.406403  0.406403  0.406403  0.406403  0.406403  0.406403  0.406403  0.406403  0.406403  0.406403  0.406403  0.406403  0.406403  0.406403  0.406403  0.406403  0.406403  0.406403  0.406403  0.406403  0.406403  0.406403  0.406403  0.406403  0.406403  0.406403  0.406403  0.406403  0.406403  0.406403  0.406403  0.406403  0.406403  0.406403  0.406403  0.406403  0.406403  0.406403  0.406403  0.406403  0.379887  0.346393  0.310706  0.273623  0.236540  0.199458  0.162375  0.125293  0.088210  0.051127  0.014044 -0.023038 -0.060121 -0.097204 -0.134286 -0.171369 -0.208452 -0.245534 -0.282617 -0.323488 -0.383298 -0.443109 -0.517075 -0.591240 -0.665406 -0.739571 -0.813736 -0.887902 -0.962067 -1.036232 -1.100928 -1.139207 -1.177386 -1.214468 -1.251551 -1.288634 -1.325717 -1.362799 -1.399882 -1.443444 -1.492489 -1.550605 -1.624770 -1.698936 -1.773101 -1.847266 -1.921432 -1.995597 -2.069762 -2.143928 -2.185995 -2.209919 -2.222878 -2.222878 -2.222878 -2.222878 -2.222878 -2.222878 -2.222878 -2.222878 -2.222878 -2.222878 -2.222878 -2.222878 -2.222878 -2.222878 -2.222878 -2.222878 -2.222878 -2.222479 -2.193770 -2.165061 -2.098472 -2.024306 -1.950141 -1.875976 -1.801810 -1.727645 -1.653479 -1.579314 -1.502092 -1.400413 -1.298735 -1.188152 -1.076904 -0.965656 -0.854408 -0.743160 -0.631912 -0.522059 -0.414400 -0.313718 -0.239553 -0.165388 -0.091222 -0.017057  0.057108  0.131273  0.205439  0.279604  0.345629  0.403047  0.454252  0.491334  0.528417  0.565500  0.602582  0.639665  0.676747  0.713830  0.750913  0.787995  0.825078  0.862161  0.899244  0.936327  0.973409  1.010492  1.047575  1.084657  1.121740  1.158823  1.195905  1.232988  1.270070  1.307153  1.344236  1.381318  1.418401  1.455483  1.492566  1.511307  1.529250  1.533238  1.533238  1.533238  1.533238  1.533238  1.533238  1.533238  1.533238  1.531443  1.499146  1.466848  1.430363  1.393281  1.356198  1.319115  1.282033  1.244950  1.207868  1.170785  1.133702  1.096619  1.059536  1.022453  0.985371  0.948288  0.911206  0.874123  0.837040  0.799958  0.762875  0.725792  0.688710  0.651627  0.614545  0.577462  0.540379  0.503297  0.466214  0.429132  0.373740  0.301967  0.229363  0.155198  0.081033  0.006867 -0.067298 -0.141464 -0.215629 -0.272449 -0.325083 -0.344820 -0.344820 -0.344820 -0.344820 -0.344820 -0.344820 -0.344820 -0.344820 -0.344820 -0.366418 -0.390343 -0.423770 -0.460853 -0.497936 -0.535018 -0.572101 -0.609184 -0.646266 -0.683349 
Shapelet  50   1.424793  1.354138  1.292955  1.241243  1.194550  1.149309  1.105032  1.085063  1.085063  1.085063  1.085063  1.076476  1.057155  1.027100  0.980407  0.933715  0.887022  0.850747  0.840282  0.832279  0.832279  0.831100  0.824660  0.812958  0.766265  0.719572  0.672879  0.626187  0.579494  0.532801  0.486109  0.439416  0.392723  0.346030  0.299338  0.252645  0.205952  0.159260  0.112567  0.065874  0.019182 -0.027511 -0.074204 -0.120897 -0.184227 -0.258291 -0.343089 -0.436475 -0.529860 -0.623246 -0.696663 -0.745771 -0.793916 -0.840608 -0.887301 -0.933994 -0.980686 -1.027379 -1.074072 -1.120764 -1.161506 -1.176802 -1.189998 -1.189998 -1.189998 -1.189998 -1.189998 -1.189998 -1.189998 -1.189998 -1.189998 -1.172814 -1.154298 -1.111104 -1.064411 -1.017718 -0.971026 -0.951652 -0.940381 -0.937214 -0.937214 -0.944728 -0.955998 -1.017718 -1.111104 -1.204489 -1.297875 -1.368277 -1.416580 -1.442783 -1.442783 -1.442783 -1.442783 -1.442783 -1.442783 -1.442783 -1.442783 -1.442783 -1.442783 -1.442783 -1.442783 -1.442783 -1.442783 -1.442783 -1.442783 -1.442783 -1.442783 -1.442783 -1.442783 -1.442783 -1.402152 -1.358679 -1.312366 -1.265673 -1.218980 -1.172287 -1.125595 -1.078902 -1.032209 
Shapelet  51   0.358025  0.424139  0.522123  0.632313  0.749283  0.881511  1.013739  1.145966  1.278194  1.420932  1.575198  1.732176  1.930517  2.128859  2.284480  2.416708  2.533679  2.599792  2.665906  2.678112  2.678112  2.686927  2.708965  2.731003  2.753041  2.775079  2.772027  2.749989  2.717780  2.629628  2.541476  2.453325  2.365173  2.262781  2.130554  1.998326  1.886102  1.775912  1.709121  1.687083  1.661654  1.595540  1.529427  1.404997  1.250731  1.091041  0.914738  0.738434  0.653673  0.587559  0.530599  0.486523  0.442448  0.332258  0.222068  0.124762  0.036610 -0.047812 -0.113926 -0.180039 -0.246153 -0.312267 -0.370922 -0.414998 -0.459074 -0.503150 -0.547225 -0.580113 -0.602151 -0.626223 -0.670299 -0.714375 -0.788287 -0.876438 -0.970354 -1.080544 -1.190733 -1.282275 -1.370427 -1.449086 -1.515200 -1.579957 -1.557919 -1.535881 -1.527066 -1.527066 -1.522998 -1.500960 -1.478922 -1.490788 -1.512826 -1.542662 -1.586738 -1.630814 -1.674890 -1.718966 -1.739987 -1.739987 -1.739987 -1.739987 -1.739987 -1.755244 -1.777281 -1.781011 -1.736935 -1.692859 -1.610810 -1.522659 -1.444339 -1.378225 -1.310755 -1.200566 -1.090376 -1.007310 -0.941196 -0.888305 -0.888305 -0.888305 -0.905596 -0.927634 -0.925261 -0.881185 -0.837109 -0.750992 -0.662840 -0.610288 -0.588250 -0.574349 -0.618425 -0.662501 -0.722173 -0.788287 -0.835075 -0.835075 -0.835075 -0.777098 -0.710984 -0.655042 -0.610966 -0.567907 -0.545869 -0.523831 -0.473992 -0.407878 -0.356004 -0.356004 -0.356004 -0.356004 -0.356004 -0.347528 -0.325490 -0.303452 -0.260054 -0.215978 -0.196314 -0.196314 -0.199365 -0.221403 -0.243441 -0.249544 -0.249544 -0.256325 -0.278363 -0.300401 -0.302774 -0.302774 -0.313284 -0.335322 -0.354648 -0.332610 -0.310572 -0.274294 -0.230218 -0.191228 -0.169190 -0.147152 -0.089175 -0.023062  0.016607  0.016607  0.016607 -0.005092 -0.027130 -0.061713 -0.105789 -0.139693 -0.117655 -0.095617 -0.073579 -0.051541 -0.043743 -0.065781 -0.087819 -0.129861 -0.173937 -0.207163 -0.229201 -0.247849 -0.225811 -0.203773 -0.181735 -0.159697 -0.143084 -0.143084 -0.143084 -0.143084 -0.143084 -0.143084 -0.143084 
Shapelet  54   1.229734  1.218597  1.183199  1.094176  1.005152  0.943265  0.912083  0.912083  0.912083  0.912083  0.912083  0.912083  0.892701  0.839245  0.750222  0.661198  0.614203  0.594431  0.594431  0.594431  0.532449  0.444711  0.355687  0.266664  0.177641  0.088617 -0.000406 -0.089429 -0.178452 -0.267476 -0.356499 -0.445523 -0.534546 -0.623569 -0.712592 -0.801616 -0.890639 -0.966963 -0.990230 -0.993825 -0.993825 -0.993825 -0.993825 -0.993825 -0.975876 -0.931104 -0.842081 -0.753058 -0.693211 -0.676174 -0.676174 -0.676174 -0.676174 -0.676174 -0.676174 -0.646181 -0.587151 -0.498127 
Shapelet  55   1.867473  1.867473  1.867473  1.867473  1.867473  1.867473  1.867473  1.867473  1.867473  1.867473  1.867473  1.867473  1.867473  1.867473  1.867473  1.867473  1.867473  1.867473  1.834319 
Shapelet  58  -0.976147 -0.968272 -0.966900 -0.977569 -0.988238 -0.998907 -1.008240 -1.011796 -1.002463 -0.991794 -0.981125 -0.970457 -0.959788 -0.949119 -0.938450 -0.927782 -0.917113 -0.904782 -0.886529 -0.865191 -0.843854 -0.822516 -0.801897 -0.786598 -0.775929 -0.765261 -0.754592 
Shapelet  60   1.069918  1.040986  1.049665  1.065862  1.094795  1.123727  1.152660  1.175696  1.194301  1.194301  1.194301 
Shapelet  61  -0.462716 -0.462716 -0.462716 -0.462716 -0.462716 -0.462716 -0.462716 -0.462716 -0.462716 -0.462716 -0.462716 -0.462716 -0.462716 -0.462716 -0.462716 -0.462716 -0.462716 -0.462716 -0.462716 -0.462716 -0.462716 -0.462716 -0.462716 -0.462716 -0.462716 -0.462716 -0.462716 -0.462716 -0.462716 -0.462716 -0.462716 -0.462716 -0.462716 -0.462716 -0.462716 -0.462716 -0.462716 -0.462716 -0.462716 -0.462716 -0.462716 -0.462716 -0.462716 -0.462716 -0.462716 -0.462716 -0.462716 -0.462716 -0.462716 -0.462716 -0.462716 -0.462716 -0.462716 -0.462716 -0.462716 -0.462716 -0.462716 -0.462716 -0.462716 -0.462716 -0.462716 -0.462716 -0.462716 -0.462716 -0.462716 -0.462716 -0.462716 -0.462716 -0.462716 -0.462716 -0.462716 -0.462716 -0.462716 -0.462716 -0.462716 -0.435455 -0.360215 -0.280886 -0.158622 -0.036357  0.085908  0.208173  0.329357  0.449606  0.563547  0.659612  0.755677  0.851742  0.947808  1.043873  1.139938  1.244181  1.359057  1.476502  1.607500  1.738498  1.869496  2.000494  2.131492  2.262490  2.358555  2.384755  2.410954  2.437154  2.463354  2.489553  2.515753  2.535819  2.549926  2.560762  2.560762  2.560762  2.560762  2.560762  2.560762  2.560762  2.547677  2.515432  2.482835  2.447903  2.412970  2.378037  2.343104  2.302330  2.257320  2.207404  2.146271  2.085139  2.024007  1.962874  1.901742  1.840609  1.772409  1.696497  1.620040  1.541441  1.462842  1.384244  1.305645  1.228799  1.152887  1.079253  1.009388  0.939522  0.869657  0.799791  0.729925  0.660060  0.597594  0.541164  0.485844  0.433445  0.381045  0.328646  0.276247  0.226769  0.178400  0.136068  0.101135  0.066202  0.031269 -0.003663 -0.038596 -0.073529 -0.097158 -0.113953 -0.127943 -0.136677 -0.145410 -0.154143 -0.162876 -0.171609 -0.180343 -0.189076 -0.197809 -0.206542 -0.215275 -0.224009 -0.232742 -0.241475 -0.250208 -0.258941 -0.267675 -0.276408 -0.285141 -0.293874 -0.302607 -0.311341 -0.320074 -0.328807 -0.337540 -0.346273 -0.355007 -0.363740 -0.372473 -0.381206 -0.386327 -0.390358 -0.392403 -0.392403 -0.392403 -0.392403 -0.392403 -0.392403 -0.392403 -0.398225 -0.406958 -0.415691 -0.424424 -0.433158 -0.441891 -0.450624 -0.459357 -0.468090 -0.476824 -0.485557 -0.494290 -0.503023 -0.511756 -0.520490 -0.529223 -0.537956 -0.546689 -0.555422 -0.564156 -0.572889 -0.581622 -0.590355 -0.599088 -0.607822 -0.616555 -0.625288 -0.634021 -0.642754 -0.651487 -0.660221 -0.668954 -0.671690 -0.673033 -0.673656 -0.673656 -0.673656 -0.673656 -0.673656 -0.676305 -0.678992 -0.685973 -0.694706 -0.703439 -0.712172 -0.720905 -0.729639 -0.738372 -0.747105 -0.755838 -0.764571 -0.773304 -0.782038 -0.790771 -0.799387 -0.806105 -0.812823 -0.814283 -0.814283 -0.814283 -0.814283 
Shapelet  63   0.957934  0.942380  0.925043  0.902162  0.879282  0.856401  0.833520  0.810640  0.787759  0.765039  0.743112  0.723884  0.708630  0.693376  0.678122  0.667464 


; cmd = ShapeletResearch/Execs/FastShapelet UCRArchive_2018//UWaveGestureLibraryZ/UWaveGestureLibraryZ_TRAIN.tsv 8 896 316 10 1 10 10 0 1 10 UCRArchive_2018//UWaveGestureLibraryZ/tree.txt UCRArchive_2018//UWaveGestureLibraryZ/time.txt
; time =>  1505.828  50.162 325.118  31.709 1071.390 
