;Shapelet Tree 

;random seed:1551068528, rand()=1867584628, rand()=1615745555
;command = ShapeletResearch/Execs/FastShapelet UCRArchive_2018//BME/BME_TRAIN.tsv 3 30 129 10 1 10 10 0 1 10 UCRArchive_2018//BME/tree.txt UCRArchive_2018//BME/time.txt 

;Local Class:   0  1  2 
;Real  Class:   1  2  3 

;Node ID class   obj  pos  len  dist_th 
TreeSize: 8 
NonL  1    --     22   94   25   2.2925 ==>   0   0  10  /  10  10   0 
Leaf  2     3    
NonL  3    --      0    3  124  20.4496 ==>  10   0   0  /   0  10   0 
Leaf  6     1    
Leaf  7     2    

;Shapelet id   <data>
Shapelet   1   0.013737  0.040741  0.022086  0.024457  0.031825  0.012605 -0.006525 -0.001223  0.033018  0.038831  0.016897  0.042221  0.019621  0.011086  0.120000  0.446000  0.772000  0.955000  1.043000  1.082000  1.096000  0.978000  0.655000  0.333000  0.153000 
Shapelet   3   0.020764  0.021731  0.114000  0.414000  0.718000  0.889000  0.969000  1.002000  1.014000  1.017000  0.905000  0.605000  0.304000  0.138000  0.061000  0.053973  0.014660  0.035561  0.045494  0.030238  0.043191  0.021149  0.039420  0.017780  0.045357  0.045641  0.018776  0.012348  0.024422  0.018924  0.006916  0.042104  0.000519 -0.114000 -0.399000 -0.682000 -0.836000 -0.906000 -0.933000 -0.943000 -0.944000 -0.944000 -0.948000 -0.949000 -0.946000 -0.948000 -0.951000 -0.952000 -0.952000 -0.953000 -0.952000 -0.952000 -0.952000 -0.950000 -0.949000 -0.952000 -0.956000 -0.960000 -0.961000 -0.959000 -0.958000 -0.960000 -0.961000 -0.960000 -0.960000 -0.959000 -0.958000 -0.956000 -0.953000 -0.949000 -0.947000 -0.948000 -0.951000 -0.950000 -0.945000 -0.941000 -0.941000 -0.943000 -0.944000 -0.943000 -0.944000 -0.952000 -0.957000 -0.953000 -0.946000 -0.838000 -0.560000 -0.284000 -0.131000 -0.057000 -0.015059  0.005939  0.002206  0.008330  0.028909  0.004979  0.041240  0.010013  0.019281  0.033087  0.009920  0.026583  0.009432  0.018444  0.023890  0.043351  0.030229  0.031087  0.012996  0.034532  0.031177  0.019604  0.027655  0.041002  0.019075  0.034209  0.022831  0.013387  0.038907  0.039188  0.053617  0.054673  0.031523  0.039787 


; cmd = ShapeletResearch/Execs/FastShapelet UCRArchive_2018//BME/BME_TRAIN.tsv 3 30 129 10 1 10 10 0 1 10 UCRArchive_2018//BME/tree.txt UCRArchive_2018//BME/time.txt
; time =>    1.490   0.082   0.463   0.040   0.865 
