;Shapelet Tree 

;random seed:1551069946, rand()=792062649, rand()=2114796820
;command = ShapeletResearch/Execs/FastShapelet UCRArchive_2018//ECG5000/ECG5000_TRAIN.tsv 5 500 141 10 1 10 10 0 1 10 UCRArchive_2018//ECG5000/tree.txt UCRArchive_2018//ECG5000/time.txt 

;Local Class:   0  1  2  3  4 
;Real  Class:   1  2  3  4  5 

;Node ID class   obj  pos  len  dist_th 
TreeSize: 62 
NonL  1    --     18    6  132  12.4236 ==> 281   0   0   2   1  /  11 177  10  17   1 
Leaf  2     1    
NonL  3    --     36    2   44   2.0863 ==>   0 169   0  15   0  /  11   8  10   2   1 
Leaf  6     2    
NonL  7    --      0   68   24   1.6622 ==>  11   0   9   0   1  /   0   8   1   2   0 
NonL 14    --      8    0  139  15.7394 ==>  11   0   0   0   1  /   0   0   9   0   0 
NonL 15    --     10   15  112   5.9315 ==>   0   0   1   2   0  /   0   8   0   0   0 
Leaf 28     1    
Leaf 29     3    
NonL 30    --      0   44   88   2.8622 ==>   0   0   1   0   0  /   0   0   0   2   0 
Leaf 31     2    
Leaf 60     3    
Leaf 61     4    

;Shapelet id   <data>
Shapelet   1  -2.680970 -1.441639 -1.166864 -0.657178  0.198030  0.325609  0.248024  0.214105  0.231235  0.156027  0.182609 -0.017427  0.080069  0.173518 -0.005452  0.088092 -0.060667 -0.061424 -0.238601 -0.113704 -0.209385 -0.281777 -0.225441 -0.400036 -0.348526 -0.548066 -0.630139 -0.595657 -0.670864 -0.660443 -0.679357 -0.555307 -0.616194 -0.622447 -0.466463 -0.447551 -0.422129 -0.425268 -0.266154 -0.109791 -0.090908  0.040708 -0.015154  0.098672  0.156022  0.098990  0.107493  0.110132  0.131555  0.170845  0.195662  0.199832  0.210167  0.234893  0.202176  0.268790  0.264293  0.279064  0.385695  0.348771  0.386730  0.405720  0.408132  0.509265  0.441363  0.589799  0.591758  0.566744  0.562124  0.446790  0.533175  0.482171  0.456385  0.417384  0.414481  0.401348  0.309656  0.287353  0.254435  0.246271  0.194338  0.124714  0.202985  0.111323  0.193169  0.101616  0.129201  0.217615  0.283613  0.418580  0.589011  0.839147  1.047547  1.278815  1.588941  1.912487  2.155001  1.932524  1.787373  1.716054  1.362374  1.070144  0.680761  0.401395  0.092854 -0.485156 -0.765191 -0.817846 -0.818844 -0.752102 -0.848165 -0.890435 -0.825490 -0.788015 -0.968546 -0.882862 -0.779596 -0.915873 -0.960623 -0.873701 -0.903148 -0.820852 -0.493856  0.211140  0.503609  0.451441  0.802779  0.883922  0.895320  0.840126  1.305181  2.114687 
Shapelet   3  -1.396352 -1.907585 -2.143874 -2.355315 -2.101647 -1.843942 -1.742854 -1.460701 -1.063464 -0.810129 -0.608295 -0.209648  0.194224  0.195186 -0.048401 -0.172591 -0.070164  0.102696  0.144605  0.021955  0.033527  0.112497  0.086263  0.103976  0.115469  0.198752  0.218297  0.083199  0.057905  0.018301  0.054358  0.173888  0.067628  0.038837  0.001797  0.068800  0.140219  0.023808  0.045458  0.034066  0.041175  0.159675  0.183363  0.225069 
Shapelet   7   0.755453  0.610652  0.531650  0.560354  0.488191  0.619816  0.689312  0.518924  0.508618  0.537300  0.835620  1.050430  1.052081  1.042223  1.323960  1.572556  1.836701  2.141114  2.052463  1.974795  1.991537  1.787754  1.390197  1.099906 
Shapelet  14  -1.507204 -1.057542 -1.671966 -4.217062 -4.180048 -3.582794 -2.830375 -1.716912 -0.094419 -0.018411  0.471608  0.978286  0.975963  0.549309  0.611254  0.584442  0.643971  0.757364  0.749305  0.921157  1.003428  1.042297  1.125786  1.100912  1.068021  0.970456  1.183541  1.262650  1.085200  1.264699  0.877950  0.791453  0.702581  0.658111  0.758417  0.597893  0.528631  0.224793  0.204307  0.113441 -0.027809  0.033926 -0.315774 -0.204608 -0.138890 -0.224932 -0.330126 -0.340381  0.082240  0.172526  0.096281  0.184124  0.295495  0.196974  0.201806  0.352338  0.287497  0.157508 -0.045103 -0.094706  0.000052  0.035875 -0.257074 -0.306457 -0.355606 -0.330748 -0.243753 -0.284643 -0.293401 -0.310861 -0.413996 -0.343992 -0.442434 -0.540933 -0.472662 -0.411821 -0.476488 -0.402848 -0.484680 -0.390362 -0.419381 -0.236669 -0.416158 -0.327174 -0.402152 -0.384138 -0.255768 -0.251777 -0.404911 -0.461821 -0.513050 -0.272641 -0.582739 -0.339661 -0.489069 -0.293061 -0.453088 -0.291111 -0.182360 -0.382290 -0.303301 -0.290399 -0.218229 -0.214518 -0.212407 -0.151586  0.161699  0.294027  0.572875  0.767028  1.199742  1.748563  2.260481  2.136690  2.000948  1.528593  1.196230  0.804028  0.259116 -0.597025 -0.859908 -1.121124 -0.985786 -0.976142 -1.144698 -1.050130 -0.962461 -0.965675 -0.819571 -0.851717 -0.952742 -0.450928  0.862350  0.888191  0.903878  1.342197  1.306403  0.987549  1.387443 
Shapelet  15  -0.100366 -0.080981  0.015497  0.000567 -0.038408  0.016768 -0.035225 -0.014723  0.001901 -0.114602 -0.114375 -0.179790 -0.196519 -0.226904 -0.273287 -0.076500 -0.029309 -0.157031 -0.211689 -0.204696 -0.026652  0.157690  0.151899  0.073538 -0.156353 -0.238948 -0.132593  0.041742  0.042392  0.039994 -0.074879 -0.102567 -0.266957 -0.175643  0.179494  0.252422  0.219408  0.186400  0.241268  0.158094  0.211894  0.257375  0.274507  0.254103  0.318899  0.289787  0.389634  0.347546  0.280028  0.292637  0.368637  0.350219  0.354654  0.216964  0.115419  0.238245  0.407128  0.458141  0.369879  0.406542  0.468118  0.274757  0.232145  0.514041  0.587497  0.509416  0.347740  0.399588  0.554584  0.571138  0.652779  0.677306  0.605421  0.617038  0.646442  0.598222  0.612448  0.547917  0.442124  0.412176  0.606417  0.659046  0.679487  0.814028  0.836754  0.748293  0.706047  0.675403  0.603400  0.586907  0.549023  0.586184  0.528271  0.425364  0.470011  0.579794  0.611185  0.649513  0.577058  0.660770  0.767446  0.799945  0.711443  0.920900  1.273071  1.356708  1.351089  1.371063  1.501275  1.478134  1.164954  0.829277 
Shapelet  30  -0.375969 -0.341980 -0.314598 -0.334392 -0.269140 -0.178457 -0.100962 -0.059928  0.052948  0.032216  0.095295  0.164111  0.175504  0.162220  0.272026  0.242115  0.228695  0.303619  0.325069  0.286735  0.317056  0.219004  0.258712  0.303685  0.280997  0.312012  0.318706  0.351864  0.429306  0.446054  0.421370  0.444648  0.505535  0.521538  0.520651  0.487211  0.564640  0.587661  0.582540  0.629941  0.671492  0.697250  0.745221  0.742287  0.708037  0.731914  0.721027  0.718023  0.722210  0.728383  0.676626  0.714581  0.665004  0.599120  0.600973  0.598771  0.666326  0.600995  0.528437  0.583383  0.578173  0.533922  0.585052  0.482570  0.444656  0.479389  0.423889  0.419652  0.441629  0.457304  0.552757  0.633137  0.692839  0.870669  1.040629  1.032802  0.977918  0.955693  0.959881  1.159027  1.166547  0.881542  0.710049  0.533762  0.468420  0.607635  0.617227  0.113610 


; cmd = ShapeletResearch/Execs/FastShapelet UCRArchive_2018//ECG5000/ECG5000_TRAIN.tsv 5 500 141 10 1 10 10 0 1 10 UCRArchive_2018//ECG5000/tree.txt UCRArchive_2018//ECG5000/time.txt
; time =>   37.409   2.113  14.954   1.845  16.995 
