;Shapelet Tree 

;random seed:1551068568, rand()=707020118, rand()=2080208567
;command = ShapeletResearch/Execs/FastShapelet UCRArchive_2018//DiatomSizeReduction/DiatomSizeReduction_TRAIN.tsv 4 16 346 10 1 10 10 0 1 10 UCRArchive_2018//DiatomSizeReduction/tree.txt UCRArchive_2018//DiatomSizeReduction/time.txt 

;Local Class:   0  1  2  3 
;Real  Class:   2  3  4  1 

;Node ID class   obj  pos  len  dist_th 
TreeSize: 8 
NonL  1    --      1   48  197   1.3428 ==>   0   5   4   0  /   6   0   0   1 
NonL  2    --      1    0  326   2.3599 ==>   0   0   4   0  /   0   5   0   0 
NonL  3    --      2   27  234   1.8743 ==>   0   0   0   1  /   6   0   0   0 
Leaf  4     4    
Leaf  5     3    
Leaf  6     1    
Leaf  7     2    

;Shapelet id   <data>
Shapelet   1  -0.677006 -0.717059 -0.727667 -0.754295 -0.799008 -0.842851 -0.886367 -0.928571 -0.959812 -0.956854 -0.974143 -1.011680 -1.047806 -1.083450 -1.117073 -1.150081 -1.181452 -1.183880 -1.160674 -1.175357 -1.200112 -1.222177 -1.243331 -1.262388 -1.279660 -1.295532 -1.308667 -1.320930 -1.329980 -1.337836 -1.343308 -1.346628 -1.348459 -1.347183 -1.344966 -1.339494 -1.332722 -1.323672 -1.312463 -1.299936 -1.284469 -1.268163 -1.249106 -1.228864 -1.206799 -1.182897 -1.158014 -1.130746 -1.102836 -1.072902 -1.042020 -1.009851 -1.007897 -1.020044 -0.985518 -0.947648 -0.908422 -0.868502 -0.827747 -0.814048 -0.811287 -0.767844 -0.722886 -0.677095 -0.630834 -0.584073 -0.561018 -0.546188 -0.496664 -0.446970 -0.396787 -0.360722 -0.337945 -0.292409 -0.240167 -0.187501 -0.134720 -0.081657 -0.028398  0.025025  0.060821  0.093702  0.148413  0.203201  0.258150  0.313225  0.368393  0.423727  0.479110  0.534660  0.590270  0.645989  0.701802  0.757676  0.813675  0.867769  0.907911  0.954312  1.010978  1.067706  1.124469  1.169198  1.212810  1.258155  1.304291  1.351568  1.400061  1.449163  1.499855  1.540353  1.534386  1.554709  1.608572  1.622627  1.619374  1.617362  1.615684  1.615033  1.614993  1.615645  1.617243  1.619197  1.564803  1.524066  1.528716  1.504893  1.452597  1.445555  1.452139  1.403037  1.354433  1.307156  1.260903  1.215558  1.160888  1.104357  1.061473  1.014413  0.957747  0.910344  0.870202  0.817070  0.761063  0.705188  0.649365  0.593646  0.538027  0.482477  0.427082  0.371736  0.316569  0.261481  0.206531  0.151729  0.097017  0.062728  0.028263 -0.025160 -0.078441 -0.131504 -0.184309 -0.236975 -0.289244 -0.336564 -0.359341 -0.393745 -0.443928 -0.493662 -0.543187 -0.592024 -0.633728 -0.646526 -0.674320 -0.720111 -0.765134 -0.809848 -0.853400 -0.887026 -0.887026 -0.906045 -0.945271 -0.983243 -1.020780 -1.008634 -1.007902 -1.040071 -1.071088 -1.101021 -1.129079 -1.154870 -1.125768 -1.111071 -1.132009 -1.151369 -1.169416 -1.185017 -1.199826 
Shapelet   2   1.931942  1.930480  1.930645  1.925727  1.870713  1.816430  1.762768  1.709994  1.653684  1.598369  1.546913  1.490344  1.433183  1.376091  1.326225  1.277160  1.227701  1.170913  1.120944  1.074592  1.029469  0.985678  0.937907  0.881993  0.839288  0.798864  0.759206  0.704197  0.659566  0.620397  0.566029  0.511762  0.457581  0.403520  0.366367  0.326243  0.273036  0.220028  0.167150  0.114403  0.061901  0.009558 -0.042631 -0.094568 -0.146284 -0.197816 -0.249092 -0.277572 -0.310327 -0.360048 -0.409329 -0.458325 -0.507032 -0.555194 -0.583213 -0.601901 -0.647796 -0.693146 -0.738048 -0.782326 -0.794058 -0.812165 -0.853391 -0.893567 -0.911950 -0.909026 -0.945385 -0.980867 -1.008107 -0.993561 -1.011044 -1.041042 -1.069711 -1.096786 -1.102682 -1.074688 -1.093155 -1.113630 -1.132856 -1.149862 -1.165390 -1.179550 -1.191600 -1.201782 -1.210503 -1.217301 -1.221851 -1.224886 -1.226255 -1.225035 -1.222296 -1.218041 -1.211242 -1.202810 -1.192910 -1.180861 -1.166975 -1.151712 -1.134706 -1.115735 -1.095503 -1.073924 -1.050317 -1.051456 -1.072830 -1.044160 -1.014360 -0.983572 -0.951393 -0.951623 -0.949340 -0.912982 -0.875472 -0.853980 -0.856239 -0.816650 -0.774884 -0.735319 -0.728919 -0.698055 -0.652788 -0.606894 -0.584739 -0.560434 -0.512272 -0.463626 -0.414686 -0.365443 -0.342778 -0.305605 -0.254670 -0.203395 -0.151899 -0.100218 -0.048281  0.003876  0.056190  0.108691  0.161411  0.214264  0.267252  0.320455  0.362788  0.397639  0.451700  0.505864  0.556426  0.592804  0.643282  0.693107  0.732059  0.772722  0.814434  0.857207  0.901735  0.952772  1.008246  1.054736  1.102253  1.152208  1.209167  1.260543  1.312676  1.369815  1.426966  1.481564  1.532902  1.590162  1.644907  1.697719  1.751575  1.806172  1.861377  1.917407  1.929452  1.910039  1.853010  1.796895  1.741375  1.686456  1.632668  1.576871  1.519501  1.462136  1.408116  1.354599  1.297343  1.245043  1.191977  1.134869  1.084722  1.036046  0.988220  0.941980  0.896702  0.852375  0.809602  0.757965  0.705837  0.665338  0.626439  0.582229  0.527457  0.489887  0.445592  0.391535  0.337643  0.296266  0.261266  0.208278  0.155451  0.102760  0.050258 -0.002025 -0.054149 -0.106085 -0.157730 -0.209187 -0.260452 -0.311356 -0.362023 -0.412460 -0.462520 -0.491067 -0.517712 -0.565874 -0.613538 -0.660839 -0.707717 -0.721058 -0.747867 -0.792110 -0.835467 -0.854406 -0.862363 -0.902458 -0.941685 -0.968423 -0.961275 -0.988605 -1.022904 -1.056218 -1.042235 -1.047399 -1.075980 -1.102714 -1.128209 -1.144018 -1.112926 -1.117920 -1.136627 -1.153633 -1.168621 -1.182222 -1.194272 -1.203878 -1.212010 -1.218662 -1.222759 -1.225190 -1.226100 -1.224732 -1.221388 -1.216533 -1.209735 -1.200714 -1.190238 -1.178188 -1.163744 -1.147941 -1.130789 -1.111445 -1.090718 -1.077851 -1.105845 -1.093765 -1.066472 -1.037803 -1.007600 -0.995204 -1.009751 -0.976925 -0.941277 -0.907835 -0.912474 -0.889037 -0.848734 -0.807508 -0.793562 -0.777324 -0.733046 -0.688049 -0.642611 -0.596716 -0.581630 -0.549753 -0.501546 -0.452821 -0.403766 -0.354431 -0.304710 -0.274968 -0.243300 -0.192024 -0.140452 -0.088700 -0.036764  0.015458  0.067832  0.120356  0.173110  0.226015  0.279047  0.332253  0.370084  0.409627  0.463688  0.501879  0.545791  0.600563  0.639322  0.686916  0.740886  0.781794  0.823919  0.867064 
Shapelet   3   0.391076  0.344322  0.293759  0.243309  0.192931  0.142621  0.108264  0.076364  0.046363  0.003353 -0.043207 -0.069411 -0.094084 -0.117151 -0.160721 -0.199250 -0.217785 -0.233933 -0.250884 -0.293899 -0.321434 -0.331169 -0.367487 -0.398752 -0.402780 -0.428818 -0.466598 -0.503389 -0.539682 -0.575346 -0.609984 -0.634326 -0.625347 -0.641201 -0.671733 -0.700739 -0.729042 -0.756369 -0.782230 -0.807353 -0.830954 -0.853315 -0.874865 -0.894241 -0.912709 -0.929790 -0.944967 -0.959173 -0.971334 -0.981983 -0.991542 -0.998488 -1.004355 -1.008508 -1.010539 -1.011475 -1.010087 -1.007156 -1.003003 -0.996247 -0.988430 -0.978870 -0.967374 -0.954863 -0.940190 -0.924229 -0.907148 -0.932999 -0.945268 -0.922735 -0.898688 -0.873829 -0.847238 -0.819715 -0.791302 -0.761356 -0.730781 -0.699115 -0.666443 -0.633210 -0.598772 -0.582223 -0.584417 -0.551216 -0.513078 -0.474215 -0.457383 -0.448715 -0.407107 -0.379296 -0.367351 -0.352115 -0.328778 -0.283433 -0.254103 -0.233194 -0.209038 -0.174310 -0.126227 -0.094684 -0.061493 -0.012250  0.026180  0.058264  0.092956  0.134372  0.185125  0.225257  0.265816  0.317156  0.368545  0.419965  0.471458  0.518832  0.559907  0.609532  0.661428  0.713361  0.765318  0.817293  0.869305  0.921332  0.973381  1.025456  1.076288  1.120689  1.165930  1.211838  1.259102  1.306899  1.355570  1.405181  1.447917  1.446269  1.445208  1.444658  1.494223  1.530710  1.532325  1.534715  1.537529  1.541289  1.545596  1.550423  1.556212  1.562418  1.569358  1.540693  1.501556  1.510760  1.495248  1.453843  1.413805  1.374399  1.336161  1.299068  1.262652  1.227888  1.193987  1.161077  1.113771  1.064166  1.014668  0.965269  0.915931  0.866748  0.817642  0.768633  0.719781  0.671006  0.622384  0.573898  0.525497  0.477322  0.429251  0.381326  0.315418  0.250014  0.202043  0.154244  0.106559  0.059183  0.011940 -0.035098 -0.101076 -0.167608 -0.214633 -0.261426 -0.308051 -0.354248 -0.400254 -0.445956 -0.491247 -0.536318 -0.580892 -0.641289 -0.714211 -0.759824 -0.803843 -0.847372 -0.890272 -0.932824 -0.974557 -1.033632 -1.107788 -1.151021 -1.191513 -1.231131 -1.269680 -1.307618 -1.344054 -1.379494 -1.413984 -1.446453 -1.477946 -1.507667 -1.535377 -1.566345 -1.637584 -1.684602 -1.706244 -1.724155 -1.740282 -1.753070 -1.762509 -1.769967 -1.772600 -1.772784 -1.770151 -1.763054 -1.753963 -1.741175 -1.725370 -1.707754 


; cmd = ShapeletResearch/Execs/FastShapelet UCRArchive_2018//DiatomSizeReduction/DiatomSizeReduction_TRAIN.tsv 4 16 346 10 1 10 10 0 1 10 UCRArchive_2018//DiatomSizeReduction/tree.txt UCRArchive_2018//DiatomSizeReduction/time.txt
; time =>   11.446   0.333   0.840   0.064  10.097 
