;Shapelet Tree 

;random seed:1551070659, rand()=2134133614, rand()=1943476810
;command = ShapeletResearch/Execs/FastShapelet UCRArchive_2018//Crop/Crop_TRAIN.tsv 24 7200 47 10 1 10 10 0 1 10 UCRArchive_2018//Crop/tree.txt UCRArchive_2018//Crop/time.txt 

;Local Class:   0  1  2  3  4  5  6  7  8  9 10 11 12 13 14 15 16 17 18 19 20 21 22 23 
;Real  Class:   1  2  3  4  5  6  7  8  9 10 11 12 13 14 15 16 17 18 19 20 21 22 23 24 

;Node ID class   obj  pos  len  dist_th 
TreeSize: 512 
NonL  1    --    4112    7   38   5.4568 ==> 296   3   0   6  14   6   2   1   6 291  68   3   1 215 266   3   1 271   1   5   2   0   0   0  /   4 297 300 294 286 294 298 299 294   9 232 297 299  85  34 297 299  29 299 295 298 300 300 300 
NonL  2    --     19    0   44   4.6613 ==> 294   1   0   0   5   5   0   1   4 279  26   1   0  39 229   0   0  21   0   5   2   0   0   0  /   2   2   0   6   9   1   2   0   2  12  42   2   1 176  37   3   1 250   1   0   0   0   0   0 
NonL  3    --      4    6   19   1.7336 ==>   1 286  50  51  30 163   1  89 201   0   8 219   5  33   0   1 295  12 278 227   1   9   0   0  /   3  11 250 243 256 131 297 210  93   9 224  78 294  52  34 296   4  17  21  68 297 291 300 300 
NonL  4    --     93    2   41   1.6942 ==> 220   0   0   0   0   0   0   0   0   9  25   0   0   0   2   0   0   1   0   0   0   0   0   0  /  74   1   0   0   5   5   0   1   4 270   1   1   0  39 227   0   0  20   0   5   2   0   0   0 
NonL  5    --    298   20   12   0.8171 ==>   0   0   0   0   0   0   0   0   0   0   0   0   0   0   0   0   0 232   0   0   0   0   0   0  /   2   2   0   6   9   1   2   0   2  12  42   2   1 176  37   3   1  18   1   0   0   0   0   0 
NonL  6    --    1247    3   42   3.4481 ==>   1 186   0   8   0  14   0   1   7   0   0   8   0   0   0   0 277   0 115  13   0   0   0   0  /   0 100  50  43  30 149   1  88 194   0   8 211   5  33   0   1  18  12 163 214   1   9   0   0 
NonL  7    --    1879    0   25   3.6653 ==>   1   3  15  13  37  24 297 181  37   2  44  14 214  20  17 180   0   2  10  12 286   0   1   0  /   2   8 235 230 219 107   0  29  56   7 180  64  80  32  17 116   4  15  11  56  11 291 299 300 
NonL  8    --    120    7   25   1.1265 ==>  22   0   0   0   0   0   0   0   0   2  24   0   0   0   0   0   0   1   0   0   0   0   0   0  / 198   0   0   0   0   0   0   0   0   7   1   0   0   0   2   0   0   0   0   0   0   0   0   0 
NonL  9    --    116    2   36   1.9435 ==>  13   0   0   0   0   0   0   0   0 214   0   0   0   2  15   0   0   2   0   2   0   0   0   0  /  61   1   0   0   5   5   0   1   4  56   1   1   0  37 212   0   0  18   0   3   2   0   0   0 
Leaf 10    18    
NonL 11    --    116    5   22   2.3961 ==>   1   2   0   3   0   0   0   0   0  11   2   2   0 170  33   0   0  18   1   0   0   0   0   0  /   1   0   0   3   9   1   2   0   2   1  40   0   1   6   4   3   1   0   0   0   0   0   0   0 
NonL 12    --    271    1   30   1.1913 ==>   0  62   0   0   0   0   0   0   0   0   0   0   0   0   0   0 222   0   3   0   0   0   0   0  /   1 124   0   8   0  14   0   1   7   0   0   8   0   0   0   0  55   0 112  13   0   0   0   0 
NonL 13    --    160    0   44   3.8347 ==>   0  60  29  14  17 114   0  40 153   0   0 183   1   2   0   0   7   4  43   6   0   2   0   0  /   0  40  21  29  13  35   1  48  41   0   8  28   4  31   0   1  11   8 120 208   1   7   0   0 
NonL 14    --    124    2   35   3.8902 ==>   1   0   3   0  16  12 281 120  14   1  36   1  39   2   1  10   0   0   1   1 286   0   0   0  /   0   3  12  13  21  12  16  61  23   1   8  13 175  18  16 170   0   2   9  11   0   0   1   0 
NonL 15    --    2204    0   45   7.9900 ==>   0   0   3  24   3   0   0   0   0   0  57   0   0   2   0   5   0   0   0   0   0  43  26 286  /   2   8 232 206 216 107   0  29  56   7 123  64  80  30  17 111   4  15  11  56  11 248 273  14 
NonL 16    --     36   15   16   0.6812 ==>   0   0   0   0   0   0   0   0   0   0  24   0   0   0   0   0   0   0   0   0   0   0   0   0  /  22   0   0   0   0   0   0   0   0   2   0   0   0   0   0   0   0   1   0   0   0   0   0   0 
Leaf 17     1    
NonL 18    --     63   23   16   1.4926 ==>   2   0   0   0   0   0   0   0   0 174   0   0   0   2   3   0   0   0   0   0   0   0   0   0  /  11   0   0   0   0   0   0   0   0  40   0   0   0   0  12   0   0   2   0   2   0   0   0   0 
NonL 19    --     37    5   26   1.6270 ==>  54   1   0   0   1   2   0   0   0  27   0   1   0  11 181   0   0  12   0   0   0   0   0   0  /   7   0   0   0   4   3   0   1   4  29   1   0   0  26  31   0   0   6   0   3   2   0   0   0 
NonL 22    --    224    0   44   5.3330 ==>   0   0   0   0   0   0   0   0   0   9   0   0   0  10  24   0   0  13   0   0   0   0   0   0  /   1   2   0   3   0   0   0   0   0   2   2   2   0 160   9   0   0   5   1   0   0   0   0   0 
NonL 23    --     49    0   45   5.6305 ==>   0   0   0   0   1   0   2   0   0   0  35   0   0   0   0   1   0   0   0   0   0   0   0   0  /   1   0   0   3   8   1   0   0   2   1   5   0   1   6   4   2   1   0   0   0   0   0   0   0 
NonL 24    --    225   15   25   2.7929 ==>   0  22   0   0   0   0   0   0   0   0   0   0   0   0   0   0 200   0   1   0   0   0   0   0  /   0  40   0   0   0   0   0   0   0   0   0   0   0   0   0   0  22   0   2   0   0   0   0   0 
NonL 25    --     11    0   45   4.6469 ==>   1 116   0   3   0   4   0   1   3   0   0   0   0   0   0   0  20   0  26  13   0   0   0   0  /   0   8   0   5   0  10   0   0   4   0   0   8   0   0   0   0  35   0  86   0   0   0   0   0 
NonL 26    --    365   23   22   1.8917 ==>   0  17  12   5   7  91   0  40 136   0   0 168   0   2   0   0   4   0  21   4   0   0   0   0  /   0  43  17   9  10  23   0   0  17   0   0  15   1   0   0   0   3   4  22   2   0   2   0   0 
NonL 27    --    321    0   22   1.7145 ==>   0  16   3   5   0  13   0   7  10   0   0   1   0   6   0   0   0   0  41 198   0   0   0   0  /   0  24  18  24  13  22   1  41  31   0   8  27   4  25   0   1  11   8  79  10   1   7   0   0 
NonL 28    --    635    2   43   2.9435 ==>   0   0   0   0   0   0  24   8   1   0   0   0   1   0   0   0   0   0   0   0 225   0   0   0  /   1   0   3   0  16  12 257 112  13   1  36   1  38   2   1  10   0   0   1   1  61   0   0   0 
NonL 29    --    305    0   39   4.8554 ==>   0   0   1   0   3   0   1   1   1   0   0   0 131   0   1 128   0   0   0   0   0   0   0   0  /   0   3  11  13  18  12  15  60  22   1   8  13  44  18  15  42   0   2   9  11   0   0   1   0 
NonL 30    --    162    2   33   5.1948 ==>   0   0   1   2   0   0   0   0   0   0   4   0   0   0   0   0   0   0   0   0   0   3  22 233  /   0   0   2  22   3   0   0   0   0   0  53   0   0   2   0   5   0   0   0   0   0  40   4  53 
NonL 31    --    1075   16   24   4.2319 ==>   2   4 148  73 158 100   0  28  48   4  32  60  67  18  17 105   2  15   7  53   8  41  14   0  /   0   4  84 133  58   7   0   1   8   3  91   4  13  12   0   6   2   0   4   3   3 207 259  14 
Leaf 32    11    
NonL 33    --     22    1   44   0.8629 ==>   0   0   0   0   0   0   0   0   0   2   0   0   0   0   0   0   0   0   0   0   0   0   0   0  /  22   0   0   0   0   0   0   0   0   0   0   0   0   0   0   0   0   1   0   0   0   0   0   0 
Leaf 36    10    
NonL 37    --     26    0   45   3.4596 ==>   9   0   0   0   0   0   0   0   0  40   0   0   0   0   2   0   0   0   0   2   0   0   0   0  /   2   0   0   0   0   0   0   0   0   0   0   0   0   0  10   0   0   2   0   0   0   0   0   0 
NonL 38    --     36    9   35   1.9311 ==>  40   1   0   0   0   0   0   0   0  17   0   1   0   1  20   0   0   2   0   0   0   0   0   0  /  14   0   0   0   1   2   0   0   0  10   0   0   0  10 161   0   0  10   0   0   0   0   0   0 
NonL 39    --     75    7   30   1.8423 ==>   1   0   0   0   0   0   0   0   0   2   0   0   0  20  16   0   0   0   0   0   0   0   0   0  /   6   0   0   0   4   3   0   1   4  27   1   0   0   6  15   0   0   6   0   3   2   0   0   0 
NonL 44    --     24    0   43   4.5924 ==>   0   0   0   0   0   0   0   0   0   8   0   0   0   1   9   0   0  13   0   0   0   0   0   0  /   0   0   0   0   0   0   0   0   0   1   0   0   0   9  15   0   0   0   0   0   0   0   0   0 
NonL 45    --     25    9   31   2.8460 ==>   0   0   0   0   0   0   0   0   0   0   0   0   0 109   0   0   0   0   1   0   0   0   0   0  /   1   2   0   3   0   0   0   0   0   2   2   2   0  51   9   0   0   5   0   0   0   0   0   0 
NonL 46    --     23    1   44   5.1370 ==>   0   0   0   0   0   0   0   0   0   0  35   0   0   0   0   1   0   0   0   0   0   0   0   0  /   0   0   0   0   1   0   2   0   0   0   0   0   0   0   0   0   0   0   0   0   0   0   0   0 
NonL 47    --      2    4   32   4.2885 ==>   1   0   0   2   0   1   0   0   2   0   4   0   1   0   4   2   0   0   0   0   0   0   0   0  /   0   0   0   1   8   0   0   0   0   1   1   0   0   6   0   0   1   0   0   0   0   0   0   0 
NonL 48    --      0    1   24   0.8896 ==>   0  16   0   0   0   0   0   0   0   0   0   0   0   0   0   0   3   0   0   0   0   0   0   0  /   0   6   0   0   0   0   0   0   0   0   0   0   0   0   0   0 197   0   1   0   0   0   0   0 
NonL 49    --      3    1   42   1.5975 ==>   0  26   0   0   0   0   0   0   0   0   0   0   0   0   0   0   1   0   0   0   0   0   0   0  /   0  14   0   0   0   0   0   0   0   0   0   0   0   0   0   0  21   0   2   0   0   0   0   0 
NonL 50    --     15   19   25   2.3562 ==>   1 116   0   3   0   1   0   1   2   0   0   0   0   0   0   0  18   0  16   0   0   0   0   0  /   0   0   0   0   0   3   0   0   1   0   0   0   0   0   0   0   2   0  10  13   0   0   0   0 
NonL 51    --      9    3   26   1.3966 ==>   0   2   0   1   0   3   0   0   2   0   0   4   0   0   0   0   1   0  80   0   0   0   0   0  /   0   6   0   4   0   7   0   0   2   0   0   4   0   0   0   0  34   0   6   0   0   0   0   0 
NonL 52    --    135    3   41   1.9838 ==>   0   3   0   0   0   2   0  25  13   0   0   2   0   0   0   0   0   0   0   0   0   0   0   0  /   0  14  12   5   7  89   0  15 123   0   0 166   0   2   0   0   4   0  21   4   0   0   0   0 
NonL 53    --     17    4   31   1.6417 ==>   0  40   0   5   0   7   0   0   6   0   0   3   0   0   0   0   3   0  18   0   0   0   0   0  /   0   3  17   4  10  16   0   0  11   0   0  12   1   0   0   0   0   4   4   2   0   2   0   0 
NonL 54    --    254    9   15   1.1147 ==>   0  12   2   3   0   3   0   1   3   0   0   1   0   1   0   0   0   0  33 192   0   0   0   0  /   0   4   1   2   0  10   0   6   7   0   0   0   0   5   0   0   0   0   8   6   0   0   0   0 
NonL 55    --    299    1   43   5.3705 ==>   0   1   0   1   0   2   0  38   7   0   0   9   0   1   0   0   1   0  45   6   0   0   0   0  /   0  23  18  23  13  20   1   3  24   0   8  18   4  24   0   1  10   8  34   4   1   7   0   0 
NonL 56    --    117    1   30   1.1927 ==>   0   0   0   0   0   0   1   1   0   0   0   0   0   0   0   0   0   0   0   0 185   0   0   0  /   0   0   0   0   0   0  23   7   1   0   0   0   1   0   0   0   0   0   0   0  40   0   0   0 
NonL 57    --    495    0   35   2.5543 ==>   0   0   0   0   3   3 188  64   4   0  10   0  29   0   0  10   0   0   0   0   5   0   0   0  /   1   0   3   0  13   9  69  48   9   1  26   1   9   2   1   0   0   0   1   1  56   0   0   0 
NonL 58    --    122   11   28   4.4753 ==>   0   0   0   0   0   0   1   1   0   0   0   0 130   0   1  88   0   0   0   0   0   0   0   0  /   0   0   1   0   3   0   0   0   1   0   0   0   1   0   0  40   0   0   0   0   0   0   0   0 
NonL 59    --     65    0   45   5.2887 ==>   0   2   2   0   9   5  12  58   7   0   5  12  34   1   0  32   0   0   5   1   0   0   0   0  /   0   1   9  13   9   7   3   2  15   1   3   1  10  17  15  10   0   2   4  10   0   0   1   0 
NonL 60    --     22    4   32   3.0822 ==>   0   0   0   0   0   0   0   0   0   0   0   0   0   0   0   0   0   0   0   0   0   0  13   0  /   0   0   1   2   0   0   0   0   0   0   4   0   0   0   0   0   0   0   0   0   0   3   9 233 
NonL 61    --    132    3   42   7.5029 ==>   0   0   1  10   2   0   0   0   0   0  47   0   0   1   0   5   0   0   0   0   0   0   0  53  /   0   0   1  12   1   0   0   0   0   0   6   0   0   1   0   0   0   0   0   0   0  40   4   0 
NonL 62    --    600    2   41   6.7568 ==>   0   2 129  55 121  89   0  25  46   0   7  58   9  14   5  64   0   1   6   8   2  37  14   0  /   2   2  19  18  37  11   0   3   2   4  25   2  58   4  12  41   2  14   1  45   6   4   0   0 
NonL 63    --    645    4   36   4.3749 ==>   0   0   1   0   0   0   0   0   0   0   0   0   0   0   0   0   0   0   1   0   0   0 187   0  /   0   4  83 133  58   7   0   1   8   3  91   4  13  12   0   6   2   0   3   3   3 207  72  14 
Leaf 66    10    
Leaf 67     1    
NonL 74    --      0    6   28   0.7328 ==>   9   0   0   0   0   0   0   0   0   2   0   0   0   0   0   0   0   0   0   0   0   0   0   0  /   0   0   0   0   0   0   0   0   0  38   0   0   0   0   2   0   0   0   0   2   0   0   0   0 
NonL 75    --      2   18   17   1.3962 ==>   0   0   0   0   0   0   0   0   0   0   0   0   0   0  10   0   0   0   0   0   0   0   0   0  /   2   0   0   0   0   0   0   0   0   0   0   0   0   0   0   0   0   2   0   0   0   0   0   0 
NonL 76    --     40    9   25   1.2527 ==>  39   1   0   0   0   0   0   0   0  12   0   1   0   0   7   0   0   0   0   0   0   0   0   0  /   1   0   0   0   0   0   0   0   0   5   0   0   0   1  13   0   0   2   0   0   0   0   0   0 
NonL 77    --    204    5   28   1.5409 ==>   0   0   0   0   0   0   0   0   0   0   0   0   0   0   0   0   0   7   0   0   0   0   0   0  /  14   0   0   0   1   2   0   0   0  10   0   0   0  10 161   0   0   3   0   0   0   0   0   0 
NonL 78    --     23    3   40   2.4848 ==>   0   0   0   0   0   0   0   0   0   0   0   0   0   0  11   0   0   0   0   0   0   0   0   0  /   1   0   0   0   0   0   0   0   0   2   0   0   0  20   5   0   0   0   0   0   0   0   0   0 
NonL 79    --     13   28   15   1.1215 ==>   3   0   0   0   0   1   0   1   0   0   0   0   0   0   0   0   0   0   0   3   2   0   0   0  /   3   0   0   0   4   2   0   0   4  27   1   0   0   6  15   0   0   6   0   0   0   0   0   0 
NonL 88    --     17    6   25   1.0393 ==>   0   0   0   0   0   0   0   0   0   3   0   0   0   1   9   0   0   0   0   0   0   0   0   0  /   0   0   0   0   0   0   0   0   0   5   0   0   0   0   0   0   0  13   0   0   0   0   0   0 
NonL 89    --      3    6   31   3.3723 ==>   0   0   0   0   0   0   0   0   0   1   0   0   0   2  15   0   0   0   0   0   0   0   0   0  /   0   0   0   0   0   0   0   0   0   0   0   0   0   7   0   0   0   0   0   0   0   0   0   0 
Leaf 90    14    
NonL 91    --     71    5   34   2.9555 ==>   1   1   0   0   0   0   0   0   0   0   0   0   0   1   8   0   0   2   0   0   0   0   0   0  /   0   1   0   3   0   0   0   0   0   2   2   2   0  50   1   0   0   3   0   0   0   0   0   0 
Leaf 92    11    
NonL 93    --      0   34   10   1.6160 ==>   0   0   0   0   1   0   0   0   0   0   0   0   0   0   0   0   0   0   0   0   0   0   0   0  /   0   0   0   0   0   0   2   0   0   0   0   0   0   0   0   0   0   0   0   0   0   0   0   0 
NonL 94    --      7    1   21   3.0485 ==>   0   0   0   0   0   0   0   0   0   0   4   0   0   0   4   2   0   0   0   0   0   0   0   0  /   1   0   0   2   0   1   0   0   2   0   0   0   1   0   0   0   0   0   0   0   0   0   0   0 
NonL 95    --      5   11   10   1.2176 ==>   0   0   0   0   1   0   0   0   0   1   1   0   0   6   0   0   1   0   0   0   0   0   0   0  /   0   0   0   1   7   0   0   0   0   0   0   0   0   0   0   0   0   0   0   0   0   0   0   0 
NonL 96    --      0    3   42   1.4202 ==>   0   2   0   0   0   0   0   0   0   0   0   0   0   0   0   0   3   0   0   0   0   0   0   0  /   0  14   0   0   0   0   0   0   0   0   0   0   0   0   0   0   0   0   0   0   0   0   0   0 
Leaf 97    17    
Leaf 98     2    
NonL 99    --      1   19   20   1.4386 ==>   0   6   0   0   0   0   0   0   0   0   0   0   0   0   0   0   0   0   2   0   0   0   0   0  /   0   8   0   0   0   0   0   0   0   0   0   0   0   0   0   0  21   0   0   0   0   0   0   0 
NonL 100    --    140   10   11   0.9686 ==>   0 114   0   1   0   0   0   1   2   0   0   0   0   0   0   0  18   0   9   0   0   0   0   0  /   1   2   0   2   0   1   0   0   0   0   0   0   0   0   0   0   0   0   7   0   0   0   0   0 
NonL 101    --     26    0   42   1.6784 ==>   0   0   0   0   0   0   0   0   0   0   0   0   0   0   0   0   0   0   0  13   0   0   0   0  /   0   0   0   0   0   3   0   0   1   0   0   0   0   0   0   0   2   0  10   0   0   0   0   0 
NonL 102    --     74    0   33   2.4579 ==>   0   2   0   0   0   1   0   0   2   0   0   1   0   0   0   0   0   0  77   0   0   0   0   0  /   0   0   0   1   0   2   0   0   0   0   0   3   0   0   0   0   1   0   3   0   0   0   0   0 
NonL 103    --     26    8   12   0.8576 ==>   0   3   0   1   0   0   0   0   1   0   0   3   0   0   0   0  32   0   0   0   0   0   0   0  /   0   3   0   3   0   7   0   0   1   0   0   1   0   0   0   0   2   0   6   0   0   0   0   0 
NonL 104    --     31   26   10   0.8556 ==>   0   3   0   0   0   0   0   3  10   0   0   2   0   0   0   0   0   0   0   0   0   0   0   0  /   0   0   0   0   0   2   0  22   3   0   0   0   0   0   0   0   0   0   0   0   0   0   0   0 
NonL 105    --     60   30   14   0.8737 ==>   0   6   5   0   1  48   0  10 108   0   0 102   0   1   0   0   0   0  20   2   0   0   0   0  /   0   8   7   5   6  41   0   5  15   0   0  64   0   1   0   0   4   0   1   2   0   0   0   0 
NonL 106    --     10    2   27   1.7158 ==>   0  38   0   2   0   1   0   0   3   0   0   2   0   0   0   0   2   0   2   0   0   0   0   0  /   0   2   0   3   0   6   0   0   3   0   0   1   0   0   0   0   1   0  16   0   0   0   0   0 
NonL 107    --     59    5   19   1.4104 ==>   0   0   3   2   1   0   0   0  10   0   0   3   0   0   0   0   0   4   2   0   0   0   0   0  /   0   3  14   2   9  16   0   0   1   0   0   9   1   0   0   0   0   0   2   2   0   2   0   0 
NonL 108    --     38    6   35   4.3315 ==>   0   1   0   0   0   1   0   0   0   0   0   0   0   0   0   0   0   0  19   5   0   0   0   0  /   0  11   2   3   0   2   0   1   3   0   0   1   0   1   0   0   0   0  14 187   0   0   0   0 
NonL 109    --      0    6   16   1.5145 ==>   0   4   0   0   0  10   0   6   6   0   0   0   0   0   0   0   0   0   0   4   0   0   0   0  /   0   0   1   2   0   0   0   0   1   0   0   0   0   5   0   0   0   0   8   2   0   0   0   0 
NonL 110    --     64    1   27   2.1988 ==>   0   1   0   0   0   2   0   0   0   0   0   2   0   1   0   0   0   0  42   0   0   0   0   0  /   0   0   0   1   0   0   0  38   7   0   0   7   0   0   0   0   1   0   3   6   0   0   0   0 
NonL 111    --     10    0   45   7.7242 ==>   0  23   8  19   4   8   1   1   6   0   3   9   3   3   0   1  10   7  34   1   1   7   0   0  /   0   0  10   4   9  12   0   2  18   0   5   9   1  21   0   0   0   1   0   3   0   0   0   0 
Leaf 112    21    
NonL 113    --      0    0   44   1.9728 ==>   0   0   0   0   0   0  15   1   0   0   0   0   0   0   0   0   0   0   0   0   0   0   0   0  /   0   0   0   0   0   0   8   6   1   0   0   0   1   0   0   0   0   0   0   0  40   0   0   0 
NonL 114    --    267    1   17   0.7587 ==>   0   0   0   0   0   0   8   0   0   0  10   0   3   0   0   0   0   0   0   0   0   0   0   0  /   0   0   0   0   3   3 180  64   4   0   0   0  26   0   0  10   0   0   0   0   5   0   0   0 
NonL 115    --    237   20   18   2.4162 ==>   0   0   0   0   5   8  52  29   5   0  13   0   6   1   0   0   0   0   1   1   1   0   0   0  /   1   0   3   0   8   1  17  19   4   1  13   1   3   1   1   0   0   0   0   0  55   0   0   0 
NonL 116    --    168    0   45   4.3615 ==>   0   0   0   0   0   0   0   0   0   0   0   0  23   0   0  56   0   0   0   0   0   0   0   0  /   0   0   0   0   0   0   1   1   0   0   0   0 107   0   1  32   0   0   0   0   0   0   0   0 
NonL 117    --     23    0   31   4.5435 ==>   0   0   1   0   0   0   0   0   0   0   0   0   1   0   0  40   0   0   0   0   0   0   0   0  /   0   0   0   0   3   0   0   0   1   0   0   0   0   0   0   0   0   0   0   0   0   0   0   0 
NonL 118    --     73    0   44   4.2834 ==>   0   0   1   0   0   1   7  43   0   0   1   8   0   1   0  20   0   0   1   0   0   0   0   0  /   0   2   1   0   9   4   5  15   7   0   4   4  34   0   0  12   0   0   4   1   0   0   0   0 
NonL 119    --     58    6   27   3.5783 ==>   0   0   0   0   0   0   0   0   3   1   0   0   0  13  13   0   0   1   1   0   0   0   0   0  /   0   1   9  13   9   7   3   2  12   0   3   1  10   4   2  10   0   1   3  10   0   0   1   0 
Leaf 120    23    
Leaf 121    24    
NonL 122    --     67    3   15   3.0667 ==>   0   0   0   6   2   0   0   0   0   0  47   0   0   0   0   0   0   0   0   0   0   0   0  25  /   0   0   1   4   0   0   0   0   0   0   0   0   0   1   0   5   0   0   0   0   0   0   0  28 
NonL 123    --     21    0   41   6.8359 ==>   0   0   0   6   0   0   0   0   0   0   0   0   0   0   0   0   0   0   0   0   0  39   0   0  /   0   0   1   6   1   0   0   0   0   0   6   0   0   1   0   0   0   0   0   0   0   1   4   0 
NonL 124    --    589    1   42   4.8477 ==>   0   1   9   2  14  41   0  23  20   0   2  33   6   0   0  34   0   0   4   2   2   0   0   0  /   0   1 120  53 107  48   0   2  26   0   5  25   3  14   5  30   0   1   2   6   0  37  14   0 
NonL 125    --    258    8   34   4.6789 ==>   0   1   0   4   0   1   0   0   0   2   0   0   1   1   0   0   2  13   1  42   1   0   0   0  /   2   1  19  14  37  10   0   3   2   2  25   2  57   3  12  41   0   1   0   3   5   4   0   0 
Leaf 126    23    
NonL 127    --    487    1   41   6.1294 ==>   0   1  23  38   4   1   0   0   3   0   8   2   0   2   0   0   0   0   0   0   0 189  20   0  /   0   3  60  95  54   6   0   1   5   3  83   2  13  10   0   6   2   0   3   3   3  18  52  14 
NonL 148    --      1   18   24   1.3078 ==>   9   0   0   0   0   0   0   0   0   0   0   0   0   0   0   0   0   0   0   0   0   0   0   0  /   0   0   0   0   0   0   0   0   0   2   0   0   0   0   0   0   0   0   0   0   0   0   0   0 
Leaf 149    10    
Leaf 150    15    
NonL 151    --      2   23   11   0.7212 ==>   0   0   0   0   0   0   0   0   0   0   0   0   0   0   0   0   0   2   0   0   0   0   0   0  /   2   0   0   0   0   0   0   0   0   0   0   0   0   0   0   0   0   0   0   0   0   0   0   0 
NonL 152    --      2   11   12   0.5007 ==>  33   0   0   0   0   0   0   0   0   0   0   1   0   0   5   0   0   0   0   0   0   0   0   0  /   6   1   0   0   0   0   0   0   0  12   0   0   0   0   2   0   0   0   0   0   0   0   0   0 
NonL 153    --      1    5   17   0.6659 ==>   0   0   0   0   0   0   0   0   0   4   0   0   0   0   0   0   0   2   0   0   0   0   0   0  /   1   0   0   0   0   0   0   0   0   1   0   0   0   1  13   0   0   0   0   0   0   0   0   0 
Leaf 154    18    
NonL 155    --     89    0   43   3.3061 ==>   3   0   0   0   0   2   0   0   0   1   0   0   0   0  88   0   0   0   0   0   0   0   0   0  /  11   0   0   0   1   0   0   0   0   9   0   0   0  10  73   0   0   3   0   0   0   0   0   0 
Leaf 156    15    
NonL 157    --      8    6   37   2.4784 ==>   0   0   0   0   0   0   0   0   0   0   0   0   0  15   0   0   0   0   0   0   0   0   0   0  /   1   0   0   0   0   0   0   0   0   2   0   0   0   5   5   0   0   0   0   0   0   0   0   0 
NonL 158    --      6    0   13   1.2453 ==>   0   0   0   0   0   0   0   0   0   0   0   0   0   0   0   0   0   0   0   3   2   0   0   0  /   3   0   0   0   0   1   0   1   0   0   0   0   0   0   0   0   0   0   0   0   0   0   0   0 
NonL 159    --     40   17   17   2.3442 ==>   1   0   0   0   1   1   0   0   0   0   1   0   0   5   6   0   0   0   0   0   0   0   0   0  /   2   0   0   0   3   1   0   0   4  27   0   0   0   1   9   0   0   6   0   0   0   0   0   0 
NonL 176    --      0    0   41   2.0226 ==>   0   0   0   0   0   0   0   0   0   3   0   0   0   0   0   0   0   0   0   0   0   0   0   0  /   0   0   0   0   0   0   0   0   0   0   0   0   0   1   9   0   0   0   0   0   0   0   0   0 
NonL 177    --      4    0   11   0.9548 ==>   0   0   0   0   0   0   0   0   0   4   0   0   0   0   0   0   0   0   0   0   0   0   0   0  /   0   0   0   0   0   0   0   0   0   1   0   0   0   0   0   0   0  13   0   0   0   0   0   0 
NonL 178    --      2   10   35   2.1476 ==>   0   0   0   0   0   0   0   0   0   0   0   0   0   2   0   0   0   0   0   0   0   0   0   0  /   0   0   0   0   0   0   0   0   0   1   0   0   0   0  15   0   0   0   0   0   0   0   0   0 
Leaf 179    14    
NonL 182    --      0   10   33   2.1932 ==>   1   1   0   0   0   0   0   0   0   0   0   0   0   1   0   0   0   2   0   0   0   0   0   0  /   0   0   0   0   0   0   0   0   0   0   0   0   0   0   8   0   0   0   0   0   0   0   0   0 
NonL 183    --     25    4   13   1.2036 ==>   0   0   0   0   0   0   0   0   0   1   0   1   0  47   0   0   0   1   0   0   0   0   0   0  /   0   1   0   3   0   0   0   0   0   1   2   1   0   3   1   0   0   2   0   0   0   0   0   0 
Leaf 186     5    
Leaf 187     7    
NonL 188    --      5    2   12   2.0947 ==>   0   0   0   0   0   0   0   0   0   0   0   0   0   0   4   2   0   0   0   0   0   0   0   0  /   0   0   0   0   0   0   0   0   0   0   4   0   0   0   0   0   0   0   0   0   0   0   0   0 
NonL 189    --      1   17   27   3.8384 ==>   0   0   0   2   0   0   0   0   2   0   0   0   0   0   0   0   0   0   0   0   0   0   0   0  /   1   0   0   0   0   1   0   0   0   0   0   0   1   0   0   0   0   0   0   0   0   0   0   0 
NonL 190    --      4    2   13   1.7609 ==>   0   0   0   0   1   0   0   0   0   0   0   0   0   6   0   0   0   0   0   0   0   0   0   0  /   0   0   0   0   0   0   0   0   0   1   1   0   0   0   0   0   1   0   0   0   0   0   0   0 
NonL 191    --      0   18   16   1.5234 ==>   0   0   0   1   0   0   0   0   0   0   0   0   0   0   0   0   0   0   0   0   0   0   0   0  /   0   0   0   0   7   0   0   0   0   0   0   0   0   0   0   0   0   0   0   0   0   0   0   0 
NonL 192    --      1    8   15   0.4429 ==>   0   2   0   0   0   0   0   0   0   0   0   0   0   0   0   0   0   0   0   0   0   0   0   0  /   0   0   0   0   0   0   0   0   0   0   0   0   0   0   0   0   3   0   0   0   0   0   0   0 
Leaf 193     2    
NonL 198    --      7   20   12   1.3914 ==>   0   0   0   0   0   0   0   0   0   0   0   0   0   0   0   0   0   0   2   0   0   0   0   0  /   0   6   0   0   0   0   0   0   0   0   0   0   0   0   0   0   0   0   0   0   0   0   0   0 
NonL 199    --      6    4   15   0.6108 ==>   0   7   0   0   0   0   0   0   0   0   0   0   0   0   0   0   2   0   0   0   0   0   0   0  /   0   1   0   0   0   0   0   0   0   0   0   0   0   0   0   0  19   0   0   0   0   0   0   0 
NonL 200    --      4    0   31   2.6618 ==>   0  90   0   1   0   0   0   0   0   0   0   0   0   0   0   0   5   0   4   0   0   0   0   0  /   0  24   0   0   0   0   0   1   2   0   0   0   0   0   0   0  13   0   5   0   0   0   0   0 
NonL 201    --      1    1   33   2.0121 ==>   0   2   0   0   0   0   0   0   0   0   0   0   0   0   0   0   0   0   7   0   0   0   0   0  /   1   0   0   2   0   1   0   0   0   0   0   0   0   0   0   0   0   0   0   0   0   0   0   0 
Leaf 202    20    
NonL 203    --     14    8   25   1.2252 ==>   0   0   0   0   0   0   0   0   0   0   0   0   0   0   0   0   0   0  10   0   0   0   0   0  /   0   0   0   0   0   3   0   0   1   0   0   0   0   0   0   0   2   0   0   0   0   0   0   0 
Leaf 204    19    
NonL 205    --      7    9   27   2.0199 ==>   0   0   0   1   0   0   0   0   0   0   0   0   0   0   0   0   1   0   3   0   0   0   0   0  /   0   0   0   0   0   2   0   0   0   0   0   3   0   0   0   0   0   0   0   0   0   0   0   0 
NonL 206    --      4    5   12   0.8729 ==>   0   3   0   0   0   0   0   0   1   0   0   0   0   0   0   0  32   0   0   0   0   0   0   0  /   0   0   0   1   0   0   0   0   0   0   0   3   0   0   0   0   0   0   0   0   0   0   0   0 
NonL 207    --     19    5   37   3.5654 ==>   0   0   0   0   0   7   0   0   1   0   0   1   0   0   0   0   2   0   6   0   0   0   0   0  /   0   3   0   3   0   0   0   0   0   0   0   0   0   0   0   0   0   0   0   0   0   0   0   0 
NonL 208    --      3    4   38   1.5013 ==>   0   0   0   0   0   0   0   3   1   0   0   2   0   0   0   0   0   0   0   0   0   0   0   0  /   0   3   0   0   0   0   0   0   9   0   0   0   0   0   0   0   0   0   0   0   0   0   0   0 
NonL 209    --      5    5   40   1.7448 ==>   0   0   0   0   0   0   0  19   0   0   0   0   0   0   0   0   0   0   0   0   0   0   0   0  /   0   0   0   0   0   2   0   3   3   0   0   0   0   0   0   0   0   0   0   0   0   0   0   0 
NonL 210    --     35    0   45   3.8156 ==>   0   6   4   0   1  39   0   0  77   0   0  93   0   0   0   0   0   0  16   1   0   0   0   0  /   0   0   1   0   0   9   0  10  31   0   0   9   0   1   0   0   0   0   4   1   0   0   0   0 
NonL 211    --     71    1   42   3.1438 ==>   0   8   2   1   0  18   0   5   6   0   0  21   0   0   0   0   4   0   0   0   0   0   0   0  /   0   0   5   4   6  23   0   0   9   0   0  43   0   1   0   0   0   0   1   2   0   0   0   0 
NonL 212    --     21    0   45   3.6605 ==>   0  38   0   0   0   1   0   0   0   0   0   2   0   0   0   0   0   0   2   0   0   0   0   0  /   0   0   0   2   0   0   0   0   3   0   0   0   0   0   0   0   2   0   0   0   0   0   0   0 
NonL 213    --      1    6   28   1.6452 ==>   0   1   0   0   0   6   0   0   3   0   0   0   0   0   0   0   1   0  16   0   0   0   0   0  /   0   1   0   3   0   0   0   0   0   0   0   1   0   0   0   0   0   0   0   0   0   0   0   0 
NonL 214    --     24    9   29   3.8087 ==>   0   0   2   2   0   0   0   0   0   0   0   0   0   0   0   0   0   4   2   0   0   0   0   0  /   0   0   1   0   1   0   0   0  10   0   0   3   0   0   0   0   0   0   0   0   0   0   0   0 
NonL 215    --      2    8   34   2.8226 ==>   0   3   0   0   1   1   0   0   1   0   0   0   0   0   0   0   0   0   2   0   0   2   0   0  /   0   0  14   2   8  15   0   0   0   0   0   9   1   0   0   0   0   0   0   2   0   0   0   0 
NonL 216    --      0    1   20   1.5641 ==>   0   1   0   0   0   1   0   0   0   0   0   0   0   0   0   0   0   0  19   0   0   0   0   0  /   0   0   0   0   0   0   0   0   0   0   0   0   0   0   0   0   0   0   0   5   0   0   0   0 
NonL 217    --     44    6   17   1.0888 ==>   0   2   0   0   0   0   0   0   3   0   0   0   0   0   0   0   0   0  10 148   0   0   0   0  /   0   9   2   3   0   2   0   1   0   0   0   1   0   1   0   0   0   0   4  39   0   0   0   0 
NonL 218    --      6    1   42   4.5580 ==>   0   1   0   0   0  10   0   6   3   0   0   0   0   0   0   0   0   0   0   0   0   0   0   0  /   0   3   0   0   0   0   0   0   3   0   0   0   0   0   0   0   0   0   0   4   0   0   0   0 
NonL 219    --     13    7   22   1.5948 ==>   0   0   0   0   0   0   0   0   1   0   0   0   0   0   0   0   0   0   8   0   0   0   0   0  /   0   0   1   2   0   0   0   0   0   0   0   0   0   5   0   0   0   0   0   2   0   0   0   0 
NonL 220    --     26    0   29   1.9390 ==>   0   0   0   0   0   0   0   0   0   0   0   0   0   0   0   0   0   0  39   0   0   0   0   0  /   0   1   0   0   0   2   0   0   0   0   0   2   0   1   0   0   0   0   3   0   0   0   0   0 
NonL 221    --     58    0   43   5.7154 ==>   0   0   0   1   0   0   0  38   3   0   0   3   0   0   0   0   1   0   0   2   0   0   0   0  /   0   0   0   0   0   0   0   0   4   0   0   4   0   0   0   0   0   0   3   4   0   0   0   0 
NonL 222    --     36   19   15   0.9425 ==>   0  15   0   1   0   0   0   1   0   0   0   3   0   0   0   0   7   4  28   0   0   0   0   0  /   0   8   8  18   4   8   1   0   6   0   3   6   3   3   0   1   3   3   6   1   1   7   0   0 
NonL 223    --      2    0   45   7.1608 ==>   0   0  10   4   8  10   0   1  15   0   0   9   1   3   0   0   0   0   0   2   0   0   0   0  /   0   0   0   0   1   2   0   1   3   0   5   0   0  18   0   0   0   1   0   1   0   0   0   0 
Leaf 226     7    
NonL 227    --      3    2   41   2.3871 ==>   0   0   0   0   0   0   2   5   0   0   0   0   1   0   0   0   0   0   0   0   0   0   0   0  /   0   0   0   0   0   0   6   1   1   0   0   0   0   0   0   0   0   0   0   0  40   0   0   0 
NonL 228    --     14    2   33   1.6417 ==>   0   0   0   0   0   0   3   0   0   0  10   0   0   0   0   0   0   0   0   0   0   0   0   0  /   0   0   0   0   0   0   5   0   0   0   0   0   3   0   0   0   0   0   0   0   0   0   0   0 
NonL 229    --     62    1   44   3.0433 ==>   0   0   0   0   2   2 131  24   1   0   0   0   5   0   0   4   0   0   0   0   0   0   0   0  /   0   0   0   0   1   1  49  40   3   0   0   0  21   0   0   6   0   0   0   0   5   0   0   0 
NonL 230    --    104    0   40   1.2768 ==>   0   0   0   0   0   0   0   0   0   0   9   0   0   0   0   0   0   0   0   0   0   0   0   0  /   0   0   0   0   5   8  52  29   5   0   4   0   6   1   0   0   0   0   1   1   1   0   0   0 
NonL 231    --      2    0   18   1.8137 ==>   1   0   3   0   3   0   6  11   4   0   0   1   0   0   1   0   0   0   0   0  44   0   0   0  /   0   0   0   0   5   1  11   8   0   1  13   0   3   1   0   0   0   0   0   0  11   0   0   0 
NonL 232    --     31    7   35   3.7804 ==>   0   0   0   0   0   0   0   0   0   0   0   0  14   0   0  55   0   0   0   0   0   0   0   0  /   0   0   0   0   0   0   0   0   0   0   0   0   9   0   0   1   0   0   0   0   0   0   0   0 
NonL 233    --    114    1   41   5.8495 ==>   0   0   0   0   0   0   1   1   0   0   0   0 107   0   0  18   0   0   0   0   0   0   0   0  /   0   0   0   0   0   0   0   0   0   0   0   0   0   0   1  14   0   0   0   0   0   0   0   0 
Leaf 234    16    
NonL 235    --      3   23   12   0.7722 ==>   0   0   0   0   0   0   0   0   1   0   0   0   0   0   0   0   0   0   0   0   0   0   0   0  /   0   0   0   0   3   0   0   0   0   0   0   0   0   0   0   0   0   0   0   0   0   0   0   0 
NonL 236    --     49    8   21   2.3543 ==>   0   0   0   0   0   1   2  29   0   0   0   8   0   0   0  20   0   0   0   0   0   0   0   0  /   0   0   1   0   0   0   5  14   0   0   1   0   0   1   0   0   0   0   1   0   0   0   0   0 
NonL 237    --    100    2   25   2.0747 ==>   0   0   0   0   0   0   3   0   6   0   0   0   5   0   0   0   0   0   4   1   0   0   0   0  /   0   2   1   0   9   4   2  15   1   0   4   4  29   0   0  12   0   0   0   0   0   0   0   0 
NonL 238    --      3    0   45   4.8444 ==>   0   0   0   0   0   0   0   0   3   1   0   0   0   0  13   0   0   0   0   0   0   0   0   0  /   0   0   0   0   0   0   0   0   0   0   0   0   0  13   0   0   0   1   1   0   0   0   0   0 
NonL 239    --     15    1   20   2.6221 ==>   0   0   1   5   2   2   1   0  10   0   3   0   0   0   2   0   0   1   1  10   0   0   1   0  /   0   1   8   8   7   5   2   2   2   0   0   1  10   4   0  10   0   0   2   0   0   0   0   0 
NonL 244    --     56   19   23   4.7791 ==>   0   0   0   1   1   0   0   0   0   0  18   0   0   0   0   0   0   0   0   0   0   0   0  25  /   0   0   0   5   1   0   0   0   0   0  29   0   0   0   0   0   0   0   0   0   0   0   0   0 
NonL 245    --     13    0   20   3.0310 ==>   0   0   0   0   0   0   0   0   0   0   0   0   0   0   0   0   0   0   0   0   0   0   0  27  /   0   0   1   4   0   0   0   0   0   0   0   0   0   1   0   5   0   0   0   0   0   0   0   1 
NonL 246    --     17    6   22   4.5034 ==>   0   0   0   0   0   0   0   0   0   0   0   0   0   0   0   0   0   0   0   0   0  36   0   0  /   0   0   0   6   0   0   0   0   0   0   0   0   0   0   0   0   0   0   0   0   0   3   0   0 
NonL 247    --     16   24   16   2.9633 ==>   0   0   0   0   0   0   0   0   0   0   0   0   0   0   0   0   0   0   0   0   0   0   4   0  /   0   0   1   6   1   0   0   0   0   0   6   0   0   1   0   0   0   0   0   0   0   1   0   0 
NonL 248    --     84   30   13   1.9882 ==>   0   1   7   2   8  35   0  19  16   0   2  27   2   0   0   3   0   0   4   1   2   0   0   0  /   0   0   2   0   6   6   0   4   4   0   0   6   4   0   0  31   0   0   0   1   0   0   0   0 
NonL 249    --    443   22   23   2.5960 ==>   0   0  26   7  48  34   0   0  12   0   0  19   1   6   5  11   0   1   0   5   0   3   0   0  /   0   1  94  46  59  14   0   2  14   0   5   6   2   8   0  19   0   0   2   1   0  34  14   0 
NonL 250    --     25    0   44   4.7038 ==>   0   1   0   0   0   0   0   0   0   2   0   0   0   0   0   0   0   0   1  42   1   0   0   0  /   0   0   0   4   0   1   0   0   0   0   0   0   1   1   0   0   2  13   0   0   0   0   0   0 
NonL 251    --    195    0   45   5.8331 ==>   0   0   1   0   0   0   0   0   0   0   0   0  37   0   0  29   0   0   0   0   0   0   0   0  /   2   1  18  14  37  10   0   3   2   2  25   2  20   3  12  12   0   1   0   3   5   4   0   0 
NonL 254    --    133    1   44   5.3948 ==>   0   0   5   3   0   0   0   0   0   0   2   0   0   0   0   0   0   0   0   0   0 122   2   0  /   0   1  18  35   4   1   0   0   3   0   6   2   0   2   0   0   0   0   0   0   0  67  18   0 
NonL 255    --    222   14   11   1.6858 ==>   0   1  29  29  14   6   0   1   5   3  80   1   5   9   0   2   1   0   2   3   3   3  20   0  /   0   2  31  66  40   0   0   0   0   0   3   1   8   1   0   4   1   0   1   0   0  15  32  14 
Leaf 296     1    
Leaf 297    10    
Leaf 302    18    
Leaf 303     1    
Leaf 304     1    
Leaf 305    10    
Leaf 306    10    
Leaf 307    15    
Leaf 310    15    
Leaf 311    15    
Leaf 314    14    
Leaf 315    14    
Leaf 316    20    
Leaf 317     1    
Leaf 318    15    
Leaf 319    10    
Leaf 352    10    
Leaf 353    15    
Leaf 354    10    
Leaf 355    18    
Leaf 356    14    
Leaf 357    15    
Leaf 364    18    
Leaf 365    15    
Leaf 366    14    
Leaf 367     4    
Leaf 376    15    
Leaf 377    11    
Leaf 378     4    
Leaf 379     1    
Leaf 380    14    
Leaf 381    10    
Leaf 382     4    
Leaf 383     5    
Leaf 384     2    
Leaf 385    17    
Leaf 396    19    
Leaf 397     2    
Leaf 398     2    
Leaf 399    17    
Leaf 400     2    
Leaf 401     2    
Leaf 402    19    
Leaf 403     4    
Leaf 406    19    
Leaf 407     6    
Leaf 410    19    
Leaf 411    12    
Leaf 412    17    
Leaf 413    12    
Leaf 414     6    
Leaf 415     2    
Leaf 416     8    
Leaf 417     9    
Leaf 418     8    
Leaf 419     8    
Leaf 420    12    
Leaf 421     9    
Leaf 422    12    
Leaf 423    12    
Leaf 424     2    
Leaf 425     9    
Leaf 426    19    
Leaf 427     4    
Leaf 428    18    
Leaf 429     9    
Leaf 430     2    
Leaf 431     6    
Leaf 432    19    
Leaf 433    20    
Leaf 434    20    
Leaf 435    20    
Leaf 436     6    
Leaf 437    20    
Leaf 438    19    
Leaf 439    14    
Leaf 440    19    
Leaf 441    19    
Leaf 442     8    
Leaf 443     9    
Leaf 444    19    
Leaf 445     4    
Leaf 446     9    
Leaf 447    14    
Leaf 454     8    
Leaf 455    21    
Leaf 456    11    
Leaf 457     7    
Leaf 458     7    
Leaf 459     7    
Leaf 460    11    
Leaf 461     7    
Leaf 462    21    
Leaf 463    11    
Leaf 464    16    
Leaf 465    13    
Leaf 466    13    
Leaf 467    16    
Leaf 470     9    
Leaf 471     5    
Leaf 472     8    
Leaf 473     8    
Leaf 474     9    
Leaf 475    13    
Leaf 476    15    
Leaf 477    14    
Leaf 478     9    
Leaf 479    13    
Leaf 488    24    
Leaf 489    11    
Leaf 490    24    
Leaf 491    16    
Leaf 492    22    
Leaf 493     4    
Leaf 494    23    
Leaf 495     4    
Leaf 496     6    
Leaf 497    16    
Leaf 498     5    
Leaf 499     3    
Leaf 500    20    
Leaf 501    18    
Leaf 502    13    
Leaf 503     5    
Leaf 508    22    
Leaf 509    22    
Leaf 510    11    
Leaf 511     4    

;Shapelet id   <data>
Shapelet   1   0.233000  0.226330  0.219670  0.213000  0.169000  0.176000  0.225000  0.200000  0.218000  0.236000  0.286000  0.306000  0.360000  0.407000  0.488000  0.464000  0.481000  0.473000  0.465000  0.480000  0.450500  0.421000  0.410000  0.377000  0.335000  0.303000  0.330000  0.353500  0.377000  0.392330  0.407670  0.423000  0.165000  0.184000  0.215000  0.209000  0.203000  0.277000 
Shapelet   2   0.272000  0.248000  0.224000  0.270000  0.297000  0.324000  0.338000  0.382000  0.351330  0.320670  0.290000  0.245000  0.282000  0.338000  0.422000  0.484000  0.546000  0.610000  0.626000  0.667000  0.692000  0.703000  0.735000  0.713000  0.692500  0.672000  0.698000  0.724000  0.750000  0.766000  0.774000  0.710000  0.737000  0.698000  0.667500  0.637000  0.535330  0.433670  0.332000  0.381000  0.394000  0.403000  0.412500  0.422000 
Shapelet   3   0.796000  0.786500  0.777000  0.767500  0.758000  0.770000  0.677000  0.567000  0.379000  0.325500  0.272000  0.277000  0.272000  0.263000  0.271000  0.282000  0.277000  0.289000  0.281500 
Shapelet   4   0.220000  0.192000  0.218000  0.244000  0.251000  0.223000  0.232670  0.242330  0.252000  0.206000  0.286000  0.417000  0.419000  0.536000  0.653000  0.699000  0.757000  0.782000  0.801000  0.774000  0.794000  0.764000  0.778000  0.792000  0.800000  0.808000  0.816000  0.809000  0.804000  0.798000  0.765000  0.722000  0.637500  0.553000  0.476330  0.399670  0.323000  0.413000  0.453000  0.411000  0.351500 
Shapelet   5   0.763000  0.761000  0.768000  0.734000  0.755000  0.776000  0.783000  0.790000  0.797000  0.795000  0.439000  0.439000 
Shapelet   6   0.782000  0.765670  0.749330  0.733000  0.742250  0.751500  0.760750  0.770000  0.754000  0.640000  0.507000  0.386000  0.314000  0.242000  0.253000  0.260000  0.237000  0.219000  0.280000  0.267000  0.249000  0.240000  0.231000  0.227000  0.215000  0.203000  0.182000  0.200000  0.198500  0.197000  0.226000  0.340000  0.454000  0.408000  0.362000  0.316000  0.210000  0.235000  0.200000  0.195000  0.190000  0.318000 
Shapelet   7   0.627000  0.627000  0.627000  0.622000  0.632000  0.642000  0.652000  0.726000  0.718000  0.710000  0.702000  0.781000  0.759000  0.723000  0.656000  0.679000  0.702000  0.711000  0.720000  0.695000  0.717000  0.685000  0.703000  0.686000  0.693000 
Shapelet   8   0.377000  0.365330  0.353670  0.342000  0.283000  0.392000  0.358000  0.457000  0.547000  0.637000  0.673000  0.690000  0.724000  0.747000  0.735000  0.732000  0.717000  0.719000  0.721000  0.660500  0.600000  0.753000  0.779000  0.758000  0.715000 
Shapelet   9   0.200000  0.177000  0.207000  0.237000  0.267000  0.212000  0.207670  0.203330  0.199000  0.177000  0.198000  0.247000  0.264000  0.308000  0.352000  0.459000  0.447000  0.496000  0.531000  0.603000  0.564000  0.719000  0.737500  0.756000  0.791000  0.826000  0.828000  0.846000  0.770000  0.687000  0.604000  0.503000  0.424500  0.346000  0.352330  0.358670 
Shapelet  11   0.267250  0.294000  0.238000  0.235330  0.232670  0.230000  0.196000  0.232000  0.292000  0.382000  0.530500  0.679000  0.717500  0.756000  0.740000  0.723000  0.611000  0.559000  0.650000  0.596500  0.543000  0.524000 
Shapelet  12   0.636000  0.729000  0.753000  0.728670  0.704330  0.680000  0.685250  0.690500  0.695750  0.701000  0.726000  0.534000  0.376000  0.338000  0.300000  0.262000  0.281000  0.300000  0.291000  0.286000  0.307000  0.319000  0.317000  0.302000  0.287000  0.258500  0.230000  0.234000  0.193000  0.182000 
Shapelet  13   0.490000  0.533000  0.571000  0.619000  0.667000  0.715000  0.594000  0.644000  0.623000  0.602000  0.581000  0.588000  0.460000  0.426000  0.357000  0.344000  0.331000  0.359000  0.387000  0.370000  0.305000  0.288000  0.315000  0.301000  0.291500  0.282000  0.279500  0.277000  0.255000  0.300500  0.346000  0.348000  0.314000  0.352000  0.451000  0.550000  0.587000  0.624000  0.661000  0.561000  0.596000  0.558000  0.565500  0.573000 
Shapelet  14   0.340000  0.390000  0.397500  0.405000  0.540000  0.591000  0.590670  0.590330  0.590000  0.604000  0.612000  0.589000  0.551000  0.568000  0.585000  0.602500  0.620000  0.615000  0.639000  0.595000  0.584000  0.588000  0.593000  0.598000  0.600000  0.554000  0.607000  0.636000  0.552000  0.557000  0.562000  0.549000  0.599000  0.649000  0.608670 
Shapelet  15   0.444000  0.122000 -0.200000  0.007000 -0.061500 -0.130000  0.316000 -0.131000 -0.052333  0.026333  0.105000  0.037000  0.036000  0.187000  0.174000  0.081000 -0.012000 -0.032000 -0.052000  0.154000  0.020000  0.225000  0.192000  0.167000  0.158500  0.150000  0.120000  0.041000  0.032000  0.040000  0.048000  0.106000  0.149000  0.137000  0.143000 -0.092000 -0.008333  0.075333  0.159000  0.082000  0.042000  0.190000  0.299000  0.200000  0.261000 
Shapelet  16   0.570500  0.723000  0.754000  0.799000  0.807000  0.820000  0.817000  0.821000  0.806000  0.791000  0.776000  0.794000  0.812000  0.830000  0.830000  0.824000 
Shapelet  18   0.767000  0.757500  0.748000  0.805000  0.812500  0.820000  0.768000  0.697000  0.642000  0.587000  0.539000  0.588500  0.638000  0.584670  0.531330  0.478000 
Shapelet  19   0.298500  0.324000  0.297000  0.308000  0.319000  0.330000  0.324000  0.407000  0.410000  0.439000  0.496500  0.554000  0.606500  0.659000  0.663000  0.708000  0.694000  0.716000  0.590000  0.637500  0.685000  0.687330  0.689670  0.692000  0.624000  0.672000 
Shapelet  22   0.509000  0.540000  0.650000  0.622000  0.690500  0.759000  0.435000  0.268000  0.266000  0.264000  0.262000  0.231000  0.227000  0.288000  0.299000  0.485500  0.672000  0.743000  0.802000  0.726000  0.798000  0.774000  0.773000  0.745000  0.690000  0.635000  0.684000  0.733000  0.729000  0.717000  0.668000  0.638000  0.610000  0.581000  0.621500  0.662000  0.684000  0.706000  0.728000  0.676000  0.697000  0.662000  0.634000  0.606000 
Shapelet  23   0.118000 -0.021000 -0.064000  0.027000  0.097000  0.167000  0.251000  0.306000  0.296330  0.286670  0.277000  0.292000  0.229000  0.182000  0.268000  0.323000  0.378000  0.341000  0.304000  0.448000  0.495000  0.480000  0.480000  0.473000  0.375500  0.278000  0.192670  0.107330  0.022000  0.064000  0.106000  0.179000  0.216000  0.257000  0.106000 -0.045000 -0.005333  0.034333  0.074000  0.138000 -0.087000 -0.146000  0.141000 -0.030000 -0.352000 
Shapelet  24   0.296000  0.236000  0.262500  0.289000  0.275000  0.275000  0.283000  0.264000  0.309000  0.301000  0.293000  0.269000  0.245000  0.225000  0.214000  0.196000  0.175000  0.196000  0.208000  0.223500  0.239000  0.229330  0.219670  0.210000  0.237000 
Shapelet  25   0.171000  0.306000  0.441000  0.505000  0.603330  0.701670  0.800000  0.726000  0.652000  0.578000  0.504000  0.843000  0.782000  0.692000  0.521000  0.436500  0.352000  0.320000  0.266000  0.296000  0.308000  0.315000  0.316000  0.296000  0.291500  0.287000  0.279000  0.271000  0.263000  0.242000  0.282000  0.280000  0.278000  0.292000  0.295500  0.299000  0.289670  0.280330  0.271000  0.171000  0.192000  0.182000  0.183500  0.185000  0.176000 
Shapelet  26   0.480000  0.458500  0.437000  0.477000  0.429000  0.381000  0.414000  0.447000  0.458000  0.471000  0.466000  0.573000  0.680000  0.701330  0.722670  0.744000  0.659000  0.726000  0.703000  0.578000  0.683000  0.645000 
Shapelet  27   0.182000  0.203000  0.224000  0.187000  0.294670  0.402330  0.510000  0.525500  0.541000  0.556500  0.572000  0.559000  0.429000  0.360000  0.306000  0.274000  0.242000  0.280000  0.239000  0.256000  0.257000  0.274000 
Shapelet  28   0.392000  0.443000  0.475500  0.508000  0.699000  0.694500  0.690000  0.685500  0.681000  0.715000  0.777000  0.698000  0.665000  0.678500  0.692000  0.694500  0.697000  0.678000  0.696000  0.643000  0.619000  0.732000  0.708500  0.685000  0.677000  0.669000  0.661000  0.727000  0.705000  0.667000  0.656000  0.656000  0.658000  0.660000  0.666670  0.673330  0.680000  0.536000  0.580000  0.548000  0.502000  0.456000  0.460000 
Shapelet  29   0.608000  0.658000  0.658000  0.650000  0.647000  0.644000  0.641000  0.649750  0.658500  0.667250  0.676000  0.753000  0.736000  0.710000  0.636000  0.654500  0.673000  0.643000  0.703000  0.687000  0.675000  0.658000  0.669000  0.674000  0.666500  0.659000  0.637000  0.656500  0.676000  0.710000  0.727000  0.722000  0.706000  0.718000  0.683000  0.738000  0.738670  0.739330  0.740000 
Shapelet  30  -0.149000 -0.064000 -0.059000 -0.054000  0.133000 -0.161000 -0.092333 -0.023667  0.045000 -0.039000 -0.111000  0.060000  0.085000  0.039500 -0.006000  0.000000  0.072000  0.121000  0.059000  0.128000  0.000000  0.089000  0.063500  0.038000  0.064000  0.035500  0.007000 -0.045000 -0.162000  0.042000  0.045000  0.029000 -0.043000 
Shapelet  31   0.652000  0.649000  0.675000  0.645000  0.636000  0.626000  0.625000  0.622000  0.633000  0.644000  0.634000  0.642500  0.651000  0.636000  0.696000  0.687000  0.685000  0.660000  0.661000  0.728000  0.724670  0.721330  0.718000  0.665000 
Shapelet  33   0.217000  0.179000  0.176000  0.207000  0.238000  0.272000  0.223000  0.221750  0.220500  0.219250  0.218000  0.266000  0.301000  0.365000  0.538500  0.712000  0.763000  0.808000  0.815000  0.845000  0.819000  0.836000  0.819000  0.829000  0.839000  0.815000  0.832500  0.850000  0.857000  0.836000  0.783000  0.738000  0.644000  0.558500  0.473000  0.403330  0.333670  0.264000  0.188000  0.197000  0.191000  0.235000  0.185000  0.235000 
Shapelet  37   0.161000  0.170000  0.179000  0.163000  0.220330  0.277670  0.335000  0.320500  0.306000  0.291500  0.277000  0.310000  0.248000  0.237000  0.251000  0.319500  0.388000  0.401000  0.408000  0.426000  0.540000  0.690000  0.756000  0.762000  0.779500  0.797000  0.837000  0.844500  0.852000  0.856000  0.840000  0.831000  0.776000  0.721000  0.642000  0.520000  0.448330  0.376670  0.305000  0.216000  0.192000  0.189000  0.205000  0.147000  0.176000 
Shapelet  38   0.322330  0.286000  0.294000  0.361000  0.399000  0.464000  0.545500  0.627000  0.705000  0.741000  0.756000  0.785000  0.794000  0.784000  0.769000  0.773500  0.778000  0.800000  0.791000  0.819000  0.799000  0.799000  0.755000  0.711000  0.655000  0.553500  0.452000  0.438670  0.425330  0.412000  0.302000  0.249000  0.209000  0.263000  0.169000 
Shapelet  39   0.406000  0.352670  0.299330  0.246000  0.222000  0.194000  0.216000  0.239000  0.300000  0.361000  0.424500  0.488000  0.570000  0.676000  0.752000  0.726000  0.742000  0.719000  0.696000  0.735000  0.716000  0.697000  0.656000  0.601000  0.614000  0.572000  0.569000  0.579500  0.590000  0.591330 
Shapelet  44   0.425000  0.429000  0.542000  0.531000  0.581500  0.632000  0.244000  0.210000  0.245000  0.280000  0.185000  0.166000  0.172000  0.206000  0.230000  0.287500  0.345000  0.405000  0.458000  0.509000  0.670000  0.730000  0.765000  0.730000  0.754500  0.779000  0.782000  0.798000  0.814000  0.807000  0.792000  0.772000  0.724000  0.656000  0.541500  0.427000  0.439000  0.451000  0.463000  0.642000  0.643000  0.646000  0.652000 
Shapelet  45   0.190330  0.177000  0.158000  0.221000  0.247000  0.366000  0.483000  0.600000  0.680000  0.696000  0.697000  0.666000  0.568000  0.529000  0.516000  0.466000  0.416000  0.385000  0.326500  0.268000  0.196000  0.193000  0.161000  0.197000  0.211000  0.229500  0.248000  0.224000  0.200000  0.176000  0.162000 
Shapelet  46   0.078000 -0.080000  0.053000  0.239000  0.211000  0.285000  0.278000  0.270330  0.262670  0.255000  0.329000  0.338000  0.287000  0.298000  0.334500  0.371000  0.403500  0.436000  0.451000  0.477000  0.500000  0.462000  0.344000  0.349000  0.354000  0.322000  0.290000  0.258000  0.241000  0.176000  0.313000  0.287000  0.328000  0.177000  0.026000  0.091000  0.156000  0.221000  0.193000  0.208000  0.057000  0.191000  0.124000  0.043000 
Shapelet  47   0.164670  0.205330  0.246000  0.268750  0.291500  0.314250  0.337000  0.347000  0.342000  0.335500  0.329000  0.308000  0.287000  0.338000  0.323000  0.305000  0.294000  0.263000  0.311000  0.274000  0.283500  0.293000  0.314000  0.301000  0.291000  0.292000  0.224000  0.199500  0.175000  0.184000  0.168500  0.153000 
Shapelet  48   0.478000  0.668000  0.712000  0.781500  0.851000  0.725000  0.833000  0.810000  0.787000  0.764000  0.783000  0.747000  0.610500  0.474000  0.396500  0.319000  0.308500  0.298000  0.314000  0.300000  0.325000  0.303000  0.314000  0.302500 
Shapelet  49   0.395000  0.556000  0.677000  0.739500  0.802000  0.761000  0.748250  0.735500  0.722750  0.710000  0.771000  0.637000  0.524000  0.390000  0.343000  0.296000  0.309000  0.296000  0.315000  0.281000  0.285000  0.271000  0.265000  0.263500  0.262000  0.257330  0.252670  0.248000  0.243000  0.215000  0.229000  0.251000  0.259000  0.257000  0.255000  0.222670  0.190330  0.158000  0.145000  0.150000  0.141000  0.188000 
Shapelet  50   0.279000  0.280000  0.309000  0.294000  0.278000  0.270500  0.263000  0.272670  0.282330  0.292000  0.244000  0.199000  0.206000  0.200000  0.195000  0.197500  0.200000  0.204330  0.208670  0.213000  0.181000  0.191000  0.179000  0.180000  0.181000 
Shapelet  51   0.388000  0.461500  0.535000  0.483000  0.462500  0.442000  0.421500  0.401000  0.327000  0.293000  0.296000  0.256000  0.247500  0.239000  0.217500  0.196000  0.224000  0.220000  0.242000  0.257000  0.225000  0.216500  0.208000  0.203330  0.198670  0.194000 
Shapelet  52   0.483000  0.531000  0.579000  0.701000  0.771000  0.757000  0.743000  0.729000  0.756000  0.722000  0.604000  0.508000  0.482000  0.456000  0.456000  0.456000  0.422000  0.388000  0.388000  0.366000  0.384000  0.370000  0.356000  0.357500  0.359000  0.273000  0.324500  0.376000  0.400000  0.366000  0.403000  0.481500  0.560000  0.581500  0.603000  0.624500  0.646000  0.652000  0.621000  0.609000  0.597000 
Shapelet  53   0.646500  0.740000  0.783000  0.775250  0.767500  0.759750  0.752000  0.741000  0.633000  0.552000  0.424000  0.357500  0.291000  0.297000  0.303000  0.287000  0.311000  0.293000  0.290000  0.289000  0.284500  0.280000  0.266670  0.253330  0.240000  0.239500  0.239000  0.251000  0.263000  0.261000  0.314000 
Shapelet  54   0.570000  0.618000  0.630000  0.578000  0.481000  0.390000  0.336000  0.282000  0.249000  0.216000  0.234000  0.244000  0.302000  0.238000  0.284000 
Shapelet  55   0.171000  0.184000  0.208000  0.231000  0.254000  0.390000  0.463500  0.537000  0.610500  0.684000  0.701000  0.696000  0.677000  0.565000  0.550000  0.535000  0.533000  0.517000  0.434000  0.389000  0.366000  0.346000  0.329000  0.336000  0.343000  0.333000  0.266000  0.259000  0.246000  0.301000  0.362000  0.378000  0.407000  0.395000  0.590000  0.606000  0.622000  0.638000  0.638000  0.636000  0.585000  0.450330  0.315670 
Shapelet  56   0.429000  0.461000  0.487000  0.532000  0.577000  0.731000  0.735000  0.739000  0.743000  0.747000  0.792000  0.812000  0.734000  0.707000  0.721000  0.735000  0.755500  0.776000  0.752000  0.751000  0.711000  0.767000  0.734000  0.738000  0.742000  0.758000  0.774000  0.790000  0.793000  0.796000 
Shapelet  57   0.317000  0.373000  0.429000  0.454000  0.474330  0.494670  0.515000  0.653000  0.641000  0.629000  0.617000  0.670000  0.724000  0.619000  0.560000  0.586000  0.612000  0.652000  0.649000  0.623000  0.633000  0.607000  0.609000  0.600000  0.599000  0.598000  0.590000  0.582000  0.580000  0.576000  0.633000  0.612000  0.581000  0.583000  0.619500 
Shapelet  58   0.778000  0.781000  0.741000  0.664000  0.688000  0.712000  0.738000  0.728000  0.718000  0.747000  0.706000  0.727000  0.708000  0.710500  0.713000  0.762000  0.769500  0.777000  0.756000  0.793000  0.803000  0.747000  0.739000  0.749000  0.777000  0.777670  0.778330  0.779000 
Shapelet  59   0.500000  0.462000  0.548000  0.570000  0.592000  0.614000  0.701000  0.717500  0.734000  0.750500  0.767000  0.796000  0.812000  0.728000  0.675000  0.688500  0.702000  0.713000  0.726000  0.721000  0.708000  0.660000  0.654000  0.681000  0.666500  0.652000  0.685000  0.671000  0.647000  0.668000  0.692000  0.688500  0.685000  0.628000  0.661000  0.694000  0.691330  0.688670  0.686000  0.686000  0.696000  0.690000  0.683000  0.676000  0.592000 
Shapelet  60  -0.049500 -0.079000  0.156000 -0.099000 -0.047667  0.003667  0.055000 -0.045000 -0.076000  0.050000  0.095000  0.012500 -0.070000 -0.024000  0.092000  0.007000  0.007000  0.107000  0.111000  0.099000  0.053500  0.008000  0.053000  0.034000  0.015000 -0.075000 -0.073000  0.028000  0.008000  0.070000 -0.120000 -0.310000 
Shapelet  61   0.013000 -0.065000 -0.143000  0.324000  0.042000  0.154330  0.266670  0.379000  0.424000  0.224000  0.302000  0.241000  0.203000  0.165000  0.124500  0.084000  0.212000  0.253000  0.343000  0.295000  0.133000  0.203500  0.274000  0.125000  0.176000  0.141000  0.148000  0.155000  0.187000  0.261000  0.258000  0.204000  0.433000  0.335000  0.237000  0.139000  0.360000  0.176000  0.360000  0.417000  0.343000  0.257000 
Shapelet  62   0.731000  0.779330  0.827670  0.876000  0.812000  0.717750  0.623500  0.529250  0.435000  0.473000  0.608000  0.583000  0.522000  0.500000  0.478000  0.492500  0.507000  0.481000  0.430000  0.399000  0.368000  0.368000  0.356000  0.344000  0.328330  0.312670  0.297000  0.283000  0.413000  0.482000  0.451000  0.435000  0.574500  0.714000  0.744330  0.774670  0.805000  0.787000  0.816000  0.790000  0.769000 
Shapelet  63   0.291500  0.381000  0.316000  0.317000  0.276000  0.235000  0.194000  0.333000  0.228000  0.113000  0.214000  0.156500  0.099000  0.147500  0.196000  0.239000  0.150000  0.244000  0.215000  0.205000  0.206000  0.207000  0.185500  0.164000  0.107000  0.093000  0.011000  0.149000  0.300000  0.293000  0.171500  0.050000  0.102330  0.154670  0.207000  0.146000 
Shapelet  74   0.317000  0.293250  0.269500  0.245750  0.222000  0.190000  0.229000  0.246000  0.280000  0.334000  0.388000  0.458000  0.528000  0.615000  0.717000  0.727000  0.753000  0.725000  0.743000  0.761000  0.772330  0.783670  0.795000  0.771000  0.749000  0.705000  0.702000  0.642000 
Shapelet  75   0.583000  0.609000  0.683000  0.697000  0.680000  0.728000  0.717500  0.707000  0.746000  0.733000  0.720000  0.674000  0.620000  0.589000  0.525000  0.490000  0.442500 
Shapelet  76   0.334500  0.332000  0.329000  0.374000  0.356000  0.379000  0.446500  0.514000  0.537000  0.666000  0.662000  0.717000  0.742000  0.748000  0.650000  0.700500  0.751000  0.687000  0.754000  0.765000  0.729000  0.782000  0.729000  0.730000  0.669000 
Shapelet  77   0.217330  0.237000  0.217000  0.220330  0.223670  0.227000  0.198000  0.278000  0.308000  0.359000  0.452500  0.546000  0.635000  0.685000  0.723000  0.784000  0.794000  0.812000  0.791000  0.795500  0.800000  0.806330  0.812670  0.819000  0.812000  0.328000  0.324000  0.301000 
Shapelet  78   0.302000  0.386670  0.471330  0.556000  0.406000  0.352670  0.299330  0.246000  0.222000  0.194000  0.216000  0.239000  0.300000  0.361000  0.424500  0.488000  0.570000  0.676000  0.752000  0.726000  0.742000  0.719000  0.696000  0.735000  0.716000  0.697000  0.656000  0.601000  0.614000  0.572000  0.569000  0.579500  0.590000  0.591330  0.592670  0.594000  0.569000  0.526000  0.476000  0.378500 
Shapelet  79   0.741000  0.728000  0.744000  0.761000  0.733000  0.718000  0.707000  0.696000  0.646250  0.596500  0.546750  0.497000  0.604000  0.497000  0.489000 
Shapelet  88   0.299000  0.227000  0.214000  0.201000  0.188000  0.199000  0.233000  0.266000  0.288000  0.347000  0.406000  0.491000  0.529000  0.640000  0.723000  0.724000  0.702000  0.726000  0.730000  0.734000  0.697670  0.661330  0.625000  0.620500  0.616000 
Shapelet  89   0.637000  0.478000  0.394000  0.310000  0.226000  0.191000  0.204000  0.190000  0.230000  0.241000  0.252000  0.298000  0.305000  0.395000  0.467000  0.532000  0.522000  0.617000  0.600000  0.583000  0.597000  0.611000  0.586000  0.575000  0.594000  0.589000  0.570000  0.541000  0.568000  0.595000  0.592670 
Shapelet  91   0.549000  0.341000  0.322750  0.304500  0.286250  0.268000  0.276000  0.395000  0.468000  0.514000  0.566500  0.619000  0.671500  0.724000  0.694000  0.701000  0.618000  0.572000  0.545000  0.575000  0.605000  0.612000  0.619000  0.626000  0.618000  0.610000  0.556000  0.522000  0.459000  0.400000  0.341000  0.346000  0.351000  0.356000 
Shapelet  93   0.389000  0.256000  0.273670  0.291330  0.309000  0.224000  0.345000  0.220000  0.252500  0.285000 
Shapelet  94  -0.068000 -0.009000  0.026000  0.201000  0.030000  0.247000  0.154000  0.184670  0.215330  0.246000  0.020000  0.237000  0.240000  0.340000  0.299000  0.258000  0.286000  0.314000  0.357000  0.266000  0.378000 
Shapelet  95   0.203000  0.185000  0.207000  0.247000  0.261000  0.275000  0.308000  0.300000  0.276000  0.339000 
Shapelet  96   0.712000  0.781500  0.851000  0.725000  0.833000  0.810000  0.787000  0.764000  0.783000  0.747000  0.610500  0.474000  0.396500  0.319000  0.308500  0.298000  0.314000  0.300000  0.325000  0.303000  0.314000  0.302500  0.291000  0.288000  0.255000  0.266000  0.234000  0.259000  0.271000  0.272000  0.288000  0.292000  0.296000  0.287330  0.278670  0.270000  0.188000  0.200000  0.223000  0.273000  0.292000  0.401000 
Shapelet  99   0.310000  0.361000  0.345000  0.353000  0.351000  0.337500  0.324000  0.327500  0.331000  0.307000  0.313000  0.258000  0.283000  0.259000  0.252000  0.238000  0.224000  0.238670  0.253330  0.268000 
Shapelet 100   0.725000  0.772000  0.654000  0.565000  0.456000  0.417000  0.378000  0.406000  0.453000  0.382000  0.403000 
Shapelet 101   0.221000  0.201000  0.223000  0.179000  0.362330  0.545670  0.729000  0.735750  0.742500  0.749250  0.756000  0.757000  0.526000  0.389000  0.341000  0.291500  0.242000  0.241000  0.235000  0.231000  0.246000  0.246000  0.225000  0.234000  0.221000  0.208000  0.199000  0.191000  0.203000  0.201000  0.206000  0.198000  0.190000  0.203000  0.194000  0.208000  0.221000  0.234000  0.247000  0.260000  0.218000  0.202000 
Shapelet 102   0.460000  0.547000  0.738000  0.737000  0.777500  0.818000  0.729000  0.697500  0.666000  0.634500  0.603000  0.545000  0.450000  0.367000  0.356000  0.319500  0.283000  0.300000  0.323000  0.328000  0.330000  0.330000  0.357000  0.337000  0.340500  0.344000  0.311000  0.322000  0.304000  0.330000  0.456000  0.479500  0.503000 
Shapelet 103   0.732330  0.704670  0.677000  0.707000  0.572000  0.416000  0.317000  0.317500  0.318000  0.321000  0.373000  0.379000 
Shapelet 104   0.323670  0.314330  0.305000  0.326000  0.392000  0.398000  0.393000  0.407000  0.493500  0.580000 
Shapelet 105   0.362000  0.403000  0.404000  0.407000  0.492000  0.577000  0.624330  0.671670  0.719000  0.703000  0.740000  0.728000  0.654000  0.666000 
Shapelet 106   0.451000  0.538000  0.597500  0.657000  0.659000  0.655500  0.652000  0.648500  0.645000  0.706000  0.548000  0.488000  0.401000  0.370500  0.340000  0.395000  0.387000  0.364000  0.271000  0.281000  0.304000  0.259000  0.256500  0.254000  0.241000  0.228000  0.215000 
Shapelet 107   0.700000  0.687000  0.670500  0.654000  0.637500  0.621000  0.614000  0.568000  0.517000  0.344000  0.335000  0.326000  0.322000  0.333000  0.373000  0.383000  0.366000  0.391000  0.413000 
Shapelet 108   0.471000  0.530000  0.527670  0.525330  0.523000  0.574000  0.460000  0.450000  0.364000  0.355500  0.347000  0.332000  0.317000  0.326000  0.330000  0.332000  0.277000  0.326000  0.337500  0.349000  0.335330  0.321670  0.308000  0.323500  0.339000  0.378000  0.378000  0.399000  0.477000  0.555000  0.441670  0.328330  0.215000  0.118000  0.177000 
Shapelet 109   0.581000  0.588000  0.595000  0.602000  0.609000  0.659000  0.576000  0.514000  0.476000  0.429500  0.383000  0.419000  0.455000  0.420000  0.434000  0.422000 
Shapelet 110   0.202000  0.205000  0.234000  0.231000  0.228000  0.349000  0.437500  0.526000  0.614500  0.703000  0.721000  0.759000  0.730000  0.633000  0.601500  0.570000  0.561000  0.510000  0.434000  0.329000  0.331000  0.293000  0.325000  0.315000  0.305000  0.327000  0.268000 
Shapelet 111   0.246000  0.303000  0.360000  0.423000  0.501000  0.579000  0.713000  0.758000  0.714330  0.670670  0.627000  0.616000  0.503000  0.449000  0.335000  0.315500  0.296000  0.309000  0.322000  0.304000  0.309000  0.337000  0.316000  0.333000  0.322500  0.312000  0.308000  0.250000  0.192000  0.174500  0.157000  0.184000  0.191000  0.188000  0.181500  0.175000  0.180330  0.185670  0.191000  0.260000  0.294000  0.302000  0.307500  0.313000  0.355000 
Shapelet 113   0.385000  0.411000  0.439000  0.467000  0.495000  0.523000  0.665000  0.780000  0.787250  0.794500  0.801750  0.809000  0.819000  0.794000  0.700000  0.725000  0.750000  0.768000  0.786000  0.777000  0.768000  0.722000  0.724000  0.723000  0.730000  0.737000  0.740000  0.699000  0.752000  0.724000  0.764000  0.713000  0.714000  0.695000  0.727000  0.759000  0.743670  0.728330  0.713000  0.621000  0.665000  0.647000  0.625500  0.604000 
Shapelet 114   0.435000  0.500000  0.461000  0.509500  0.558000  0.658000  0.671750  0.685500  0.699250  0.713000  0.812000  0.814000  0.757000  0.696000  0.722000  0.748000  0.723000 
Shapelet 115   0.744000  0.747000  0.760000  0.732000  0.760500  0.789000  0.791330  0.793670  0.796000  0.827000  0.858000  0.803000  0.813000  0.779000  0.804000  0.829000  0.810000  0.791000 
Shapelet 116   0.536000  0.587000  0.605000  0.576000  0.605000  0.634000  0.637000  0.584000  0.606670  0.629330  0.652000  0.747000  0.710000  0.687000  0.624000  0.643500  0.663000  0.646000  0.661000  0.630000  0.651000  0.610000  0.625000  0.623000  0.640000  0.657000  0.661000  0.651000  0.641000  0.647000  0.668000  0.688000  0.671000  0.626000  0.646000  0.680000  0.678330  0.676670  0.675000  0.631000  0.706000  0.689000  0.697500  0.706000  0.702000 
Shapelet 117   0.620000  0.636000  0.592000  0.620000  0.623000  0.626000  0.629000  0.642250  0.655500  0.668750  0.682000  0.732000  0.752000  0.687000  0.638000  0.651000  0.664000  0.673000  0.686000  0.656000  0.657000  0.638000  0.669000  0.639000  0.623500  0.608000  0.623000  0.636000  0.649000  0.650000  0.724000 
Shapelet 118   0.492000  0.473000  0.516000  0.549000  0.582000  0.615000  0.706000  0.715250  0.724500  0.733750  0.743000  0.785000  0.786000  0.704000  0.665000  0.671000  0.677000  0.689000  0.640000  0.643000  0.657000  0.600000  0.572000  0.618000  0.598000  0.578000  0.616000  0.592000  0.557000  0.623000  0.672000  0.620500  0.569000  0.627000  0.634000  0.641000  0.654330  0.667670  0.681000  0.640000  0.680000  0.636000  0.676500  0.717000 
Shapelet 119   0.359000  0.347500  0.336000  0.324500  0.313000  0.304000  0.303000  0.323000  0.339000  0.371000  0.403000  0.426500  0.450000  0.465000  0.515000  0.556000  0.509000  0.455000  0.434500  0.414000  0.434000  0.405000  0.426000  0.373000  0.475000  0.472000  0.466000 
Shapelet 122   0.013000 -0.065000 -0.143000  0.324000  0.042000  0.154330  0.266670  0.379000  0.424000  0.224000  0.302000  0.241000  0.203000  0.165000  0.124500 
Shapelet 123   0.189000  0.165000  0.141000  0.200000  0.205000  0.210000  0.251000  0.151000  0.157330  0.163670  0.170000  0.142000  0.150000  0.184000  0.202000  0.174500  0.147000  0.165000  0.157000  0.175000  0.179000  0.174000  0.148000  0.193000  0.189000  0.185000  0.189000  0.165000  0.141000  0.152000  0.162000  0.161000  0.145000  0.191000  0.173000  0.155000  0.183330  0.211670  0.240000  0.187000  0.178000 
Shapelet 124   0.556000  0.619000  0.609000  0.649500  0.690000  0.668000  0.732000  0.716000  0.700000  0.684000  0.759000  0.749000  0.694000  0.622000  0.634000  0.646000  0.643000  0.640000  0.640000  0.663000  0.629000  0.603000  0.633000  0.619500  0.606000  0.617000  0.615000  0.613000  0.628000  0.655000  0.639000  0.638000  0.626000  0.644000  0.695000  0.699670  0.704330  0.709000  0.694000  0.738000  0.733000  0.734000 
Shapelet 125   0.702670  0.694330  0.686000  0.743000  0.593000  0.475000  0.344000  0.340000  0.336000  0.288000  0.240000  0.238000  0.291000  0.348000  0.439000  0.503000  0.541000  0.579000  0.703000  0.756000  0.809000  0.836000  0.849000  0.827000  0.829000  0.810000  0.780000  0.798000  0.675000  0.552000  0.429000  0.230000  0.264000  0.244000 
Shapelet 127   0.136000  0.150000  0.134000  0.169500  0.205000  0.254000  0.188000  0.185000  0.182000  0.179000  0.110000  0.157000  0.131000  0.171000  0.159500  0.148000  0.166000  0.132000  0.133000  0.122000  0.164000  0.175000  0.203000  0.174500  0.146000  0.147000  0.128500  0.110000  0.062000  0.098000  0.121000  0.104000  0.144000  0.119500  0.095000  0.135000  0.175000  0.215000  0.158000  0.152000  0.121000 
Shapelet 148   0.558000  0.614000  0.700000  0.709000  0.756000  0.729000  0.743000  0.757000  0.759500  0.762000  0.768000  0.778000  0.778000  0.743000  0.716000  0.665000  0.597000  0.529000  0.450670  0.372330  0.294000  0.249000  0.262000  0.235000 
Shapelet 151   0.792000  0.794500  0.797000  0.801000  0.805000  0.809000  0.818000  0.477000  0.441000  0.444000  0.446000 
Shapelet 152   0.145000  0.169000  0.221000  0.331000  0.407000  0.483000  0.583000  0.683000  0.738000  0.797000  0.776000  0.808000 
Shapelet 153   0.234500  0.251000  0.207000  0.215330  0.223670  0.232000  0.197000  0.287000  0.347000  0.328000  0.409000  0.490000  0.634000  0.748000  0.774000  0.827000  0.819000 
Shapelet 155   0.271000  0.250000  0.229000  0.192000  0.225500  0.259000  0.333000  0.324500  0.316000  0.307500  0.299000  0.231000  0.282000  0.335000  0.363000  0.412000  0.461000  0.551000  0.564000  0.554000  0.615000  0.636000  0.620000  0.653000  0.667500  0.682000  0.663000  0.644000  0.589000  0.577000  0.623000  0.599000  0.550000  0.538000  0.621500  0.705000  0.659000  0.613000  0.567000  0.293000  0.293000  0.230000  0.225500 
Shapelet 157   0.292000  0.219000  0.208000  0.197000  0.186000  0.177000  0.167000  0.198000  0.265000  0.333500  0.402000  0.469500  0.537000  0.550000  0.574000  0.599000  0.540000  0.624000  0.611500  0.599000  0.567000  0.535000  0.495000  0.499500  0.504000  0.520000  0.467000  0.429000  0.513000  0.597000  0.461670  0.326330  0.191000  0.190000  0.187000  0.179000  0.188000 
Shapelet 158   0.178000  0.176000  0.174000  0.156000  0.252670  0.349330  0.446000  0.439500  0.433000  0.426500  0.420000  0.497000  0.326000 
Shapelet 159   0.406500  0.413000  0.416000  0.442000  0.416000  0.470000  0.494000  0.497000  0.500000  0.521000  0.542000  0.479000  0.523000  0.474000  0.459000  0.444000  0.511000 
Shapelet 176   0.451000  0.460000  0.578000  0.605000  0.632000  0.621000  0.594000  0.211000  0.199330  0.187670  0.176000  0.169000  0.191000  0.237000  0.264000  0.297000  0.330000  0.382000  0.434000  0.522000  0.618000  0.686000  0.718000  0.711000  0.713000  0.715000  0.759000  0.757000  0.755000  0.753000  0.764000  0.729500  0.695000  0.658000  0.633000  0.608000  0.555330  0.502670  0.450000  0.384000  0.440000 
Shapelet 177   0.530000  0.534000  0.631000  0.636000  0.689500  0.743000  0.664000  0.191000  0.189330  0.187670  0.186000 
Shapelet 178   0.194000  0.185000  0.198000  0.212000  0.242000  0.264000  0.286000  0.342000  0.392000  0.409000  0.525000  0.549000  0.564000  0.646000  0.622500  0.599000  0.581000  0.563000  0.545000  0.597000  0.649000  0.608000  0.567000  0.518000  0.548500  0.579000  0.596330  0.613670  0.631000  0.445000  0.472000  0.413000  0.368000  0.323000  0.298000 
Shapelet 182   0.369000  0.373000  0.402000  0.363000  0.343000  0.348500  0.354000  0.374500  0.395000  0.451000  0.572000  0.665000  0.668000  0.674000  0.704000  0.734000  0.747000  0.760000  0.764000  0.739000  0.759000  0.740000  0.730000  0.670000  0.636000  0.602000  0.579330  0.556670  0.534000  0.401000  0.456000  0.288000  0.284000 
Shapelet 183   0.194670  0.210000  0.241000  0.250250  0.259500  0.268750  0.278000  0.322000  0.513000  0.543000  0.591000  0.661500  0.732000 
Shapelet 188   0.544000  0.561000  0.627500  0.694000  0.507000  0.474500  0.442000  0.409500  0.377000  0.364000  0.396000  0.409000 
Shapelet 189   0.322000  0.247000  0.319000  0.341000  0.355000  0.294000  0.367000  0.347000  0.327000  0.353000  0.326500  0.300000  0.240000  0.251000  0.304000  0.264000  0.217000  0.266000  0.315000  0.295330  0.275670  0.256000  0.159000  0.250000  0.195000  0.200000  0.205000 
Shapelet 190   0.162000  0.183000  0.192500  0.202000  0.276000  0.283000  0.292330  0.301670  0.311000  0.315000  0.452000  0.480000  0.465000 
Shapelet 191   0.286000  0.299000  0.306000  0.311000  0.243000  0.302000  0.309000  0.316000  0.298000  0.280000  0.270000  0.255500  0.241000  0.274000  0.235000  0.289000 
Shapelet 192   0.786500  0.776250  0.766000  0.781000  0.585000  0.468000  0.323000  0.295000  0.267000  0.271500  0.276000  0.275000  0.285000  0.285000  0.289000 
Shapelet 198   0.286000  0.286000  0.275000  0.284000  0.279000  0.274000  0.248670  0.223330  0.198000  0.186000  0.207000  0.248000 
Shapelet 199   0.801500  0.840000  0.791000  0.780000  0.769000  0.758000  0.747000  0.730000  0.552000  0.457000  0.352000  0.351000  0.350000  0.317000  0.284000 
Shapelet 200   0.443000  0.574000  0.629000  0.718000  0.758000  0.798000  0.601000  0.599500  0.598000  0.596500  0.595000  0.634000  0.540000  0.499000  0.426000  0.410500  0.395000  0.411500  0.428000  0.430000  0.463000  0.487000  0.473000  0.384000  0.400000  0.416000  0.402670  0.389330  0.376000  0.340500  0.305000 
Shapelet 201   0.312000  0.543000  0.625000  0.676500  0.728000  0.707000  0.680000  0.653000  0.626000  0.599000  0.643000  0.446000  0.383000  0.320000  0.317500  0.315000  0.307000  0.307000  0.326000  0.303000  0.310000  0.310000  0.300000  0.293000  0.286000  0.280000  0.274000  0.242000  0.239000  0.236000  0.317000  0.269000  0.298000 
Shapelet 203   0.790000  0.750000  0.710000  0.720000  0.475000  0.406000  0.325000  0.308000  0.291000  0.281500  0.272000  0.298000  0.308000  0.300000  0.276000  0.308000  0.285500  0.263000  0.266000  0.266000  0.240000  0.235000  0.230000  0.214000  0.162000 
Shapelet 205   0.774250  0.774000  0.730000  0.566000  0.492000  0.384000  0.320000  0.256000  0.264500  0.273000  0.268000  0.271000  0.277000  0.254000  0.278000  0.256000  0.234000  0.246000  0.249000  0.252000  0.192000  0.212000  0.219000  0.234000  0.285000  0.391500  0.498000 
Shapelet 206   0.737000  0.680000  0.685000  0.666000  0.647000  0.628000  0.413000  0.362000  0.378000  0.352000  0.350000  0.348000 
Shapelet 207   0.333000  0.760000  0.741250  0.722500  0.703750  0.685000  0.637000  0.385000  0.400000  0.380000  0.341000  0.302000  0.297000  0.292000  0.295000  0.293000  0.302000  0.276000  0.284000  0.282000  0.280000  0.276000  0.231500  0.187000  0.172000  0.160000  0.199000  0.198000  0.189000  0.181000  0.349000  0.326000  0.303000  0.280000  0.215000  0.197000  0.219000 
Shapelet 208   0.581000  0.625000  0.669000  0.676750  0.684500  0.692250  0.700000  0.743000  0.657000  0.624000  0.503000  0.504000  0.505000  0.502500  0.500000  0.486000  0.457000  0.427000  0.396000  0.411000  0.387500  0.364000  0.348500  0.333000  0.338000  0.328000  0.383000  0.431000  0.429000  0.451000  0.515500  0.580000  0.607000  0.634000  0.661000  0.688000  0.716000  0.711000 
Shapelet 209   0.579000  0.701000  0.771000  0.757000  0.743000  0.729000  0.756000  0.722000  0.604000  0.508000  0.482000  0.456000  0.456000  0.456000  0.422000  0.388000  0.388000  0.366000  0.384000  0.370000  0.356000  0.357500  0.359000  0.273000  0.324500  0.376000  0.400000  0.366000  0.403000  0.481500  0.560000  0.581500  0.603000  0.624500  0.646000  0.652000  0.621000  0.609000  0.597000  0.582000 
Shapelet 210   0.524000  0.617000  0.710000  0.731000  0.781000  0.831000  0.701000  0.607000  0.618670  0.630330  0.642000  0.633000  0.529000  0.463000  0.414000  0.401500  0.389000  0.413000  0.400000  0.378000  0.389000  0.390000  0.383000  0.374000  0.366000  0.358000  0.329000  0.313500  0.298000  0.295000  0.319000  0.319000  0.289000  0.329000  0.413500  0.498000  0.559330  0.620670  0.682000  0.728000  0.724000  0.717000  0.705000  0.693000  0.638000 
Shapelet 211   0.382000  0.579000  0.671330  0.763670  0.856000  0.744000  0.730750  0.717500  0.704250  0.691000  0.690000  0.537000  0.461000  0.379000  0.351000  0.323000  0.308000  0.346000  0.346000  0.351000  0.353000  0.348000  0.343000  0.340500  0.338000  0.333000  0.327000  0.317000  0.326000  0.430000  0.442000  0.454000  0.445000  0.544000  0.643000  0.643000  0.643000  0.643000  0.571000  0.576000  0.542000  0.512500 
Shapelet 212   0.212000  0.333000  0.454000  0.569000  0.615000  0.661000  0.696000  0.689500  0.683000  0.676500  0.670000  0.778000  0.598000  0.493000  0.346000  0.307000  0.268000  0.261000  0.268000  0.263000  0.280000  0.319000  0.297000  0.288000  0.278000  0.268000  0.264330  0.260670  0.257000  0.254000  0.244000  0.268000  0.278000  0.286000  0.301000  0.339000  0.381330  0.423670  0.466000  0.534000  0.543000  0.515000  0.483000  0.531000  0.593000 
Shapelet 213   0.789000  0.838000  0.774000  0.710000  0.646000  0.642000  0.435000  0.372000  0.289000  0.261000  0.233000  0.265000  0.261000  0.265000  0.269000  0.291000  0.277000  0.316000  0.309500  0.303000  0.287000  0.276500  0.266000  0.245000  0.251000  0.261000  0.288000  0.309000 
Shapelet 214   0.738250  0.727000  0.734000  0.546000  0.438000  0.321000  0.304500  0.288000  0.270500  0.253000  0.267000  0.314000  0.316000  0.377000  0.355000  0.376000  0.397000  0.423670  0.450330  0.477000  0.185000  0.190000  0.187000  0.194000  0.200000  0.232000  0.264000  0.386670  0.509330 
Shapelet 215   0.742000  0.718000  0.694000  0.696000  0.605000  0.554000  0.491000  0.477500  0.464000  0.448000  0.433000  0.397000  0.377000  0.383000  0.332000  0.335000  0.299000  0.263000  0.268500  0.274000  0.249000  0.294000  0.322000  0.420000  0.363000  0.396000  0.372500  0.349000  0.426000  0.503000  0.580000  0.410000  0.548000  0.525000 
Shapelet 216   0.353000  0.352000  0.431670  0.511330  0.591000  0.668000  0.755000  0.732500  0.710000  0.687500  0.665000  0.588000  0.555000  0.471000  0.425000  0.379000  0.392500  0.406000  0.400000  0.393000 
Shapelet 217   0.417000  0.419500  0.422000  0.424500  0.427000  0.397000  0.318000  0.290500  0.263000  0.235000  0.207000  0.251000  0.223000  0.227000  0.259000  0.257000  0.269000 
Shapelet 218   0.471000  0.541000  0.579000  0.599000  0.619000  0.684000  0.796000  0.767330  0.738670  0.710000  0.780000  0.773000  0.681500  0.590000  0.577500  0.565000  0.557000  0.599000  0.531000  0.559000  0.597000  0.575000  0.565000  0.566000  0.567000  0.579500  0.592000  0.537000  0.565000  0.581000  0.586000  0.589000  0.561000  0.611000  0.661000  0.666000  0.671000  0.676000  0.690000  0.678000  0.639000  0.624500 
Shapelet 219   0.544000  0.582000  0.620000  0.658000  0.706000  0.652000  0.558000  0.461000  0.438000  0.415000  0.413000  0.422000  0.345000  0.345000  0.340000  0.336000  0.331000  0.315000  0.299000  0.290670  0.282330  0.274000 
Shapelet 220   0.254000  0.238000  0.222000  0.236000  0.300500  0.365000  0.367000  0.466000  0.509330  0.552670  0.596000  0.647000  0.657000  0.607000  0.512000  0.488000  0.464000  0.449000  0.436000  0.366000  0.358000  0.342000  0.310000  0.316000  0.289500  0.263000  0.254670  0.246330  0.238000 
Shapelet 221   0.283000  0.268000  0.277000  0.315000  0.369000  0.423000  0.641000  0.644750  0.648500  0.652250  0.656000  0.684000  0.593000  0.507000  0.421000  0.435500  0.450000  0.468000  0.447000  0.448000  0.451000  0.414000  0.401000  0.466000  0.453000  0.440000  0.451500  0.463000  0.407000  0.408000  0.461000  0.439000  0.412000  0.455000  0.467000  0.479000  0.488000  0.497000  0.506000  0.515000  0.404000  0.427000  0.440000 
Shapelet 222   0.386000  0.353000  0.367000  0.352000  0.351000  0.305500  0.260000  0.255670  0.251330  0.247000  0.229000  0.225000  0.229000  0.233000  0.228000 
Shapelet 223   0.394000  0.484000  0.454000  0.429000  0.493000  0.557000  0.519000  0.523500  0.528000  0.532500  0.537000  0.547000  0.504000  0.415000  0.403000  0.402500  0.402000  0.402500  0.403000  0.390000  0.441000  0.382000  0.380000  0.439000  0.441500  0.444000  0.383000  0.373000  0.395000  0.436000  0.503000  0.489500  0.476000  0.498000  0.531000  0.564000  0.545330  0.526670  0.508000  0.478000  0.574000  0.442000  0.442000  0.442000  0.471000 
Shapelet 227   0.475000  0.444000  0.534000  0.624000  0.714000  0.818000  0.804000  0.790000  0.776000  0.808000  0.811000  0.758000  0.721000  0.748500  0.776000  0.778000  0.780000  0.762000  0.750000  0.737000  0.740000  0.746000  0.757000  0.768000  0.752000  0.771000  0.793000  0.776000  0.758000  0.747000  0.780000  0.726000  0.729500  0.733000  0.697000  0.661000  0.625000  0.512000  0.581000  0.557000  0.409000 
Shapelet 228   0.465000  0.495000  0.524500  0.554000  0.642000  0.661000  0.680000  0.699000  0.718000  0.778000  0.787000  0.749000  0.662000  0.690500  0.719000  0.712000  0.720000  0.711000  0.702500  0.694000  0.719000  0.676000  0.680500  0.685000  0.691000  0.692500  0.694000  0.706000  0.718000  0.712000  0.706000  0.701000  0.750500 
Shapelet 229   0.378000  0.475000  0.462000  0.529000  0.596000  0.663000  0.676500  0.690000  0.703500  0.717000  0.761000  0.772000  0.697000  0.666000  0.683000  0.700000  0.714500  0.729000  0.715000  0.697000  0.689000  0.681000  0.682000  0.696000  0.710000  0.710000  0.713500  0.717000  0.726000  0.762000  0.734000  0.706000  0.673000  0.717000  0.761000  0.731670  0.702330  0.673000  0.679000  0.686000  0.701000  0.688500  0.676000  0.628000 
Shapelet 230   0.502000  0.486000  0.470000  0.522000  0.531500  0.541000  0.680000  0.692250  0.704500  0.716750  0.729000  0.813000  0.814000  0.777000  0.680000  0.716000  0.752000  0.737000  0.757000  0.759000  0.741500  0.724000  0.733000  0.715000  0.722000  0.729000  0.739000  0.749000  0.759000  0.750000  0.805000  0.779500  0.754000  0.766000  0.774000  0.782000  0.773330  0.764670  0.756000  0.722000 
Shapelet 231   0.338000  0.340000  0.461000  0.395000  0.450000  0.505000  0.560000  0.559500  0.559000  0.558500  0.558000  0.557000  0.596000  0.547000  0.500000  0.514500  0.529000  0.566000 
Shapelet 232   0.611750  0.624500  0.637250  0.650000  0.735000  0.712000  0.652000  0.617000  0.640000  0.663000  0.683000  0.687000  0.652000  0.651000  0.661000  0.643000  0.644000  0.658000  0.672000  0.686000  0.670000  0.654000  0.674000  0.700000  0.720000  0.698000  0.669000  0.690000  0.728000  0.729330  0.730670  0.732000  0.696000  0.728000  0.736000 
Shapelet 233   0.636000  0.639000  0.631000  0.630330  0.629670  0.629000  0.640500  0.652000  0.663500  0.675000  0.764000  0.752000  0.706000  0.653000  0.667000  0.681000  0.700000  0.693000  0.700000  0.708000  0.692000  0.681000  0.683000  0.684500  0.686000  0.725000  0.719000  0.713000  0.729000  0.749000  0.709000  0.719000  0.694000  0.677000  0.727000  0.717000  0.707000  0.697000  0.689000  0.699000  0.696000 
Shapelet 235   0.421000  0.416500  0.412000  0.394000  0.376000  0.367000  0.414000  0.461000  0.481000  0.444000  0.429000  0.540000 
Shapelet 236   0.746000  0.738000  0.730000  0.812000  0.807000  0.754000  0.688000  0.686500  0.685000  0.744000  0.730000  0.705000  0.728000  0.674000  0.652000  0.620000  0.632500  0.645000  0.639000  0.633000  0.631000 
Shapelet 237   0.213000  0.248000  0.263000  0.278000  0.373000  0.437500  0.502000  0.566500  0.631000  0.644000  0.665000  0.656000  0.551000  0.550500  0.550000  0.538000  0.554000  0.493000  0.454000  0.440000  0.429000  0.421000  0.423000  0.425000  0.430000 
Shapelet 238   0.225000  0.192000  0.159000  0.164670  0.170330  0.176000  0.258000  0.230000  0.234330  0.238670  0.243000  0.261000  0.268000  0.287000  0.292000  0.316000  0.359000  0.389000  0.386000  0.433000  0.458000  0.441000  0.492000  0.529000  0.490500  0.452000  0.466000  0.480000  0.455000  0.496500  0.538000  0.499000  0.454000  0.455000  0.491500  0.528000  0.548000  0.568000  0.588000  0.598000  0.562000  0.526000  0.520000  0.514000  0.503000 
Shapelet 239   0.192000  0.166000  0.197000  0.207500  0.218000  0.257000  0.311000  0.314670  0.318330  0.322000  0.284000  0.343000  0.241000  0.308000  0.269000  0.230000  0.305000  0.281000  0.265000  0.286000 
Shapelet 244   0.212000  0.253000  0.343000  0.295000  0.133000  0.203500  0.274000  0.125000  0.176000  0.141000  0.148000  0.155000  0.187000  0.261000  0.258000  0.204000  0.433000  0.335000  0.237000  0.139000  0.360000  0.176000  0.360000 
Shapelet 245   0.179000  0.106000 -0.110000 -0.144000 -0.033667  0.076667  0.187000  0.186750  0.186500  0.186250  0.186000  0.028000  0.088000  0.160000  0.232000  0.143000  0.054000  0.103000  0.145000  0.024000 
Shapelet 246   0.247000  0.133000  0.148670  0.164330  0.180000  0.134000  0.110000  0.152000  0.168000  0.138000  0.108000  0.161000  0.146000  0.165000  0.168000  0.181000  0.157000  0.160000  0.153000  0.146000  0.154000  0.148000 
Shapelet 247   0.230500  0.261000  0.264000  0.267000  0.082000  0.067000  0.106000  0.055000  0.264000  0.137000  0.152000  0.167000  0.165670  0.164330  0.163000  0.403000 
Shapelet 248   0.460000  0.468500  0.477000  0.478000  0.510500  0.543000  0.566000  0.589000  0.612000  0.571000  0.596000  0.547000  0.486000 
Shapelet 249   0.360000  0.382000  0.365000  0.348000  0.367000  0.386000  0.335000  0.370000  0.480000  0.455000  0.457000  0.438000  0.507000  0.576000  0.605330  0.634670  0.664000  0.641000  0.665000  0.614000  0.558000  0.502000  0.470000 
Shapelet 250   0.158000  0.191000  0.224000  0.205000  0.238000  0.271000  0.602000  0.510000  0.543000  0.576000  0.609000  0.672000  0.404000  0.333000  0.298000  0.299000  0.300000  0.375000  0.366000  0.378000  0.438000  0.436000  0.451000  0.450000  0.462000  0.474000  0.497000  0.520000  0.505000  0.561000  0.658000  0.657000  0.606000  0.599000  0.642500  0.686000  0.666330  0.646670  0.627000  0.257000  0.213000  0.147000  0.173500  0.200000 
Shapelet 251   0.571000  0.620000  0.610000  0.625000  0.628000  0.631000  0.636000  0.548000  0.595670  0.643330  0.691000  0.745000  0.738000  0.678000  0.621000  0.637500  0.654000  0.658000  0.667000  0.661000  0.626000  0.647000  0.634000  0.628000  0.632000  0.636000  0.648000  0.655500  0.663000  0.639000  0.685000  0.695000  0.677000  0.638000  0.656000  0.707000  0.703670  0.700330  0.697000  0.670000  0.711000  0.730000  0.731500  0.733000  0.664000 
Shapelet 254   0.136000  0.150000  0.134000  0.169500  0.205000  0.254000  0.188000  0.185000  0.182000  0.179000  0.110000  0.157000  0.131000  0.171000  0.159500  0.148000  0.166000  0.132000  0.133000  0.122000  0.164000  0.175000  0.203000  0.174500  0.146000  0.147000  0.128500  0.110000  0.062000  0.098000  0.121000  0.104000  0.144000  0.119500  0.095000  0.135000  0.175000  0.215000  0.158000  0.152000  0.121000  0.114500  0.108000  0.177000 
Shapelet 255   0.474000  0.501500  0.529000  0.556500  0.584000  0.623000  0.617000  0.640000  0.623000  0.619000  0.618500 


; cmd = ShapeletResearch/Execs/FastShapelet UCRArchive_2018//Crop/Crop_TRAIN.tsv 24 7200 47 10 1 10 10 0 1 10 UCRArchive_2018//Crop/tree.txt UCRArchive_2018//Crop/time.txt
; time =>  227.337  11.163 131.849  13.932  60.148 
