;Shapelet Tree 

;random seed:1550663069, rand()=1953625571, rand()=1329174954
;command = ../../ShapeletResearch/Execs/FastShapelet ../../UCRArchive_2018//Rock/Rock_TRAIN.tsv 4 20 2845 10 1 10 10 1 0 10 ../../UCRArchive_2018//Rock/tree.txt ../../UCRArchive_2018//Rock/time.txt 

;Local Class:   0  1  2  3 
;Real  Class:   1  2  3  4 

;Node ID class   obj  pos  len  dist_th 
TreeSize: 8 
NonL  1    --      5  2184  261  308.9651 ==>   0   5   5   0  /   5   0   0   5 
NonL  2    --      5  2167  376  1099.6872 ==>   0   0   5   0  /   0   5   0   0 
NonL  3    --      3   83  937  424.3811 ==>   5   0   0   0  /   0   0   0   5 
Leaf  4     3    
Leaf  5     2    
Leaf  6     1    
Leaf  7     4    

;Shapelet id   <data>
Shapelet   1  43.724000 43.651000 43.571000 43.496000 43.437000 43.393000 43.342000 43.253000 43.100000 42.884000 42.637000 42.422000 42.304000 42.329000 42.496000 42.760000 43.052000 43.303000 43.472000 43.547000 43.548000 43.506000 43.448000 43.392000 43.340000 43.290000 43.235000 43.169000 43.091000 42.997000 42.888000 42.764000 42.629000 42.483000 42.328000 42.165000 41.992000 41.807000 41.607000 41.391000 41.160000 40.915000 40.659000 40.394000 40.123000 39.844000 39.559000 39.267000 38.968000 38.663000 38.351000 38.032000 37.705000 37.369000 37.021000 36.659000 36.284000 35.895000 35.497000 35.091000 34.681000 34.268000 33.852000 33.432000 33.008000 32.576000 32.136000 31.683000 31.211000 30.711000 30.175000 29.592000 28.952000 28.245000 27.456000 26.566000 25.559000 24.430000 23.184000 21.852000 20.484000 19.143000 17.896000 16.795000 15.875000 15.141000 14.566000 14.093000 13.639000 13.111000 12.418000 11.502000 10.356000  9.033800  7.651000  6.363000  5.338300  4.725200  4.624500  5.073300  6.038300  7.420400  9.069100 10.808000 12.467000 13.911000 15.056000 15.877000 16.397000 16.668000 16.749000 16.693000 16.541000 16.326000 16.073000 15.801000 15.528000 15.265000 15.018000 14.785000 14.563000 14.346000 14.129000 13.910000 13.689000 13.473000 13.270000 13.092000 12.950000 12.848000 12.789000 12.763000 12.757000 12.755000 12.743000 12.716000 12.675000 12.626000 12.577000 12.534000 12.496000 12.454000 12.399000 12.323000 12.220000 12.094000 11.949000 11.796000 11.641000 11.488000 11.333000 11.170000 10.995000 10.804000 10.600000 10.389000 10.181000  9.980400  9.791900  9.615200  9.448000  9.287000  9.129500  8.973200  8.816400  8.657500  8.493900  8.323600  8.146700  7.965300  7.783200  7.605100  7.435500  7.276600  7.129100  6.991500  6.863900  6.746200  6.640100  6.547500  6.469600  6.406300  6.356400  6.316600  6.284100  6.256400  6.232000  6.210000  6.190800  6.175700  6.166000  6.161900  6.164300  6.173100  6.189700  6.215500  6.252400  6.301200  6.360400  6.424800  6.489000  6.547700  6.602200  6.659500  6.733400  6.841600  7.001700  7.226700  7.520800  7.878400  8.283600  8.710800  9.130400  9.512900  9.835400 10.086000 10.265000 10.387000 10.467000 10.527000 10.576000 10.613000 10.628000 10.603000 10.518000 10.364000 10.142000  9.865500  9.558100  9.244300  8.944800  8.670800  8.424700  8.201200  7.991600  7.787900  7.585400  7.382500  7.181400  6.985600  6.797800  6.619700  6.450600  6.289100  6.134000  5.985300  5.844600  5.713900  5.594300  5.484700  5.383300  5.287100  5.194300  5.105000  5.020300  4.941900  4.870600  4.806400  4.747700  4.692500  4.640200 
Shapelet   2   1.704400  1.674100  1.650100  1.633600  1.623600  1.616500  1.607700  1.593800  1.575100  1.556400  1.544000  1.540700  1.547600  1.562300  1.579300  1.591600  1.595900  1.592800  1.586400  1.579300  1.575100  1.575300  1.577000  1.577200  1.573200  1.565100  1.555900  1.549000  1.548100  1.555600  1.570300  1.589500  1.607300  1.618600  1.621700  1.617700  1.609600  1.603000  1.602800  1.610600  1.623100  1.634300  1.640400  1.638300  1.627400  1.609400  1.588800  1.568900  1.551100  1.536900  1.527000  1.521100  1.516800  1.510400  1.498800  1.479400  1.453300  1.424200  1.397700  1.379200  1.372100  1.375900  1.386300  1.397500  1.403600  1.400100  1.384700  1.359300  1.329500  1.303400  1.288000  1.286100  1.297500  1.316700  1.335600  1.346500  1.346100  1.337300  1.327100  1.321900  1.327600  1.345800  1.372100  1.400500  1.426100  1.446500  1.462100  1.473700  1.483700  1.492600  1.501200  1.509900  1.519600  1.529600  1.538400  1.543800  1.542900  1.536200  1.525300  1.511100  1.495000  1.477700  1.460200  1.442700  1.424900  1.410700  1.400300  1.391500  1.382100  1.372300  1.363600  1.354800  1.345600  1.338200  1.330900  1.322400  1.314600  1.312400  1.319500  1.333500  1.349600  1.362400  1.366000  1.358800  1.346100  1.337800  1.342700  1.365500  1.404300  1.451900  1.498300  1.536200  1.563900  1.583600  1.600600  1.619800  1.639900  1.655100  1.659400  1.650400  1.629500  1.600200  1.570100  1.544700  1.523200  1.503100  1.484100  1.468500  1.457600  1.453300  1.457400  1.466100  1.470200  1.461200  1.436100  1.397500  1.351700  1.307000  1.270500  1.243300  1.221000  1.198300  1.173400  1.149300  1.130100  1.119000  1.117100  1.120800  1.123900  1.120400  1.107800  1.090100  1.070900  1.053100  1.041000  1.036300  1.038000  1.042500  1.049100  1.058100  1.065700  1.067600  1.063500  1.053600  1.038200  1.019700  1.003400  0.994200  0.992000  0.994600  0.999600  1.003900  1.004100  0.999800  0.994200  0.990400  0.989900  0.991500  0.992700  0.988900  0.976600  0.956700  0.932300  0.907200  0.883800  0.863700  0.847300  0.833800  0.824600  0.822500  0.829300  0.843100  0.858500  0.870300  0.875500  0.872900  0.864900  0.856800  0.853500  0.856800  0.864100  0.872200  0.878800  0.882100  0.880500  0.874300  0.866300  0.858500  0.850400  0.841600  0.834500  0.831700  0.835200  0.846100  0.865300  0.890000  0.913200  0.928600  0.932100  0.925700  0.912700  0.898200  0.886200  0.878800  0.874600  0.867900  0.854900  0.834500  0.807500  0.775800  0.745000  0.722800  0.713300  0.717600  0.734600  0.760400  0.786000  0.803500  0.810400  0.806100  0.792400  0.773400  0.755200  0.740500  0.727700  0.716600  0.708300  0.704100  0.704100  0.710200  0.722500  0.737200  0.747900  0.749500  0.742900  0.731100  0.717600  0.705700  0.696700  0.689100  0.679000  0.665000  0.650100  0.639600  0.635600  0.637300  0.640800  0.640800  0.634200  0.620700  0.603900  0.588000  0.574800  0.563900  0.555100  0.548700  0.545900  0.548900  0.559400  0.573800  0.585200  0.589200  0.584700  0.571400  0.553400  0.536600  0.526200  0.522400  0.521200  0.521500  0.521700  0.518200  0.510600  0.500400  0.490400  0.483600  0.480700  0.484300  0.493500  0.503700  0.509200  0.504400  0.487600  0.462700  0.435500  0.412500  0.397600  0.390000  0.384100  0.374400  0.359200  0.342000  0.328200  0.323300  0.330100  0.347600  0.370400  0.389800  0.398300  0.392400  0.374600  0.352100  0.335100  0.332500  0.346200  0.369400  0.391200  0.402800  0.400900  0.390000  0.378400  0.373200  0.376800  0.386000  0.398100  0.409900  0.421100  0.433400  0.450200  0.472000  0.496600  0.524800  0.560500  0.604800  0.657900  0.720200  0.791700  0.868600  0.946800  1.028300  1.118700  1.221700  1.341300  1.483700  1.650800  1.837700 
Shapelet   3  14.498000 14.551000 14.551000 14.793000 14.647000 14.855000 14.747000 14.952000 15.013000 15.013000 15.075000 14.860000 14.929000 15.025000 15.048000 15.037000 15.084000 15.182000 15.074000 15.220000 15.293000 15.502000 15.620000 15.477000 15.440000 15.404000 15.607000 15.582000 15.716000 15.730000 15.718000 15.692000 15.756000 15.828000 15.803000 15.996000 15.996000 15.945000 15.850000 15.947000 15.983000 16.048000 16.076000 16.011000 16.207000 16.076000 16.088000 16.076000 16.260000 16.220000 16.356000 16.454000 16.537000 16.469000 16.554000 16.537000 16.499000 16.361000 16.608000 16.472000 16.860000 16.665000 16.805000 16.819000 16.805000 16.890000 16.808000 16.944000 16.672000 16.741000 16.635000 16.797000 17.273000 17.273000 17.315000 16.947000 17.581000 17.652000 17.692000 17.677000 17.662000 17.817000 17.762000 17.963000 17.902000 17.811000 17.956000 17.856000 17.971000 17.971000 18.148000 18.071000 18.118000 18.118000 18.172000 18.056000 18.071000 18.056000 18.118000 18.149000 18.229000 18.299000 18.117000 18.163000 18.299000 18.299000 18.315000 18.299000 18.401000 18.605000 18.658000 18.572000 18.759000 18.727000 18.524000 18.593000 18.662000 18.746000 18.967000 18.967000 18.967000 18.750000 18.918000 19.018000 19.002000 19.018000 19.067000 19.002000 18.885000 18.853000 18.953000 18.885000 18.969000 19.002000 19.018000 19.051000 19.002000 19.085000 19.185000 19.102000 19.085000 19.069000 19.102000 19.202000 19.268000 19.219000 19.169000 19.202000 19.070000 19.103000 19.087000 19.087000 19.401000 19.517000 19.484000 19.451000 19.468000 19.517000 19.517000 19.533000 19.583000 19.600000 19.402000 19.600000 19.583000 19.385000 19.816000 19.768000 19.702000 19.552000 19.534000 19.683000 19.683000 19.534000 19.584000 19.584000 19.882000 19.916000 19.916000 19.716000 19.950000 19.916000 19.895000 19.830000 19.766000 19.831000 20.063000 19.964000 20.081000 20.080000 20.050000 20.050000 19.981000 20.063000 20.029000 20.058000 20.058000 20.093000 20.030000 20.192000 19.914000 20.013000 20.081000 20.180000 20.228000 20.396000 20.326000 20.128000 20.128000 20.379000 20.397000 20.297000 20.397000 20.224000 19.979000 19.982000 20.085000 20.303000 20.320000 20.437000 20.132000 19.952000 20.082000 20.032000 20.125000 20.023000 20.136000 20.218000 20.275000 20.288000 20.249000 20.119000 20.304000 20.142000 20.023000 20.250000 20.333000 20.191000 20.338000 20.338000 20.468000 20.321000 20.152000 20.468000 20.658000 20.514000 20.295000 20.480000 20.333000 20.229000 20.325000 20.617000 20.425000 20.661000 20.249000 20.245000 20.497000 20.345000 20.497000 20.358000 20.803000 20.617000 20.600000 20.341000 20.308000 20.325000 20.542000 20.219000 20.391000 20.617000 20.583000 20.233000 20.533000 20.550000 20.617000 20.785000 20.646000 20.533000 20.533000 20.646000 20.583000 20.717000 20.516000 20.679000 20.646000 20.696000 20.679000 20.646000 20.674000 20.691000 20.599000 20.583000 20.620000 20.508000 20.599000 20.524000 20.650000 20.683000 20.779000 20.637000 20.633000 20.549000 20.678000 20.541000 20.433000 20.620000 20.491000 20.528000 20.466000 20.515000 20.620000 20.587000 20.491000 20.496000 20.335000 20.587000 20.587000 20.507000 20.507000 20.478000 20.419000 20.478000 20.360000 20.197000 20.137000 20.123000 20.181000 19.974000 20.017000 19.957000 19.943000 19.943000 19.957000 19.783000 19.755000 19.666000 19.652000 19.652000 19.496000 19.421000 19.380000 19.203000 19.163000 19.010000 19.142000 18.909000 18.645000 18.645000 18.557000 18.443000 18.494000 18.444000 18.330000 18.290000 18.113000 18.113000 18.037000 17.899000 17.936000 17.924000 17.887000 17.847000 17.781000 17.769000 17.544000 17.673000 17.799000 17.799000 17.860000 17.769000 17.757000 17.604000 17.769000 17.943000 17.894000 17.946000 17.897000 17.849000 17.998000 18.199000 18.212000 18.174000 18.263000 18.326000 18.503000 18.566000 18.769000 18.870000 18.949000 18.923000 19.127000 19.291000 19.420000 19.482000 19.557000 19.710000 19.902000 19.766000 19.916000 20.118000 20.282000 20.369000 20.461000 20.448000 20.512000 20.512000 20.660000 20.601000 20.660000 20.792000 21.035000 21.019000 20.968000 21.138000 21.168000 21.198000 21.380000 21.426000 21.619000 21.651000 21.730000 21.906000 21.948000 22.069000 22.109000 22.046000 22.250000 22.510000 22.444000 22.500000 22.344000 22.479000 22.552000 22.568000 22.597000 22.681000 22.686000 22.759000 22.958000 22.962000 23.000000 23.037000 23.197000 23.179000 23.250000 23.199000 23.424000 23.442000 23.513000 23.565000 23.757000 23.879000 24.000000 24.252000 24.306000 24.154000 24.340000 24.340000 24.319000 24.401000 24.394000 24.547000 24.693000 24.886000 24.938000 24.970000 25.206000 24.995000 24.970000 25.244000 25.384000 25.407000 25.546000 25.654000 25.674000 25.812000 25.901000 25.841000 25.959000 25.880000 26.037000 25.918000 25.860000 25.723000 25.743000 26.015000 26.103000 26.026000 26.171000 26.151000 26.191000 26.123000 26.452000 26.379000 26.562000 26.562000 26.711000 26.820000 26.840000 26.840000 26.846000 27.022000 27.172000 27.193000 27.193000 27.110000 27.135000 27.218000 27.172000 27.265000 27.352000 27.416000 27.398000 27.352000 27.437000 27.632000 27.654000 27.629000 27.629000 27.370000 27.416000 27.458000 27.501000 27.491000 27.501000 27.437000 27.430000 27.723000 27.788000 27.589000 27.589000 27.483000 27.758000 27.603000 27.625000 27.625000 27.603000 27.560000 27.758000 27.801000 27.582000 27.603000 27.603000 27.889000 27.766000 27.910000 27.975000 28.108000 28.197000 28.286000 28.197000 28.086000 27.910000 27.689000 27.754000 27.732000 27.888000 27.910000 27.888000 27.625000 27.625000 27.515000 27.430000 27.625000 27.515000 27.667000 27.746000 27.603000 27.780000 27.737000 27.814000 27.625000 27.689000 27.931000 28.019000 27.997000 27.928000 27.839000 27.684000 27.653000 27.475000 27.315000 27.485000 27.699000 27.730000 27.913000 27.895000 27.742000 27.797000 27.920000 27.853000 27.916000 27.730000 27.609000 27.806000 27.782000 27.875000 27.584000 27.721000 27.719000 27.721000 28.060000 28.137000 28.183000 28.252000 28.184000 28.094000 28.027000 28.027000 28.049000 28.185000 28.380000 28.141000 28.163000 28.321000 28.366000 28.366000 28.457000 28.412000 28.412000 28.307000 28.503000 28.412000 28.550000 28.687000 28.916000 28.871000 28.781000 28.665000 28.804000 28.945000 28.947000 28.829000 29.107000 29.107000 28.969000 28.898000 28.821000 28.812000 28.819000 28.816000 28.827000 28.820000 28.742000 28.694000 28.791000 28.870000 28.826000 28.877000 28.870000 28.863000 28.910000 28.905000 28.929000 28.825000 28.777000 28.820000 28.827000 28.807000 28.858000 28.912000 28.882000 28.816000 28.820000 28.889000 28.904000 28.859000 28.820000 28.783000 28.729000 28.850000 28.974000 28.963000 28.899000 28.852000 28.795000 28.761000 28.810000 28.847000 28.833000 28.836000 28.798000 28.778000 28.809000 28.851000 28.775000 28.792000 28.799000 28.750000 28.784000 28.796000 28.832000 28.890000 28.882000 28.806000 28.867000 28.806000 28.750000 28.772000 28.788000 28.824000 28.760000 28.676000 28.739000 28.833000 28.861000 28.812000 28.836000 28.881000 28.824000 28.731000 28.769000 28.855000 28.885000 28.786000 28.702000 28.780000 28.803000 28.815000 28.841000 28.828000 28.800000 28.837000 28.884000 28.882000 28.888000 28.878000 28.840000 28.828000 28.785000 28.752000 28.825000 28.909000 28.948000 28.847000 28.777000 28.867000 28.928000 28.832000 28.766000 28.817000 28.867000 28.889000 28.948000 28.911000 28.837000 28.868000 28.863000 28.803000 28.848000 28.833000 28.825000 28.905000 28.918000 28.830000 28.842000 28.927000 28.885000 28.831000 28.858000 28.883000 28.848000 28.882000 28.890000 28.820000 28.825000 28.863000 28.845000 28.891000 28.957000 28.897000 28.845000 28.824000 28.851000 28.815000 28.823000 28.827000 28.839000 28.851000 28.921000 28.872000 28.875000 28.928000 28.932000 28.918000 28.858000 28.875000 28.909000 28.879000 28.897000 28.949000 28.946000 28.914000 28.880000 28.874000 28.880000 28.846000 28.837000 28.824000 28.868000 28.911000 28.895000 28.907000 28.949000 28.900000 28.914000 28.932000 28.933000 28.966000 29.028000 29.003000 28.931000 28.969000 29.003000 28.995000 29.008000 29.008000 29.049000 29.005000 28.945000 28.963000 29.038000 29.035000 29.032000 29.052000 29.029000 28.999000 29.045000 29.087000 29.127000 29.130000 29.140000 29.161000 29.129000 29.148000 29.093000 29.111000 29.130000 29.145000 29.162000 29.171000 29.121000 29.107000 29.106000 29.127000 29.184000 29.183000 29.109000 29.133000 29.226000 29.198000 29.192000 29.257000 29.308000 29.277000 29.240000 29.278000 29.324000 29.323000 29.235000 29.197000 29.288000 29.317000 29.302000 29.281000 29.339000 29.397000 29.375000 29.321000 29.344000 29.375000 29.393000 29.392000 29.355000 29.337000 29.392000 29.407000 29.397000 29.408000 29.442000 29.421000 29.403000 29.461000 29.510000 29.515000 29.504000 29.529000 29.593000 29.614000 29.536000 29.495000 29.520000 29.484000 29.583000 29.606000 29.615000 29.640000 29.608000 29.629000 29.653000 29.690000 29.740000 29.692000 29.679000 29.739000 29.732000 29.704000 29.677000 29.683000 29.752000 29.850000 29.833000 29.788000 29.796000 29.840000 29.843000 29.783000 29.807000 29.833000 29.838000 29.817000 29.841000 29.873000 29.907000 29.934000 29.924000 29.917000 29.903000 29.890000 29.850000 29.922000 29.935000 29.849000 29.937000 29.927000 29.931000 30.009000 


; cmd = ../../ShapeletResearch/Execs/FastShapelet ../../UCRArchive_2018//Rock/Rock_TRAIN.tsv 4 20 2845 10 1 10 10 1 0 10 ../../UCRArchive_2018//Rock/tree.txt ../../UCRArchive_2018//Rock/time.txt
; time =>  4127.253  23.243  45.909   2.912 4051.977 
