;Shapelet Tree 

;random seed:1551077663, rand()=1423449215, rand()=780942363
;command = ShapeletResearch/Execs/FastShapelet UCRArchive_2018//Fish/Fish_TRAIN.tsv 7 175 464 10 1 10 10 0 1 10 UCRArchive_2018//Fish/tree.txt UCRArchive_2018//Fish/time.txt 

;Local Class:   0  1  2  3  4  5  6 
;Real  Class:   7  4  6  2  5  1  3 

;Node ID class   obj  pos  len  dist_th 
TreeSize: 120 
NonL  1    --      0   79   40   0.7648 ==>  26  19   0   1   2   8  28  /   2   2  25  24  20  18   0 
NonL  2    --      0  114   24   0.1940 ==>  26   0   0   0   0   1   0  /   0  19   0   1   2   7  28 
NonL  3    --     42   30  240   3.5194 ==>   0   0   0  24   1   0   0  /   2   2  25   0  19  18   0 
Leaf  4     7    
NonL  5    --      0   10   94   0.3785 ==>   0  19   0   1   2   4   1  /   0   0   0   0   0   3  27 
Leaf  6     2    
NonL  7    --      0    9  118   1.6412 ==>   2   2  25   0   0  17   0  /   0   0   0   0  19   1   0 
NonL 10    --      0  223   92   0.9913 ==>   0  18   0   0   0   0   0  /   0   1   0   1   2   4   1 
Leaf 11     3    
NonL 14    --      0  121   93   0.6572 ==>   0   0  24   0   0   1   0  /   2   2   1   0   0  16   0 
Leaf 15     5    
Leaf 20     4    
NonL 21    --      3   36  409   4.8524 ==>   0   0   0   0   0   4   1  /   0   1   0   1   2   0   0 
Leaf 28     6    
NonL 29    --      0   49   47   0.4013 ==>   0   0   1   0   0  16   0  /   2   2   0   0   0   0   0 
NonL 42    --      1  102  327   1.6959 ==>   0   0   0   0   0   0   1  /   0   0   0   0   0   4   0 
NonL 43    --      1   10  239   5.0470 ==>   0   1   0   1   0   0   0  /   0   0   0   0   2   0   0 
Leaf 58     1    
NonL 59    --      0  146  158   2.1181 ==>   2   0   0   0   0   0   0  /   0   2   0   0   0   0   0 
Leaf 84     3    
Leaf 85     1    
Leaf 86     4    
Leaf 87     5    
Leaf 118     7    
Leaf 119     4    

;Shapelet id   <data>
Shapelet   1  -0.694336 -0.704914 -0.714660 -0.722938 -0.729711 -0.740284 -0.750517 -0.757599 -0.770139 -0.782312 -0.790510 -0.794266 -0.801910 -0.807579 -0.823250 -0.837932 -0.867762 -0.906599 -0.943262 -0.981113 -1.016899 -1.052481 -1.087837 -1.130372 -1.177868 -1.211777 -1.250405 -1.289208 -1.334231 -1.371315 -1.398161 -1.428367 -1.441949 -1.460058 -1.469578 -1.483530 -1.495260 -1.497946 -1.504685 -1.509017 
Shapelet   2  -1.483530 -1.495260 -1.497946 -1.504685 -1.509017 -1.504035 -1.503230 -1.499850 -1.487898 -1.479326 -1.468758 -1.455965 -1.435396 -1.418746 -1.400286 -1.378938 -1.353618 -1.330745 -1.306582 -1.281246 -1.254845 -1.224353 -1.199217 -1.170163 
Shapelet   3   0.975571  0.937457  0.898108  0.860084  0.822129  0.784245  0.746434  0.708699  0.671044  0.633471  0.595904  0.557493  0.519979  0.482546  0.446951  0.409840  0.373042  0.336253  0.301672  0.267365  0.231067  0.197244  0.163088  0.127651  0.091220  0.054359  0.019048 -0.016085 -0.051031 -0.088704 -0.126090 -0.160804 -0.195084 -0.231935 -0.257854 -0.239057 -0.220037 -0.198131 -0.182199 -0.171834 -0.161026 -0.142932 -0.123606 -0.137650 -0.167196 -0.192024 -0.213839 -0.238501 -0.271312 -0.303874 -0.336179 -0.368208 -0.377905 -0.382209 -0.401472 -0.431848 -0.461871 -0.495736 -0.526949 -0.558983 -0.590617 -0.631696 -0.666275 -0.694068 -0.721358 -0.741376 -0.783113 -0.825466 -0.867645 -0.909633 -0.958487 -0.999673 -1.044782 -1.087362 -1.130995 -1.186731 -1.229957 -1.270550 -1.320780 -1.376612 -1.390854 -1.378940 -1.365298 -1.345460 -1.323397 -1.312661 -1.294819 -1.280330 -1.255368 -1.238596 -1.222202 -1.221733 -1.228699 -1.223720 -1.196315 -1.168171 -1.141628 -1.142996 -1.142643 -1.132739 -1.122578 -1.108328 -1.094291 -1.079096 -1.071613 -1.062942 -1.053094 -1.042098 -1.038555 -1.037380 -1.027666 -1.010209 -0.979188 -0.970168 -0.975433 -0.977868 -0.966112 -0.951910 -0.944013 -0.934791 -0.923006 -0.905673 -0.886154 -0.865768 -0.853548 -0.853136 -0.850179 -0.822713 -0.795971 -0.770857 -0.749508 -0.741972 -0.719810 -0.701702 -0.679563 -0.661011 -0.636872 -0.611878 -0.586082 -0.565541 -0.542883 -0.514355 -0.485155 -0.455330 -0.427752 -0.417376 -0.400930 -0.372773 -0.352247 -0.328823 -0.331135 -0.336526 -0.339188 -0.331906 -0.333145 -0.320367 -0.361754 -0.403554 -0.409354 -0.370172 -0.330976 -0.291505 -0.251768 -0.212031 -0.172293 -0.132314 -0.092307 -0.052082 -0.011844  0.028422  0.068860  0.109040  0.149540  0.189997  0.230281  0.271037  0.311507  0.351830  0.392167  0.432776  0.473451  0.514037  0.554438  0.594849  0.635270  0.675477  0.716138  0.756586  0.797041  0.837819  0.877976  0.918454  0.957985  0.997522  1.037369  1.077530  1.118005  1.158036  1.198015  1.237548  1.277087  1.316630  1.355713  1.394843  1.411613  1.408210  1.405226  1.402664  1.408750  1.437727  1.460737  1.467934  1.468470  1.468441  1.468830  1.469632  1.470849  1.477003  1.483549  1.488695  1.497879  1.511012  1.531806  1.543888  1.558269  1.578268  1.577297  1.569613  1.562160  1.557155  1.548783  1.546306  1.508170  1.470009  1.431027  1.392641  1.354939  1.316027  1.277133  1.238258 
Shapelet   5   1.780485  1.742000  1.703821  1.666606  1.628375  1.591032  1.552923  1.516177  1.478176  1.439941  1.404144  1.366323  1.330969  1.293702  1.258603  1.221986  1.184996  1.150198  1.114630  1.080059  1.045312  1.010955  0.974990  0.939200  0.906201  0.872122  0.840182  0.805546  0.771675  0.737286  0.703124  0.669195  0.635508  0.602071  0.568893  0.531990  0.498110  0.465639  0.428022  0.396020  0.358683  0.327185  0.292705  0.259195  0.222499  0.185938  0.154299  0.119612  0.083588  0.047727  0.018759 -0.016648 -0.051863 -0.086880 -0.120560 -0.150459 -0.188736 -0.217190 -0.250933 -0.284407 -0.317599 -0.350494 -0.383079 -0.415336 -0.447248 -0.478799 -0.509968 -0.540736 -0.571081 -0.600982 -0.630413 -0.668891 -0.697533 -0.725571 -0.753035 -0.779894 -0.806114 -0.831663 -0.856505 -0.880604 -0.899011 -0.926417 -0.941847 -0.957065 -0.964758 -0.971107 -0.976093 -0.979701 -0.971395 -0.969960 -0.969255 -0.967166 -0.963310 -0.957816 
Shapelet   7   1.749095  1.710781  1.672604  1.634694  1.596742  1.558857  1.520917  1.483069  1.445042  1.407299  1.369377  1.331597  1.294070  1.256724  1.219145  1.181652  1.144629  1.107333  1.070451  1.033465  0.996482  0.959533  0.922449  0.885673  0.848589  0.811751  0.775243  0.738442  0.701737  0.664971  0.627992  0.591577  0.554718  0.518523  0.482305  0.446343  0.409962  0.374038  0.337664  0.301685  0.265232  0.229183  0.193253  0.157269  0.120999  0.085284  0.049863  0.013598 -0.021543 -0.056548 -0.092393 -0.128138 -0.163747 -0.199212 -0.234782 -0.270874 -0.306490 -0.341968 -0.377916 -0.413723 -0.449380 -0.484876 -0.521583 -0.556757 -0.591737 -0.626510 -0.661061 -0.693824 -0.726251 -0.756675 -0.784914 -0.810759 -0.833440 -0.853044 -0.869432 -0.883002 -0.897121 -0.909516 -0.920794 -0.930691 -0.935607 -0.944253 -0.951594 -0.956854 -0.960759 -0.960270 -0.960841 -0.957739 -0.954206 -0.948591 -0.943997 -0.939102 -0.932089 -0.926343 -0.920681 -0.910501 -0.901099 -0.908640 -0.915924 -0.922995 -0.933264 -0.972001 -1.010319 -1.048624 -1.087418 -1.126301 -1.164827 -1.200932 -1.235983 -1.246447 -1.283648 -1.318927 -1.352746 -1.381598 -1.399722 -1.425453 -1.456648 -1.457612 
Shapelet  10   1.239484  1.237718  1.210723  1.197051  1.194719  1.181345  1.172381  1.174093  1.176287  1.178962  1.182115  1.172350  1.163094  1.159207  1.155274  1.151735  1.157823  1.164384  1.171416  1.178915  1.186879  1.195306  1.204192  1.213532  1.223324  1.233563  1.244246  1.255368  1.266925  1.278914  1.297408  1.323617  1.355584  1.369112  1.383046  1.350219  1.307069  1.263918  1.220769  1.177621  1.134324  1.086620  1.043468  0.995644  0.951720  0.900108  0.863897  0.828750  0.780963  0.728943  0.677145  0.629640  0.578200  0.530892  0.482345  0.436499  0.389422  0.341729  0.292017  0.245292  0.208450  0.175137  0.141992  0.095885  0.053206  0.013156 -0.027604 -0.069859 -0.111802 -0.142147 -0.171350 -0.192975 -0.210511 -0.227484 -0.243879 -0.268412 -0.284169 -0.306441 -0.332865 -0.352539 -0.376877 -0.400182 -0.422610 -0.436920 -0.427997 -0.434794 -0.462415 -0.495870 -0.534304 -0.564946 -0.602545 -0.643154 
Shapelet  14  -1.352746 -1.381598 -1.399722 -1.425453 -1.456648 -1.457612 -1.469061 -1.474489 -1.491676 -1.496461 -1.490647 -1.467322 -1.440362 -1.411720 -1.382062 -1.351504 -1.320937 -1.289334 -1.256706 -1.223382 -1.189562 -1.155297 -1.121679 -1.086670 -1.051604 -1.016399 -0.981233 -0.944577 -0.907724 -0.871250 -0.834258 -0.797885 -0.760739 -0.723430 -0.686020 -0.648652 -0.610782 -0.573021 -0.534940 -0.496802 -0.457981 -0.418908 -0.379487 -0.340115 -0.300309 -0.260094 -0.219841 -0.178587 -0.137076 -0.095481 -0.053380 -0.011525  0.031175  0.073939  0.117325  0.160911  0.203987  0.246916  0.289733  0.333059  0.376864  0.420688  0.464259  0.507899  0.551603  0.595165  0.637879  0.681424  0.724214  0.767010  0.809828  0.851811  0.893802  0.935929  0.977805  1.018835  1.059219  1.099493  1.138044  1.169335  1.211302  1.235990  1.257939  1.277254  1.276559  1.280925  1.282780  1.256325  1.242644  1.233593  1.216959  1.192432  1.169212 
Shapelet  21   1.015502  0.981937  0.949729  0.917677  0.884100  0.852352  0.819049  0.785881  0.752316  0.718185  0.685428  0.652825  0.620380  0.587334  0.554106  0.520248  0.486530  0.451019  0.417576  0.384288  0.349940  0.315471  0.279511  0.246643  0.210011  0.174898  0.139201  0.105076  0.069921  0.035169 -0.000639 -0.036296 -0.070741 -0.107126 -0.142282 -0.177254 -0.212033 -0.246607 -0.283314 -0.317501 -0.353845 -0.388072 -0.423348 -0.459124 -0.494561 -0.529743 -0.564478 -0.599271 -0.633581 -0.667994 -0.701193 -0.734447 -0.767302 -0.799728 -0.828876 -0.859237 -0.888351 -0.915751 -0.942032 -0.965493 -0.991728 -1.015120 -1.035022 -1.048787 -1.060850 -1.068531 -1.074935 -1.078299 -1.080572 -1.083026 -1.087446 -1.088863 -1.089011 -1.089466 -1.088558 -1.089642 -1.089385 -1.084507 -1.088114 -1.087073 -1.078240 -1.071352 -1.063191 -1.050666 -1.043165 -1.031362 -1.012405 -1.026174 -1.039449 -1.073182 -1.105490 -1.127174 -1.148830 -1.191366 -1.215635 -1.257425 -1.283400 -1.307343 -1.323550 -1.329140 -1.335719 -1.360400 -1.380286 -1.404098 -1.429141 -1.460120 -1.454468 -1.430767 -1.403270 -1.376707 -1.347908 -1.317700 -1.285778 -1.253304 -1.219466 -1.184675 -1.149274 -1.112760 -1.075777 -1.038133 -0.999965 -0.961333 -0.922358 -0.883100 -0.843699 -0.804131 -0.764595 -0.725175 -0.686130 -0.647283 -0.608498 -0.569761 -0.531072 -0.492108 -0.453001 -0.413601 -0.373753 -0.333171 -0.297979 -0.265297 -0.240859 -0.232155 -0.235795 -0.269593 -0.300046 -0.256903 -0.214963 -0.172953 -0.131424 -0.090577 -0.049872 -0.011002  0.028432  0.067867  0.106605  0.145353  0.184112  0.223559  0.263114  0.302455  0.341905  0.381356  0.420807  0.460174  0.498790  0.536110  0.573987  0.611618  0.649224  0.686868  0.724549  0.762372  0.800840  0.838924  0.877276  0.915525  0.953475  0.992263  1.030815  1.069759  1.108440  1.147655  1.186607  1.225699  1.265035  1.305030  1.345556  1.387013  1.401045  1.408611  1.409030  1.410089  1.408548  1.410678  1.410016  1.403675  1.382293  1.352426  1.323080  1.299680  1.268317  1.266981  1.269255  1.285432  1.313989  1.345930  1.359514  1.385821  1.406246  1.423749  1.447408  1.474061  1.465878  1.431683  1.396215  1.360818  1.325494  1.290247  1.255078  1.219989  1.184983  1.148636  1.114808  1.078991  1.042815  1.006706  0.962303  0.925096  0.890276  0.855961  0.812922  0.782772  0.748369  0.706517  0.661826  0.619157  0.578691  0.539862  0.503352  0.460113  0.418668  0.378315  0.337028  0.295480  0.250709  0.205730  0.162524  0.116466  0.071163  0.027901 -0.016102 -0.058050 -0.099997 -0.143600 -0.184649 -0.223982 -0.260685 -0.295444 -0.287679 -0.266154 -0.243968 -0.211600 -0.182508 -0.153872 -0.130306 -0.110191 -0.095012 -0.073392 -0.066331 -0.093027 -0.123867 -0.154429 -0.187019 -0.210883 -0.245168 -0.278457 -0.314394 -0.343550 -0.367778 -0.394722 -0.419834 -0.462725 -0.504335 -0.544283 -0.588490 -0.633802 -0.673824 -0.712200 -0.750958 -0.796311 -0.847646 -0.901634 -0.955532 -0.999850 -1.040873 -1.085885 -1.125708 -1.147476 -1.171778 -1.196801 -1.213682 -1.230200 -1.246468 -1.267473 -1.278225 -1.303369 -1.327660 -1.349688 -1.376923 -1.407374 -1.440995 -1.446944 -1.447979 -1.446103 -1.407088 -1.368484 -1.329854 -1.291200 -1.252525 -1.212741 -1.172336 -1.134282 -1.094054 -1.052555 -1.044753 -1.035169 -1.047772 -1.060568 -1.076404 -1.091247 -1.110314 -1.130175 -1.149139 -1.166296 -1.186182 -1.204543 -1.223818 -1.242151 -1.258855 -1.273845 -1.287039 -1.298006 -1.300479 -1.289533 -1.270960 -1.246771 -1.222371 -1.195835 -1.168055 -1.139451 -1.110984 -1.081663 -1.050726 -1.019435 -0.988419 -0.955709 -0.923650 -0.890488 -0.855406 -0.819946 -0.784244 -0.748387 -0.711852 -0.675024 -0.637923 -0.600302 -0.562750 -0.524975 -0.486863 -0.448680 -0.410260 -0.371717 -0.333075 -0.294340 -0.255466 -0.216454 -0.177360 -0.138129 -0.098771 -0.059303 -0.019860  0.019941  0.059707  0.099778  0.139760  0.180035  0.220450  0.261074  0.301629  0.342339  0.383168  0.424202  0.465111  0.506094  0.546920  0.587371  0.628523  0.669388  0.711275  0.753384  0.795334  0.837367  0.880045  0.922710  0.964527  1.006447  1.045759  1.090464  1.131820 
Shapelet  29   0.226771  0.193982  0.161519  0.129187  0.095942  0.063864  0.030836 -0.001178 -0.033753 -0.066425 -0.098974 -0.131395 -0.163680 -0.195824 -0.227819 -0.260984 -0.294037 -0.325856 -0.358382 -0.391035 -0.423548 -0.455913 -0.488119 -0.520159 -0.550438 -0.582423 -0.616792 -0.649470 -0.680888 -0.711752 -0.741976 -0.770862 -0.802730 -0.832453 -0.859876 -0.880319 -0.892264 -0.898218 -0.902142 -0.899634 -0.897361 -0.888734 -0.881057 -0.874583 -0.865937 -0.858691 -0.850635 
Shapelet  42  -0.741748 -0.738553 -0.734243 -0.734721 -0.731138 -0.720592 -0.711920 -0.731630 -0.770841 -0.805653 -0.841373 -0.880266 -0.919647 -0.958957 -0.998188 -1.034441 -1.069775 -1.108391 -1.144273 -1.181615 -1.219722 -1.256640 -1.292373 -1.298410 -1.291220 -1.284448 -1.274518 -1.267759 -1.255344 -1.242467 -1.225905 -1.209866 -1.192164 -1.172906 -1.151958 -1.128609 -1.105729 -1.079992 -1.050187 -1.030899 -1.015620 -0.985884 -0.954584 -0.940949 -0.910593 -0.878400 -0.844596 -0.810627 -0.781899 -0.749752 -0.715343 -0.679726 -0.642400 -0.604579 -0.565147 -0.523847 -0.484238 -0.445182 -0.407754 -0.371574 -0.340646 -0.320837 -0.328855 -0.355452 -0.386542 -0.363560 -0.324365 -0.284811 -0.244860 -0.204452 -0.163662 -0.122546 -0.081242 -0.039607  0.002288  0.044406  0.085671  0.126277  0.166884  0.207947  0.248786  0.289709  0.330717  0.371567  0.412672  0.453788  0.495147  0.535516  0.576117  0.616719  0.657321  0.697662  0.738036  0.778867  0.819337  0.859760  0.900170  0.940526  0.980971  1.021490  1.061853  1.102347  1.142826  1.183431  1.224275  1.264952  1.305969  1.346819  1.387920  1.429028  1.470145  1.511657  1.516614  1.506210  1.491419  1.467795  1.440822  1.413911  1.384637  1.353958  1.323260  1.295935  1.268277  1.236954  1.211289  1.190767  1.167242  1.144999  1.116835  1.087650  1.060964  1.039447  1.034585  1.045395  1.061743  1.071846  1.076370  1.078688  1.083244  1.094858  1.105181  1.117548  1.118355  1.130600  1.148991  1.162878  1.179433  1.198972  1.209513  1.203080  1.216969  1.233810  1.214977  1.173570  1.117709  1.072545  1.022403  0.972410  0.925717  0.877702  0.831302  0.783177  0.740937  0.695972  0.651148  0.603918  0.559428  0.516490  0.469717  0.428480  0.385951  0.343608  0.307258  0.265488  0.220836  0.172579  0.127431  0.082547  0.041786 -0.005296 -0.046558 -0.090213 -0.128775 -0.169524 -0.211852 -0.258422 -0.302166 -0.346594 -0.390550 -0.426586 -0.449821 -0.467397 -0.482707 -0.494949 -0.499854 -0.502428 -0.508405 -0.520825 -0.534691 -0.545502 -0.559397 -0.571935 -0.583700 -0.594079 -0.610264 -0.624196 -0.629045 -0.630351 -0.630085 -0.656030 -0.701479 -0.751777 -0.804274 -0.861284 -0.914534 -0.965837 -1.015883 -1.068658 -1.119730 -1.164072 -1.207487 -1.251026 -1.296397 -1.340260 -1.394868 -1.423471 -1.451406 -1.478400 -1.506534 -1.535704 -1.561276 -1.584090 -1.606894 -1.628822 -1.644202 -1.656295 -1.665591 -1.664305 -1.630259 -1.589677 -1.549142 -1.508484 -1.467575 -1.426844 -1.386093 -1.345101 -1.303956 -1.261984 -1.237775 -1.251490 -1.268022 -1.255923 -1.224727 -1.188163 -1.156242 -1.121482 -1.089667 -1.069782 -1.058543 -1.090265 -1.111643 -1.131130 -1.154710 -1.176108 -1.197185 -1.216799 -1.238855 -1.261644 -1.287481 -1.316691 -1.344974 -1.362764 -1.373143 -1.344894 -1.312631 -1.279071 -1.245949 -1.213334 -1.181631 -1.146758 -1.112523 -1.074751 -1.037779 -0.999699 -0.962222 -0.924200 -0.886201 -0.848959 -0.811392 -0.772932 -0.735824 -0.698029 -0.660386 -0.622078 -0.583729 -0.545360 -0.506871 -0.468271 -0.430100 -0.391578 -0.352904 -0.314755 -0.275621 -0.236929 -0.198332 -0.159685 -0.120678 -0.081665 -0.042578 -0.002655  0.036526  0.075814  0.115204  0.154479  0.194269  0.234171  0.274117  0.313834  0.354088  0.394217  0.434313  0.474338  0.514496  0.554661  0.594921  0.635066  0.675338 
Shapelet  43   1.674165  1.655676  1.634461  1.599723  1.568555  1.537567  1.501500  1.464962  1.428393  1.391623  1.355035  1.318818  1.282273  1.274648  1.238841  1.202643  1.168489  1.135485  1.101879  1.069529  1.033814  0.998145  0.960438  0.921681  0.882928  0.844178  0.805432  0.768873  0.728863  0.690313  0.653982  0.618542  0.581669  0.544719  0.507270  0.471080  0.432463  0.397641  0.361650  0.325740  0.288562  0.251425  0.214351  0.180106  0.146049  0.109176  0.073868  0.038669  0.005025 -0.028840 -0.061210 -0.092346 -0.123150 -0.155460 -0.189412 -0.225118 -0.260725 -0.296645 -0.333628 -0.368936 -0.404121 -0.437055 -0.467458 -0.480244 -0.487309 -0.493179 -0.504764 -0.511102 -0.520344 -0.528525 -0.539528 -0.545996 -0.548042 -0.560115 -0.576173 -0.603803 -0.631379 -0.658531 -0.685236 -0.711475 -0.737225 -0.762461 -0.782764 -0.803366 -0.834843 -0.861852 -0.892459 -0.926789 -0.956520 -0.985739 -1.020276 -1.046897 -1.086213 -1.120633 -1.163546 -1.210611 -1.253095 -1.302125 -1.336325 -1.369457 -1.405995 -1.437968 -1.468418 -1.483071 -1.473956 -1.452233 -1.423551 -1.397461 -1.360644 -1.327396 -1.295216 -1.262460 -1.230648 -1.194673 -1.163821 -1.137350 -1.117874 -1.086150 -1.056811 -1.025223 -0.995881 -0.983376 -0.969922 -0.955908 -0.944867 -0.928673 -0.911639 -0.895853 -0.883095 -0.868066 -0.856969 -0.844870 -0.838796 -0.825933 -0.816411 -0.803693 -0.786211 -0.760494 -0.734272 -0.709809 -0.683952 -0.663246 -0.653156 -0.642878 -0.631332 -0.611504 -0.586838 -0.561629 -0.533030 -0.516061 -0.502294 -0.489458 -0.472691 -0.451120 -0.426125 -0.402313 -0.375257 -0.349691 -0.323843 -0.296551 -0.265276 -0.232296 -0.196512 -0.171898 -0.149401 -0.128646 -0.107460 -0.087234 -0.068254 -0.039615 -0.018145 -0.024193 -0.027555 -0.030821 -0.022505  0.011333  0.046082  0.075789  0.081898  0.079177  0.088243  0.121034  0.145259  0.165740  0.204288  0.242903  0.281520  0.320033  0.358545  0.397087  0.435666  0.474320  0.512986  0.551682  0.590410  0.629061  0.667908  0.706727  0.745454  0.784148  0.822846  0.861549  0.900256  0.938795  0.977481  1.016043  1.054756  1.093625  1.132385  1.171345  1.210272  1.249018  1.287766  1.326754  1.365761  1.404286  1.443038  1.481551  1.508374  1.525456  1.542887  1.560858  1.588981  1.601126  1.591594  1.582442  1.573671  1.574798  1.567344  1.568786  1.567568  1.570759  1.573530  1.573253  1.565234  1.546680  1.522192  1.502944  1.486296 
Shapelet  59  -0.617874 -0.577210 -0.537143 -0.496985 -0.457715 -0.417353 -0.381486 -0.347353 -0.313461 -0.302076 -0.279526 -0.269954 -0.278869 -0.295929 -0.322051 -0.363673 -0.398228 -0.365449 -0.327793 -0.291040 -0.253115 -0.216237 -0.179245 -0.142148 -0.103801 -0.065397 -0.025818  0.013786  0.053415  0.095260  0.139315  0.183069  0.227465  0.271559  0.315240  0.359779  0.405056  0.450359  0.495111  0.541603  0.582479  0.624239  0.652996  0.687948  0.731747  0.778469  0.825224  0.872011  0.914761  0.960286  1.005824  1.050086  1.093064  1.137250  1.179020  1.220714  1.259898  1.299107  1.333333  1.340789  1.317519  1.297323  1.286204  1.261894  1.233474  1.225576  1.224039  1.218888  1.202692  1.165665  1.142060  1.116154  1.080948  1.041111  1.009737  0.971353  0.928644  0.942229  0.978668  1.016887  1.053561  1.088248  1.123023  1.157280  1.177967  1.199215  1.220763  1.230146  1.243083  1.256567  1.267147  1.268562  1.276592  1.279149  1.281295  1.271723  1.242849  1.203200  1.163605  1.123970  1.084282  1.044575  1.004801  0.965019  0.925183  0.885411  0.845682  0.806045  0.766546  0.727101  0.687781  0.648608  0.609393  0.570323  0.531328  0.492567  0.453734  0.414997  0.376333  0.337301  0.301056  0.266194  0.226363  0.186532  0.146999  0.111365  0.071882  0.032007 -0.008036 -0.047601 -0.087101 -0.126594 -0.166419 -0.206908 -0.247581 -0.288015 -0.328832 -0.369359 -0.409431 -0.450011 -0.489595 -0.525295 -0.536999 -0.511045 -0.477465 -0.446421 -0.424330 -0.394759 -0.357788 -0.324012 -0.301892 -0.285550 -0.271688 -0.276471 -0.273861 -0.286815 -0.327722 -0.367815 


; cmd = ShapeletResearch/Execs/FastShapelet UCRArchive_2018//Fish/Fish_TRAIN.tsv 7 175 464 10 1 10 10 0 1 10 UCRArchive_2018//Fish/tree.txt UCRArchive_2018//Fish/time.txt
; time =>  476.281  10.716  30.402   3.162 429.528 
