;Shapelet Tree 

;random seed:1551073705, rand()=578044695, rand()=1292151960
;command = ShapeletResearch/Execs/FastShapelet UCRArchive_2018//GesturePebbleZ2/GesturePebbleZ2_TRAIN.tsv 6 146 456 10 1 10 10 0 1 10 UCRArchive_2018//GesturePebbleZ2/tree.txt UCRArchive_2018//GesturePebbleZ2/time.txt 

;Local Class:   0  1  2  3  4  5 
;Real  Class:   1  2  3  4  5  6 

;Node ID class   obj  pos  len  dist_th 
TreeSize: 128 
NonL  1    --     67  108  175  19.0884 ==>  14   8   0   0  24  26  /  11  15  24  24   0   0 
NonL  2    --      9  149   89   5.0344 ==>   0   8   0   0   0  24  /  14   0   0   0  24   2 
NonL  3    --     43   38   84   3.5007 ==>   0   0  22   0   0   0  /  11  15   2  24   0   0 
NonL  4    --      2   40  197  18.7896 ==>   0   0   0   0   0  24  /   0   8   0   0   0   0 
NonL  5    --     33   76  282  100000000000000000000.0000 ==>   1   0   0   0  24   0  /  13   0   0   0   0   2 
Leaf  6     3    
NonL  7    --     29   30   84   5.0838 ==>   0   1   0  22   0   0  /  11  14   2   2   0   0 
Leaf  8     6    
Leaf  9     2    
Leaf 10     5    
Leaf 14     4    
NonL 15    --     28   70   76   5.4978 ==>   0  14   0   0   0   0  /  11   0   2   2   0   0 
Leaf 30     2    
NonL 31    --      0    4  121  50000000000000000000.0000 ==>  11   0   0   0   0   0  /   0   0   2   2   0   0 
Leaf 62     1    
NonL 63    --      2    7   42   3.2309 ==>   0   0   2   0   0   0  /   0   0   0   2   0   0 
Leaf 126     3    
Leaf 127     4    

;Shapelet id   <data>
Shapelet   1  -2.640000 -2.640000 -2.750000 -3.120000 -3.020000 -2.760000 -2.300000 -2.210000 -2.050000 -1.980000 -2.280000 -2.320000 -2.160000 -2.100000 -1.950000 -1.440000 -1.330000 -1.300000 -1.050000 -0.570000 -0.920000 -0.560000 -0.290000 -0.150000  0.550000  1.130000  1.610000  1.440000  1.720000  1.480000  1.580000  1.880000  2.600000  3.080000  3.440000  3.580000  3.530000  3.760000  4.070000  4.310000  4.560000  4.760000  1.850000  1.700000  1.610000  1.860000  2.180000  1.140000 -0.640000 -1.260000 -1.400000 -1.340000  1.140000 -0.640000 -1.260000 -1.400000 -1.340000 -1.830000 -2.130000 -2.450000 -2.110000 -1.950000 -1.890000 -1.230000 -0.870000 -1.800000 -3.170000 -4.060000 -3.840000 -3.510000 -2.580000 -2.220000 -2.490000 -3.120000 -3.620000 -4.830000 -5.020000 -5.620000 -5.400000 -5.290000 -4.710000 -4.940000 -5.730000 -6.110000 -6.220000 -6.630000 -6.070000 -6.090000 -6.120000 -6.690000 -7.270000 -7.500000 -7.260000 -7.050000 -6.890000 -7.020000 -7.340000 -8.030000 -8.720000 -8.800000 -8.930000 -8.640000 -8.360000 -8.250000 -8.270000 -8.870000 -9.390000 -9.450000 -9.340000 -9.580000 -9.360000 -9.140000 -10.540000 -10.400000 -9.800000 -9.930000 -10.050000 -10.780000 -10.740000 -10.740000 -10.600000 -10.380000 -10.360000 -10.770000 -11.440000 -12.030000 -12.620000 -12.460000 -11.970000 -11.190000 -10.340000 -9.800000 -9.700000 -10.370000 -10.890000 -11.050000 -10.730000 -10.100000 -9.340000 -8.810000 -8.550000 -8.540000 -8.740000 -8.950000 -9.080000 -9.080000 -9.100000 -8.980000 -8.990000 -8.730000 -8.750000 -8.880000 -8.890000 -9.090000 -9.520000 -9.670000 -9.720000 -9.380000 -8.890000 -8.340000 -7.740000 -7.460000 -6.660000 -6.070000 -5.410000 -4.580000 -3.230000 -2.370000 -0.540000  1.070000  2.430000  5.360000  4.460000  5.280000  3.660000 
Shapelet   2  -14.150000 -13.780000 -13.020000 -12.170000 -11.550000 -10.800000 -10.120000 -9.260000 -8.530000 -7.490000 -6.830000 -6.860000 -6.180000 -5.720000 -5.030000 -4.070000 -3.090000 -1.610000 -0.600000  0.200000  1.480000  5.190000  5.870000  6.180000  6.870000  8.480000  9.030000  8.930000  9.020000  9.870000 10.540000 11.430000 12.350000 12.410000 11.670000 10.440000  8.950000  7.730000  7.420000  6.960000  6.520000  5.970000  5.580000  5.280000  4.860000  4.430000  4.100000  3.770000  3.420000  2.930000  2.930000  2.860000  2.580000  2.000000  1.070000  0.610000  0.590000  0.150000 -0.360000 -1.010000 -3.090000 -5.150000 -5.910000 -5.670000 -4.840000 -3.620000 -8.760000 -9.580000 -9.630000 -8.880000 -8.750000 -9.200000 -11.520000 -13.130000 -15.550000 -17.420000 -18.810000 -19.310000 -18.640000 -17.150000 -15.640000 -15.390000 -15.510000 -15.740000 -16.040000 -15.680000 -14.950000 -13.790000 -12.400000 
Shapelet   3  -7.550000 -7.830000 -7.700000 -7.610000 -7.360000 -7.680000 -8.150000 -13.040000 -13.370000 -13.190000 -13.400000 -13.290000 -13.200000 -13.280000 -13.640000 -13.490000 -14.170000 -14.340000 -15.150000 -14.630000 -13.640000 -13.500000 -12.670000 -11.610000 -10.750000 -10.420000 -9.940000 -8.040000 -7.040000 -5.400000 -4.250000 -3.650000 -2.290000 -2.230000 -2.930000 -2.930000 -3.260000 -3.190000 -3.530000 -1.920000 -0.150000  0.250000 -0.580000 -1.010000 -0.970000 -1.180000 -1.630000 -1.990000 -2.670000 -2.780000 -2.630000 -1.790000  0.030000  2.040000  3.600000  3.900000  4.070000  3.380000  3.320000  4.050000  4.590000  5.890000  6.730000  7.030000  7.280000  6.660000  5.550000  6.540000  7.530000  7.750000  7.270000  6.500000 20.330000 20.430000 18.440000 15.420000 14.180000 17.500000 20.450000 22.050000 21.060000 18.620000 15.750000 13.590000 
Shapelet   4  -7.880000 -8.170000 -8.590000 -9.120000 -9.470000 -9.850000 -10.250000 -10.930000 -11.540000 -12.070000 -12.450000 -13.250000 -13.920000 -14.650000 -14.930000 -14.780000 -15.110000 -15.360000 -15.290000 -14.520000 -13.370000 -12.550000 -11.940000 -11.490000 -11.260000 -10.760000 -9.950000 -9.210000 -8.970000 -7.890000 -7.080000 -6.780000 -6.220000 -5.940000 -5.390000  1.680000  2.960000  3.950000  4.750000  5.490000  6.460000  7.650000  8.810000  9.690000 10.160000 10.430000 12.010000 13.610000 15.010000 14.630000 13.100000 10.100000  6.680000  3.210000  1.030000  0.500000  0.810000  2.070000  3.650000  4.690000  5.080000  5.020000  3.660000  2.470000  2.040000  2.130000  2.410000  2.780000  3.170000  3.400000  2.520000  2.060000  1.790000  1.420000  0.630000  0.150000 -0.740000 -1.880000 -2.730000 -4.230000 -5.240000 -5.020000 -4.630000 -4.470000 -6.750000 -9.320000 -11.210000 -12.600000 -13.130000 -13.030000 -12.640000 -11.600000 -10.980000 -10.690000 -12.140000 -14.660000 -16.780000 -18.610000 -19.580000 -19.540000 -18.270000 -17.410000 -16.790000 -16.380000 -16.490000 -16.120000 -15.860000 -15.720000 -15.640000 -15.440000 -15.510000 -15.450000 -15.200000 -14.880000 -14.420000 -13.970000 -13.820000 -13.140000 -12.690000 -12.200000 -11.600000 -11.030000 -10.220000 -9.820000 -9.350000 -8.520000 -7.990000 -6.940000 -6.070000 -5.660000 -5.020000 -4.410000 -4.110000 -3.570000 -2.720000 -1.930000 -1.520000 -1.030000  0.000000  0.340000  0.610000  1.510000  2.320000  2.550000  3.190000  6.140000  6.110000  6.370000  7.190000  8.560000  9.200000 10.080000 10.970000 11.450000 11.370000 10.460000  9.100000  7.990000  7.500000  6.910000  6.510000  5.100000  3.520000  2.600000  2.320000  2.480000  2.690000  2.740000  2.930000  2.960000  2.740000  2.680000  2.550000  2.390000  2.100000 -0.970000 -1.630000 -1.940000 -1.940000 -1.530000 -1.290000 -2.200000 -4.580000 -6.440000 -7.340000 -6.940000 -6.710000 -6.830000 -9.930000 -12.990000 -14.580000 -15.210000 -15.350000 -15.470000 -16.690000 -18.000000 -18.640000 
Shapelet   5  -6.210000 -6.080000 -6.090000 -6.280000 -6.790000 -7.000000 -7.020000 -6.220000 -5.430000 -5.080000 -5.210000 -5.500000 -6.070000 -6.660000 -6.480000 -6.220000 -5.910000 -5.910000 -5.880000 -4.830000 -4.960000 -5.220000 -5.790000 -5.980000 -5.910000 -5.980000 -6.040000 -5.680000 -5.670000 -5.820000 -6.010000 -6.190000 -6.400000 -6.410000 -6.430000 -6.380000 -6.250000 -6.380000 -6.650000 -7.110000 -7.410000 -7.400000 -7.360000 -7.070000 -6.710000 -6.270000 -6.510000 -7.460000 -8.440000 -8.810000 -8.720000 -8.130000 -7.350000 -6.630000 -7.750000 -7.190000 -6.660000 -6.420000 -7.680000 -8.330000 -8.150000 -7.740000 -7.160000 -6.730000 -6.490000 -6.310000 -7.150000 -8.090000 -8.410000 -8.210000 -7.890000 -7.300000 -6.830000 -6.630000 -6.750000 -8.020000 -8.870000 -9.320000 -9.340000 -8.820000 -8.120000 -7.550000 -7.110000 -7.430000 -7.630000 -8.060000 -8.340000 -8.490000 -8.170000 -7.830000 -7.830000 -8.030000 -8.620000 -8.810000 -8.900000 -8.860000 -8.780000 -8.550000 -8.340000 -8.160000 -8.130000 -8.610000 -9.360000 -9.730000 -10.030000 -10.250000 -10.050000 -9.730000 -9.400000 -8.960000 -8.730000 -8.590000 -8.540000 -8.450000 -8.280000 -8.160000 -8.170000 -8.290000 -8.450000 -8.480000 -8.810000 -8.910000 -8.930000 -8.970000 -8.960000 -8.870000 -9.120000 -9.210000 -9.310000 -9.280000 -9.090000 -8.930000 -8.640000 -8.500000 -8.420000 -8.390000 -8.260000 -8.220000 -8.280000 -7.250000 -7.000000 -7.110000 -7.340000 -7.380000 -7.350000 -7.270000 -7.100000 -6.940000 -6.620000 -6.420000 -6.410000 -6.360000 -6.370000 -6.380000 -6.560000 -6.530000 -6.360000 -6.370000 -6.570000 -6.760000 -6.470000 -6.340000 -6.280000 -6.040000 -6.090000 -6.370000 -6.490000 -6.780000 -6.880000 -6.650000 -6.420000 -6.120000 -6.140000 -5.910000 -5.870000 -6.060000 -6.230000 -5.990000 -5.610000 -4.940000 -4.940000 -4.850000 -4.940000 -5.210000 -5.290000 -5.310000 -5.160000 -5.080000 -5.200000 -5.400000 -5.680000 -5.850000 -5.890000 -5.690000 -5.380000 -5.360000 -5.440000 -6.070000 -6.570000 -7.080000 -7.090000 -6.930000 -6.500000 -6.120000 -5.830000 -6.280000 -7.070000 -7.940000 -8.430000 -8.430000 -8.060000 -7.220000 -6.350000 -5.790000 -5.870000 -6.300000 -6.720000 -7.240000 -7.630000 -7.510000 -6.930000 -6.460000 -6.080000 -6.090000 -6.800000 -7.200000 -7.440000 -7.440000 -7.170000 -6.920000 -7.190000 -7.870000 -8.150000 -8.360000 -7.490000 -7.870000 -7.880000 -7.860000 -7.600000 -7.460000 -7.080000 -6.980000 -7.070000 -7.360000 -7.820000 -8.040000 -7.900000 -7.840000 -7.640000 -7.340000 -7.820000 -8.230000 -8.720000 -8.870000 -8.970000 -8.860000 -8.860000 -9.690000 -10.550000 -11.110000 -11.780000 -11.970000 -11.710000 -11.240000 -10.420000 -9.500000 -8.630000 -7.780000 -7.130000 -6.710000 -6.880000 -7.510000 -8.930000 -9.630000 -8.780000 -5.330000 -0.180000 11.340000 13.400000 15.000000 18.040000 -33.050000 
Shapelet   7  -13.520000 -13.760000 -13.750000 -13.400000 -12.990000 -12.400000 -12.010000 -12.000000 -12.050000 -11.690000 -11.930000 -12.080000 -11.680000 -11.300000 -10.300000 -9.420000 -8.300000 -7.660000 -7.620000 -7.370000 -7.620000 -8.170000 -8.050000 -6.960000 -6.130000 -4.800000 -2.780000 -1.190000  0.360000  2.150000  3.700000  4.750000  6.050000  5.900000  5.360000  5.700000  6.540000  7.380000  8.760000  9.740000  4.000000  3.350000  3.120000  2.610000  2.340000  2.220000  1.740000  0.640000 -0.820000 -1.830000 -2.480000 -2.200000 -1.260000 -0.140000  1.100000  2.060000  2.840000  3.320000  3.150000  2.020000  0.900000  0.580000  0.650000  1.240000  1.810000  2.730000  2.730000  2.630000  1.300000  1.220000  2.250000  3.750000  5.610000  2.360000  1.100000  2.740000  0.630000  1.150000  1.990000  1.490000  0.880000  1.350000  2.060000  1.260000 
Shapelet  15  -6.370000 -6.100000 -5.850000 -4.950000 -4.440000 -4.330000 -4.430000 -4.650000 -4.100000 -3.630000 -3.430000 -2.640000 -2.420000 -2.020000 -1.890000 -1.770000 -1.850000 -1.990000 -2.030000 -1.350000 -0.680000 -0.270000  0.470000  0.490000  0.540000  3.090000  3.530000  4.300000  4.110000  3.920000  3.840000  3.610000  3.880000  3.730000  4.100000  4.800000  5.550000  5.800000  5.560000  4.790000  4.070000  3.210000  2.160000  1.310000  1.640000  2.510000  3.660000  4.620000  3.660000  2.130000  0.480000 -1.200000 -1.930000 -1.640000 -1.060000  0.050000  0.730000  0.850000 -0.880000 -2.290000 -3.220000 -3.420000 -3.580000 -2.990000 -2.420000 -4.330000 -5.210000 -5.720000 -6.800000 -7.090000 -6.630000 -5.790000 -4.820000 -4.070000 -4.190000 -5.080000 
Shapelet  31   1.000000 -4.360000 -6.070000 -6.030000 -4.750000 -4.040000 -4.100000 -4.080000 -4.300000 -3.510000 -3.020000 -3.690000 -4.080000 -2.900000 -1.850000 -1.950000 -2.590000 -3.200000 -3.690000 -4.680000 -5.340000 -5.500000 -5.480000 -5.640000 -6.160000 -6.600000 -6.700000 -6.700000 -6.780000 -6.920000 -6.850000 -8.070000 -8.150000 -8.460000 -8.690000 -9.040000 -9.110000 -9.370000 -9.750000 -9.640000 -9.470000 -9.520000 -9.390000 -9.350000 -9.300000 -9.500000 -9.530000 -9.590000 -9.970000 -9.960000 -10.230000 -10.110000 -10.180000 -9.740000 -9.550000 -9.240000 -8.720000 -8.310000 -8.290000 -7.820000 -8.190000 -8.370000 -8.190000 -8.240000 -7.710000 -7.520000 -8.480000 -8.450000 -8.530000 -8.640000 -8.620000 -8.470000 -8.730000 -8.890000 -9.050000 -9.400000 -9.560000 -9.510000 -9.290000 -9.170000 -9.030000 -8.940000 -8.810000 -8.600000 -8.510000 -8.480000 -8.440000 -8.480000 -8.380000 -8.430000 -8.370000 -8.180000 -8.080000 -8.080000 -8.030000 -8.180000 -8.260000 -8.380000 -8.400000 -8.520000 -8.950000 -9.230000 -9.290000 -9.220000 -9.070000 -8.960000 -9.250000 -8.850000 -9.200000 -9.940000 -10.180000 -10.280000 -10.340000 -9.900000 -9.700000 -9.970000 -10.670000 -11.070000 -11.130000 -10.740000 -10.270000 
Shapelet  63   4.580000 16.240000 13.380000  8.510000  7.030000  1.610000 -4.520000 -10.740000 -2.290000 -1.200000 -0.740000 -1.730000 -2.620000 -3.590000 -3.840000 -3.650000 -3.370000 -2.410000 -1.850000 -2.240000 -3.730000 -5.200000 -5.850000 -6.290000 -6.070000 -5.690000 -5.640000 -5.780000 -6.140000 -6.620000 -7.140000 -7.270000 -6.960000 -6.700000 -6.310000 -6.250000 -7.110000 -8.090000 -9.590000 -10.610000 -11.210000 -11.520000 


; cmd = ShapeletResearch/Execs/FastShapelet UCRArchive_2018//GesturePebbleZ2/GesturePebbleZ2_TRAIN.tsv 6 146 456 10 1 10 10 0 1 10 UCRArchive_2018//GesturePebbleZ2/tree.txt UCRArchive_2018//GesturePebbleZ2/time.txt
; time =>  260.734   5.785  22.811   2.017 228.439 
