;Shapelet Tree 

;random seed:1551096154, rand()=20847464, rand()=1717738199
;command = ShapeletResearch/Execs/FastShapelet UCRArchive_2018//Computers/Computers_TRAIN.tsv 2 250 721 10 1 10 10 0 1 10 UCRArchive_2018//Computers/tree.txt UCRArchive_2018//Computers/time.txt 

;Local Class:   0  1 
;Real  Class:   1  2 

;Node ID class   obj  pos  len  dist_th 
TreeSize: 32 
NonL  1    --    125  166   77   6.7694 ==>  21  89  / 104  36 
NonL  2    --      6  665   12   1.5191 ==>  11   0  /  11  89 
NonL  3    --    103  345   10   1.4364 ==>   2  13  / 101  23 
Leaf  4     1    
NonL  5    --     10  382  188  14.4593 ==>   6  88  /   5   1 
NonL  6    --      6    0  575  33.5692 ==>   0  13  /   2   0 
NonL  7    --      0  239   13   0.4466 ==>  76   6  /  25  17 
Leaf 10     2    
NonL 11    --      5   30  679  18.8416 ==>   0   1  /   5   0 
Leaf 12     2    
Leaf 13     1    
Leaf 14     1    
NonL 15    --      0  343  210  10.3170 ==>   5  15  /  20   2 
Leaf 22     2    
Leaf 23     1    
Leaf 30     2    
Leaf 31     1    

;Shapelet id   <data>
Shapelet   1  -0.540303 -0.540303 -0.540303 -0.540303 -0.540303 -0.540303 -0.540303 -0.540303 -0.540303 -0.540303 -0.540303 -0.540303 -0.540303 -0.540303 -0.540303 -0.540303 -0.540303 -0.540303 -0.540303 -0.540303 -0.540303 -0.540303 -0.540303 -0.540303 -0.540303 -0.540303 -0.540303 -0.540303 -0.540303 -0.540303 -0.540303 -0.540303 -0.540303 -0.540303 -0.540303 -0.540303 -0.540303 -0.540303 -0.540303 -0.540303 -0.540303 -0.540303 -0.540303 -0.540303 -0.540303 -0.540303 -0.540303 -0.540303 -0.290772 -0.540303 -0.540303 -0.540303 -0.540303 -0.540303 -0.540303 -0.540303 -0.540303 -0.540303 -0.540303 -0.540303 -0.540303 -0.540303 -0.540303 -0.540303 -0.540303 -0.540303 -0.540303 -0.540303 -0.540303 -0.540303 -0.540303 -0.540303 -0.540303 -0.540303 -0.540303 -0.540303 -0.290772 
Shapelet   2   1.481417  1.073157  1.073157  1.073157  1.073157  1.073157  0.869027  1.073157  1.073157  1.073157  1.073157  1.073157 
Shapelet   3   2.321589  1.689625  1.057662  1.057662  1.057662  1.057662  1.057662  0.425698  1.057662  0.425698 
Shapelet   5  -0.202662 -0.202662 -0.202662 -0.202662 -0.202662 -0.202662 -0.202662 -0.202662 -0.202662 -0.202662 -0.202662 -0.202662 -0.202662 -0.202662 -0.202662 -0.202662 -0.202662 -0.202662 -0.202662 -0.202662 -0.202662 -0.202662 -0.202662 -0.202662 -0.202662 -0.202662 -0.202662 -0.202662 -0.202662 -0.202662 -0.202662 -0.202662 -0.202662 -0.202662 -0.202662 -0.202662 -0.202662 -0.202662 -0.202662 -0.202662 -0.202662 -0.202662 -0.202662 -0.202662 -0.202662 -0.202662 -0.202662 -0.202662 -0.202662 -0.202662 -0.202662 -0.202662 -0.202662 -0.202662 -0.202662 -0.202662 -0.202662 -0.202662 -0.202662 -0.202662 -0.202662 -0.202662 -0.202662 -0.202662 -0.202662 -0.202662 -0.202662 -0.202662 -0.202662 -0.202662 -0.202662 -0.202662 -0.202662 -0.202662 -0.202662 -0.202662 -0.202662 -0.202662 -0.202662 -0.202662 -0.202662 -0.202662 -0.202662 -0.202662 -0.202662 -0.202662 -0.202662 -0.202662 -0.202662 -0.202662 -0.202662 -0.202662  0.394134  0.394134  0.394134  0.095736  0.394134  0.394134  0.394134  0.394134  0.095736  0.394134  0.394134  0.394134  0.394134  0.095736  0.394134  0.394134  0.394134  0.394134  0.095736  0.394134  0.394134  5.168506  5.168506  6.063700  5.168506  5.168506  5.168506  5.168506  5.168506  6.958895  6.063700  5.168506  5.168506  6.063700  5.168506  2.184524 -0.202662 -0.202662 -0.202662 -0.202662 -0.202662 -0.202662 -0.202662 -0.202662 -0.202662 -0.202662 -0.202662 -0.202662 -0.202662 -0.202662 -0.202662 -0.202662 -0.202662 -0.202662 -0.202662 -0.202662 -0.202662 -0.202662 -0.202662 -0.202662 -0.202662 -0.202662 -0.202662 -0.202662 -0.202662 -0.202662 -0.202662 -0.202662 -0.202662 -0.202662 -0.202662 -0.202662 -0.202662 -0.202662 -0.202662 -0.202662 -0.202662 -0.202662 -0.202662 -0.202662  0.095736  0.095736  2.184524  6.063700  6.063700  6.063700  6.063700  5.168506  5.168506  4.273311  5.168506  2.781320  0.394134  0.095736 -0.202662 -0.202662 
Shapelet   6  -0.377445 -0.377445 -0.377445  0.271148 -0.377445 -0.377445 -0.377445 -0.377445 -0.377445 -0.377445 -0.377445 -0.377445  0.271148 -0.377445 -0.377445 -0.377445 -0.377445 -0.377445 -0.377445  0.271148 -0.377445 -0.377445 -0.377445 -0.377445 -0.377445 -0.377445 -0.377445  0.271148 -0.377445 -0.377445 -0.377445 -0.377445 -0.377445 -0.377445  0.271148 -0.377445 -0.377445 -0.377445 -0.377445 -0.377445 -0.377445  0.271148 -0.377445 -0.377445 -0.377445 -0.377445 -0.377445 -0.377445 -0.377445  0.271148 -0.377445 -0.377445 -0.377445 -0.377445 -0.377445 -0.377445 -0.377445 -0.377445  0.271148 -0.377445 -0.377445 -0.377445 -0.377445 -0.377445 -0.377445  0.271148 -0.377445 -0.377445 -0.377445 -0.377445 -0.377445 -0.377445 -0.377445  0.271148 -0.377445 -0.377445 -0.377445 -0.377445 -0.377445 -0.377445 -0.377445  0.271148 -0.377445 -0.377445 -0.377445 -0.377445 -0.377445 -0.377445 -0.377445  0.271148 -0.377445 -0.377445 -0.377445 -0.377445 -0.377445 -0.377445  0.271148 -0.377445 -0.377445 -0.377445 -0.377445 -0.377445 -0.377445 -0.377445  0.271148 -0.377445 -0.377445 -0.377445 -0.377445 -0.377445 -0.377445 -0.377445 -0.377445  0.271148 -0.377445 -0.377445 -0.377445 -0.377445 -0.377445 -0.377445 -0.377445  0.271148 -0.377445 -0.377445 -0.377445 -0.377445 -0.377445 -0.377445 -0.377445  0.271148 -0.377445 -0.377445 -0.377445 -0.377445 -0.377445 -0.377445 -0.377445  0.271148 -0.377445 -0.377445 -0.377445 -0.377445 -0.377445 -0.377445 -0.377445  0.271148 -0.377445 -0.377445 -0.377445 -0.377445 -0.377445 -0.377445 -0.377445  0.271148 -0.377445 -0.377445 -0.377445 -0.377445 -0.377445 -0.377445 -0.377445  0.271148 -0.377445 -0.377445 -0.377445 -0.377445 -0.377445 -0.377445 -0.377445  0.271148 -0.377445 -0.377445 -0.377445 -0.377445 -0.377445  0.271148 -0.377445 -0.377445 -0.377445 -0.377445 -0.377445 -0.377445  0.271148 -0.377445 -0.377445 -0.377445 -0.377445 -0.377445 -0.377445  0.271148 -0.377445 -0.377445 -0.377445 -0.377445 -0.377445 -0.377445 -0.377445  0.271148 -0.377445 -0.377445 -0.377445 -0.377445 -0.377445 -0.377445  0.271148 -0.377445 -0.377445 -0.377445 -0.377445 -0.377445 -0.377445  0.271148 -0.377445 -0.377445 -0.377445 -0.377445 -0.377445 -0.377445 -0.377445  0.271148 -0.377445 -0.377445 -0.377445 -0.377445 -0.377445 -0.377445 -0.377445  0.271148 -0.377445 -0.377445 -0.377445 -0.377445 -0.377445 -0.377445 -0.377445  0.271148 -0.377445 -0.377445 -0.377445 -0.377445 -0.377445 -0.377445 -0.377445  0.271148 -0.377445 -0.377445 -0.377445 -0.377445 -0.377445 -0.377445  0.271148 -0.377445 -0.377445 -0.377445 -0.377445 -0.377445 -0.377445 -0.377445  0.271148 -0.377445 -0.377445 -0.377445 -0.377445 -0.377445 -0.377445 -0.377445  0.271148 -0.377445 -0.377445 -0.377445 -0.377445 -0.377445 -0.377445 -0.377445 -0.377445 -0.377445 -0.377445 -0.377445 -0.377445 -0.377445 -0.377445 -0.377445 -0.377445 -0.377445 -0.377445 -0.377445 -0.377445 -0.377445 -0.377445 -0.377445 -0.377445 -0.377445 -0.377445 -0.377445 -0.377445 -0.377445 -0.377445 -0.377445  3.514114  6.108487  4.811301  6.108487  6.108487  6.108487  4.811301  6.108487  6.108487  4.811301  6.108487  3.514114  3.514114  3.514114  2.216928  2.216928  2.216928  2.216928  2.216928  2.216928  1.568334  2.216928  1.568334  1.568334  2.216928  2.216928  1.568334  1.568334  2.216928  3.514114  1.568334  1.568334  1.568334  1.568334  1.568334  2.216928  1.568334  2.216928  2.216928  2.216928  2.216928  1.568334  2.216928  1.568334  0.919741  2.216928  1.568334  1.568334  1.568334  1.568334  1.568334  2.216928  1.568334  1.568334  1.568334  1.568334  1.568334  1.568334  1.568334  2.216928  1.568334  1.568334  1.568334  2.216928  1.568334  0.919741  1.568334  1.568334  1.568334  1.568334  0.919741  0.919741 -0.377445 -0.377445 -0.377445  0.271148  2.216928  0.919741  1.568334  1.568334  2.216928  1.568334  1.568334  1.568334  1.568334  1.568334  1.568334  1.568334  1.568334  1.568334  1.568334  0.919741  1.568334  1.568334  1.568334  1.568334  0.919741  1.568334  1.568334  0.919741  0.271148 -0.377445 -0.377445  0.271148 -0.377445 -0.377445 -0.377445 -0.377445 -0.377445 -0.377445 -0.377445 -0.377445 -0.377445 -0.377445 -0.377445 -0.377445 -0.377445 -0.377445 -0.377445 -0.377445 -0.377445 -0.377445 -0.377445 -0.377445 -0.377445 -0.377445 -0.377445 -0.377445 -0.377445 -0.377445 -0.377445 -0.377445 -0.377445 -0.377445 -0.377445 -0.377445 -0.377445 -0.377445 -0.377445 -0.377445 -0.377445 -0.377445 -0.377445 -0.377445 -0.377445 -0.377445 -0.377445 -0.377445 -0.377445 -0.377445 -0.377445 -0.377445 -0.377445 -0.377445 -0.377445 -0.377445 -0.377445 -0.377445 -0.377445 -0.377445 -0.377445 -0.377445 -0.377445 -0.377445 -0.377445 -0.377445 -0.377445 -0.377445 -0.377445 -0.377445 -0.377445 -0.377445 -0.377445 -0.377445 -0.377445 -0.377445 -0.377445 -0.377445 -0.377445 -0.377445 -0.377445 -0.377445 -0.377445 -0.377445 -0.377445 -0.377445 -0.377445 -0.377445 -0.377445 -0.377445 -0.377445 -0.377445 -0.377445 -0.377445 -0.377445 -0.377445 -0.377445 -0.377445 -0.377445 -0.377445 -0.377445 -0.377445 -0.377445 -0.377445 -0.377445 -0.377445 -0.377445 -0.377445 -0.377445 -0.377445 -0.377445 -0.377445 -0.377445 -0.377445 -0.377445 -0.377445 -0.377445 -0.377445 -0.377445 -0.377445 -0.377445 -0.377445 -0.377445 -0.377445 -0.377445 -0.377445 -0.377445 -0.377445 -0.377445 -0.377445 -0.377445 -0.377445 -0.377445 -0.377445 -0.377445 -0.377445 -0.377445 -0.377445 -0.377445 -0.377445 -0.377445 -0.377445 -0.377445 -0.377445 -0.377445 -0.377445 -0.377445 -0.377445 -0.377445 -0.377445 -0.377445 -0.377445 -0.377445 -0.377445 -0.377445 -0.377445 -0.377445 -0.377445 -0.377445 -0.377445 -0.377445 -0.377445 -0.377445 -0.377445 -0.377445 -0.377445 -0.377445 -0.377445 -0.377445 -0.377445 -0.377445 -0.377445 -0.377445 -0.377445 -0.377445 -0.377445 -0.377445 
Shapelet   7  -0.335032 -0.335032 -0.335032 -0.335032 -0.335032 -0.335032 -0.335032 -0.335032 -0.335032 -0.335032 -0.335032 -0.335032 -0.219945 
Shapelet  11  -0.206508 -0.206508 -0.206508 -0.206508 -0.206508  3.895159  5.945992  5.945992  7.996825  5.945992  5.945992  2.869742  2.869742 -0.206508 -0.206508 -0.206508 -0.206508 -0.206508  0.818909 -0.206508 -0.206508 -0.206508 -0.206508 -0.206508 -0.206508 -0.206508 -0.206508 -0.206508  0.818909 -0.206508 -0.206508 -0.206508 -0.206508 -0.206508 -0.206508 -0.206508 -0.206508 -0.206508 -0.206508  0.818909 -0.206508 -0.206508 -0.206508 -0.206508 -0.206508 -0.206508 -0.206508  0.818909 -0.206508 -0.206508 -0.206508 -0.206508 -0.206508 -0.206508 -0.206508 -0.206508  0.818909 -0.206508 -0.206508  0.818909  5.945992  7.996825  5.945992  5.945992  7.996825  2.869742  2.869742  2.869742 -0.206508 -0.206508 -0.206508 -0.206508 -0.206508 -0.206508  0.818909 -0.206508 -0.206508 -0.206508 -0.206508 -0.206508 -0.206508 -0.206508  0.818909 -0.206508 -0.206508 -0.206508 -0.206508 -0.206508 -0.206508 -0.206508 -0.206508 -0.206508  0.818909 -0.206508 -0.206508 -0.206508 -0.206508 -0.206508 -0.206508 -0.206508 -0.206508  0.818909 -0.206508 -0.206508 -0.206508 -0.206508 -0.206508 -0.206508 -0.206508 -0.206508 -0.206508  0.818909 -0.206508 -0.206508 -0.206508 -0.206508 -0.206508 -0.206508 -0.206508 -0.206508 -0.206508  0.818909 -0.206508 -0.206508 -0.206508 -0.206508 -0.206508 -0.206508 -0.206508 -0.206508 -0.206508  0.818909 -0.206508 -0.206508 -0.206508 -0.206508 -0.206508 -0.206508 -0.206508 -0.206508 -0.206508 -0.206508  0.818909 -0.206508 -0.206508 -0.206508 -0.206508 -0.206508 -0.206508 -0.206508 -0.206508  0.818909 -0.206508 -0.206508 -0.206508 -0.206508 -0.206508 -0.206508 -0.206508 -0.206508 -0.206508 -0.206508 -0.206508  0.818909 -0.206508 -0.206508 -0.206508 -0.206508 -0.206508 -0.206508 -0.206508 -0.206508 -0.206508  0.818909 -0.206508 -0.206508 -0.206508 -0.206508 -0.206508 -0.206508 -0.206508 -0.206508 -0.206508 -0.206508 -0.206508 -0.206508 -0.206508  0.818909 -0.206508 -0.206508 -0.206508 -0.206508 -0.206508 -0.206508 -0.206508 -0.206508 -0.206508 -0.206508  0.818909 -0.206508 -0.206508 -0.206508 -0.206508 -0.206508 -0.206508 -0.206508 -0.206508 -0.206508 -0.206508  0.818909 -0.206508 -0.206508 -0.206508 -0.206508 -0.206508 -0.206508 -0.206508 -0.206508 -0.206508 -0.206508 -0.206508 -0.206508  0.818909 -0.206508 -0.206508 -0.206508 -0.206508 -0.206508 -0.206508 -0.206508 -0.206508 -0.206508 -0.206508 -0.206508  0.818909 -0.206508 -0.206508 -0.206508 -0.206508 -0.206508 -0.206508 -0.206508 -0.206508 -0.206508 -0.206508 -0.206508 -0.206508  0.818909 -0.206508 -0.206508 -0.206508 -0.206508 -0.206508 -0.206508 -0.206508 -0.206508 -0.206508 -0.206508 -0.206508 -0.206508 -0.206508 -0.206508  0.818909 -0.206508 -0.206508 -0.206508 -0.206508 -0.206508 -0.206508 -0.206508 -0.206508 -0.206508 -0.206508 -0.206508 -0.206508 -0.206508  0.818909 -0.206508 -0.206508 -0.206508 -0.206508 -0.206508 -0.206508 -0.206508 -0.206508 -0.206508 -0.206508 -0.206508 -0.206508 -0.206508 -0.206508 -0.206508 -0.206508  0.818909 -0.206508 -0.206508 -0.206508 -0.206508 -0.206508 -0.206508 -0.206508 -0.206508 -0.206508 -0.206508 -0.206508 -0.206508 -0.206508  0.818909 -0.206508 -0.206508 -0.206508 -0.206508 -0.206508 -0.206508 -0.206508 -0.206508 -0.206508 -0.206508 -0.206508 -0.206508 -0.206508 -0.206508 -0.206508  0.818909 -0.206508 -0.206508 -0.206508 -0.206508 -0.206508 -0.206508 -0.206508 -0.206508 -0.206508 -0.206508 -0.206508 -0.206508 -0.206508 -0.206508  0.818909 -0.206508 -0.206508 -0.206508 -0.206508 -0.206508 -0.206508 -0.206508 -0.206508 -0.206508 -0.206508 -0.206508 -0.206508 -0.206508 -0.206508  0.818909 -0.206508 -0.206508 -0.206508 -0.206508 -0.206508 -0.206508 -0.206508 -0.206508 -0.206508  0.818909 -0.206508  2.869742  7.996825  5.945992  7.996825  0.818909 -0.206508 -0.206508 -0.206508 -0.206508 -0.206508 -0.206508 -0.206508 -0.206508 -0.206508 -0.206508 -0.206508 -0.206508 -0.206508 -0.206508 -0.206508 -0.206508 -0.206508 -0.206508 -0.206508 -0.206508 -0.206508 -0.206508 -0.206508 -0.206508 -0.206508 -0.206508 -0.206508 -0.206508 -0.206508 -0.206508 -0.206508 -0.206508 -0.206508 -0.206508 -0.206508 -0.206508 -0.206508 -0.206508 -0.206508 -0.206508 -0.206508 -0.206508 -0.206508 -0.206508 -0.206508 -0.206508 -0.206508 -0.206508 -0.206508 -0.206508 -0.206508 -0.206508 -0.206508 -0.206508 -0.206508 -0.206508 -0.206508 -0.206508 -0.206508 -0.206508 -0.206508 -0.206508 -0.206508 -0.206508 -0.206508 -0.206508 -0.206508 -0.206508 -0.206508 -0.206508 -0.206508 -0.206508 -0.206508 -0.206508 -0.206508 -0.206508 -0.206508 -0.206508 -0.206508 -0.206508 -0.206508 -0.206508 -0.206508 -0.206508 -0.206508 -0.206508 -0.206508 -0.206508 -0.206508 -0.206508 -0.206508 -0.206508 -0.206508 -0.206508 -0.206508 -0.206508 -0.206508 -0.206508 -0.206508 -0.206508 -0.206508 -0.206508 -0.206508 -0.206508 -0.206508 -0.206508 -0.206508 -0.206508 -0.206508 -0.206508 -0.206508 -0.206508 -0.206508 -0.206508 -0.206508 -0.206508 -0.206508 -0.206508 -0.206508 -0.206508 -0.206508 -0.206508 -0.206508 -0.206508 -0.206508 -0.206508 -0.206508 -0.206508 -0.206508 -0.206508 -0.206508 -0.206508 -0.206508 -0.206508 -0.206508 -0.206508 -0.206508 -0.206508 -0.206508 -0.206508 -0.206508 -0.206508 -0.206508 -0.206508 -0.206508 -0.206508 -0.206508 -0.206508 -0.206508 -0.206508 -0.206508 -0.206508 -0.206508 -0.206508 -0.206508 -0.206508 -0.206508 -0.206508 -0.206508 -0.206508 -0.206508 -0.206508 -0.206508 -0.206508 -0.206508 -0.206508 -0.206508 -0.206508 -0.206508 -0.206508 -0.206508 -0.206508 -0.206508 -0.206508 -0.206508 -0.206508 -0.206508 -0.206508 -0.206508 -0.206508 -0.206508 -0.206508 -0.206508 -0.206508 -0.206508 -0.206508 -0.206508 -0.206508 -0.206508 -0.206508 -0.206508 -0.206508 -0.206508 -0.206508 -0.206508 -0.206508 -0.206508 -0.206508 -0.206508 -0.206508 -0.206508 -0.206508 -0.206508 -0.206508 -0.206508 -0.206508 -0.206508 -0.206508 -0.206508 -0.206508 -0.206508 -0.206508 -0.206508 -0.206508 -0.206508 -0.206508 -0.206508 -0.206508 -0.206508 -0.206508 -0.206508 -0.206508 -0.206508 -0.206508 -0.206508 -0.206508 -0.206508 -0.206508 -0.206508 -0.206508 -0.206508 -0.206508 -0.206508 -0.206508 -0.206508 -0.206508 -0.206508 -0.206508 -0.206508 -0.206508 -0.206508 -0.206508 -0.206508 -0.206508 -0.206508 -0.206508 -0.206508 -0.206508 -0.206508 -0.206508 -0.206508 -0.206508 -0.206508 -0.206508 -0.206508 -0.206508 -0.206508 -0.206508 -0.206508 -0.206508 -0.206508 -0.206508 -0.206508 -0.206508 -0.206508 -0.206508 -0.206508 -0.206508 -0.206508 -0.206508 -0.206508 -0.206508 -0.206508 -0.206508 -0.206508 -0.206508 -0.206508 -0.206508 -0.206508 -0.206508 -0.206508 -0.206508 -0.206508 -0.206508 -0.206508 -0.206508 -0.206508 -0.206508 -0.206508 -0.206508 -0.206508 -0.206508 -0.206508 -0.206508 -0.206508 -0.206508 -0.206508 -0.206508 -0.206508 -0.206508 -0.206508 -0.206508 -0.206508 -0.206508 -0.206508 -0.206508 -0.206508 -0.206508 -0.206508 
Shapelet  15  -0.315694 -0.479337 -0.479337 -0.315694 -0.479337 -0.479337 -0.315694 -0.479337 -0.315694 -0.479337 -0.479337 -0.315694 -0.479337 -0.479337 -0.315694 -0.479337 -0.479337 -0.315694 -0.479337 -0.479337 -0.315694 -0.479337 -0.315694 -0.479337 -0.479337 -0.315694 -0.479337 -0.479337 -0.315694 -0.479337 -0.479337 -0.315694 -0.479337 -0.315694 -0.479337 -0.479337 -0.315694 -0.479337 -0.315694 -0.479337 -0.479337 -0.315694 -0.479337 -0.315694 -0.479337 -0.479337 -0.315694 -0.479337 -0.479337 -0.315694 -0.479337 -0.479337 -0.315694 -0.479337 -0.479337 -0.315694 -0.479337 -0.479337 -0.315694 -0.479337 -0.479337 -0.315694 -0.479337 -0.479337 -0.315694 -0.479337 -0.315694 -0.479337 -0.479337 -0.315694 -0.479337 -0.479337 -0.315694 -0.479337 -0.479337 -0.315694 -0.479337 -0.315694 -0.479337 -0.479337 -0.315694 -0.479337 -0.479337 -0.315694 -0.479337 -0.479337 -0.315694 -0.479337 -0.479337 -0.315694 -0.479337 -0.479337 -0.315694 -0.479337 -0.315694 -0.479337 -0.479337 -0.315694 -0.479337 -0.479337 -0.315694 -0.479337 -0.479337 -0.315694 -0.479337 -0.479337 -0.315694 -0.479337 -0.479337 -0.315694 -0.479337 -0.479337 -0.315694 -0.479337 -0.315694 -0.479337 -0.479337 -0.315694 -0.479337 -0.479337 -0.315694 -0.479337 -0.479337 -0.315694 -0.479337 -0.479337 -0.315694 -0.479337 -0.479337 -0.315694 -0.479337 -0.315694 -0.479337 -0.479337 -0.315694 -0.479337 -0.479337 -0.315694 -0.479337 -0.479337 -0.315694 -0.479337 -0.479337 -0.315694 -0.479337 -0.479337 -0.315694 -0.479337 -0.315694 -0.479337 -0.479337 -0.315694 -0.479337 -0.479337 -0.315694 -0.479337 -0.479337 -0.315694 -0.479337 -0.479337 -0.315694 -0.479337 -0.479337 -0.315694 -0.479337 -0.315694 -0.479337 -0.479337 -0.315694 -0.479337 -0.479337 -0.315694 -0.479337 -0.315694 -0.479337 -0.479337 -0.315694 -0.479337 -0.479337 -0.315694 -0.479337 -0.479337 -0.315694 -0.479337 -0.315694 -0.479337 -0.479337 -0.315694 -0.479337 -0.479337 -0.315694 -0.479337 -0.479337 -0.315694 -0.479337 -0.315694 -0.479337 -0.479337 -0.315694 -0.479337 -0.479337 -0.315694 -0.479337 -0.479337 -0.315694 -0.479337 -0.315694 -0.479337  0.338877  3.284450 


; cmd = ShapeletResearch/Execs/FastShapelet UCRArchive_2018//Computers/Computers_TRAIN.tsv 2 250 721 10 1 10 10 0 1 10 UCRArchive_2018//Computers/tree.txt UCRArchive_2018//Computers/time.txt
; time =>  2342.534  38.797 145.247  14.036 2130.249 
