;Shapelet Tree 

;random seed:1551068548, rand()=2132318468, rand()=41116999
;command = ShapeletResearch/Execs/FastShapelet UCRArchive_2018//SyntheticControl/SyntheticControl_TRAIN.tsv 6 300 61 10 1 10 10 0 1 10 UCRArchive_2018//SyntheticControl/tree.txt UCRArchive_2018//SyntheticControl/time.txt 

;Local Class:   0  1  2  3  4  5 
;Real  Class:   1  2  3  4  5  6 

;Node ID class   obj  pos  len  dist_th 
TreeSize: 40 
NonL  1    --    183    1   56  12.1366 ==>  50  50   0  50   0  50  /   0   0  50   0  50   0 
NonL  2    --    160    2   50   6.9457 ==>   0   0   0  50   0  50  /  50  50   0   0   0   0 
NonL  3    --     74    3   35   4.1917 ==>   0   0   0   0  42   0  /   0   0  50   0   8   0 
NonL  4    --     62   15   29   3.6657 ==>   0   0   0   0   0  43  /   0   0   0  50   0   7 
NonL  5    --     89   16   14   2.2908 ==>   0  50   0   0   0   0  /  50   0   0   0   0   0 
Leaf  6     5    
NonL  7    --      4    0   59   6.2279 ==>   0   0  49   0   0   0  /   0   0   1   0   8   0 
Leaf  8     6    
NonL  9    --     18    0   59   6.1547 ==>   0   0   0  49   0   0  /   0   0   0   1   0   7 
Leaf 10     2    
Leaf 11     1    
Leaf 14     3    
NonL 15    --      0    0   59   3.7152 ==>   0   0   1   0   0   0  /   0   0   0   0   8   0 
Leaf 18     4    
NonL 19    --      0    0   59   3.5837 ==>   0   0   0   1   0   0  /   0   0   0   0   0   7 
Leaf 30     3    
Leaf 31     5    
Leaf 38     4    
Leaf 39     6    

;Shapelet id   <data>
Shapelet   1   1.203694  1.879339  1.951228  0.619813  1.163540  1.241372  1.168168  0.785790  1.652612  0.903241  0.513339  1.200427  0.938686  1.216800  0.172767  1.079603 -0.046704  0.150521  0.453230  0.774476  0.125414  0.663246  0.825375 -0.080241  0.714959 -0.011608  0.062386  0.690411  0.412262 -0.297606 -0.207262 -0.581698  0.274321 -0.809715 -0.909399 -0.503820  0.170022  0.188163 -0.785272 -0.563824 -0.202494 -0.992043 -0.877104 -1.195638 -0.754490 -0.278535 -0.527333 -0.312468 -1.033266 -1.676989 -1.465237 -1.162827 -1.666996 -0.867010 -0.870778 -1.479016 
Shapelet   2   1.069672  1.458873  1.901649  0.580033  1.312901  1.115846  1.455792  1.259564  1.428153  1.305186  0.898741  1.064612  1.056886  0.839555  0.784966  0.572081  1.542341  0.785141  1.466512  0.884163  1.391598  0.932629 -0.212458 -1.146162 -0.323239 -0.984736 -0.328850 -0.795583 -0.210942 -0.784550 -1.066088 -1.090784 -1.137696 -0.734519 -0.168588 -0.565504 -1.309092 -1.440342 -0.357140 -0.801707 -0.652429 -0.402575 -1.459290 -0.464791 -0.439268 -1.249446 -1.154390 -1.168091 -0.573606 -1.339766 
Shapelet   3  -1.081959 -0.767696 -1.103387 -0.712632 -1.492431 -0.997038 -1.425685 -0.680013 -1.280212 -0.841198 -0.805637 -1.809456 -1.992165 -0.824123 -1.602331 -1.777925 -1.370442  0.349706  1.069288  0.216215  0.774181  0.075752  0.660454  1.349652  0.376312 -0.080089  0.907445  1.126683 -0.078725  0.489512  1.138581  0.270226  0.396818  0.142617  0.156846 
Shapelet   4   0.583516  0.502777  1.330590  0.640587  0.950561  1.264773  0.631914  1.263484  1.080039  0.904813  0.930678  1.074738  0.708982  1.274199 -1.420459 -1.242921 -1.414287 -0.387079 -0.490733 -0.948964 -1.285791 -1.076741 -0.725495 -1.057848 -1.406485 -0.640548 -0.935486 -0.240708 -1.217586 
Shapelet   5   1.082082  1.768587  1.331200  0.389862 -0.093131 -0.920986 -0.837868 -1.162944 -0.979893 -0.536731  0.384513  0.343522  0.794163  0.981155 
Shapelet   7  -1.325991 -1.375602 -0.893931 -1.881931 -1.858641 -1.217094 -0.862017 -0.755799 -1.688559 -1.531951 -0.543385 -1.304530 -1.281500 -0.572928 -1.261030 -0.667584 -0.924819 -0.355276 -0.404073  0.077857  0.093171 -0.423835 -0.720841 -0.161527 -0.295601 -0.535020  0.033779 -0.722481 -0.012564  0.035903 -0.610576  0.305608 -0.355028 -0.314360  0.895350  1.026522  0.115599  0.460152 -0.085806  0.202505  0.163889  0.326645  0.595854  0.457545  1.354226  1.064323  1.610081  1.568256  0.672578  0.763423  1.081112  1.454463  1.218595  1.677342  0.892330  1.897625  1.616299  0.996861  1.178470 
Shapelet   9   2.309852  0.982815  1.885812  2.161357  1.251909  1.125010  1.155752  0.895203  1.521002  0.561759  0.583876  0.899585  0.960213  0.890000  0.958097  0.463451  0.657649  0.547006  1.166273  0.152344  0.968861 -0.038617  0.306250  0.825741 -0.013008  0.751158 -0.429626 -0.451315 -0.277881 -0.118622 -0.225739 -0.038802 -0.487942 -0.133687 -0.557010  0.109127  0.011398 -0.240838 -0.938001 -0.659147  0.064176 -0.857199 -0.287905 -0.205194 -1.323230 -0.658706 -1.086446 -0.436401 -0.300160 -0.713547 -1.668973 -1.030985 -0.562097 -1.917630 -1.659579 -1.051225 -2.076619 -1.079580 -1.716586 
Shapelet  15  -0.835695 -1.749544 -1.936513 -0.385378  0.053710 -0.555482 -1.394295 -2.160940 -0.441244  0.042321 -1.931359 -1.066959 -0.823824 -0.448803 -0.791800 -0.761340 -0.331597 -1.430931  0.020143 -0.630458 -0.290931  0.736736 -0.958536  0.671105  0.772931  0.783238 -1.057535 -0.426706 -0.958376 -0.542629 -0.566050 -0.482050 -0.610787  0.479684  0.679607  1.023486  0.851015  1.354672  1.001508 -0.780872  0.702306  0.737699  0.414433  0.084090  0.333261  0.416098  1.017831  0.271740 -0.276272  0.470681  1.302776  2.075937 -0.103862  1.869077  1.944474  1.182181  0.152208  0.581129  0.835013 
Shapelet  19   1.273445  0.853248  0.621031  0.438508  0.847766  0.983502  0.600295  2.033233 -0.088633  0.493732  0.739582  1.167812  1.989998  0.560540  0.966818  0.591500  1.273469  1.262076  0.046245 -0.154797  1.599950 -0.523655  0.808082  0.007228  1.141618  0.766825 -0.771603 -0.472031  0.958357 -0.184804 -0.964565 -0.475248 -0.491098  0.115245  0.308397  1.061249 -0.262909 -1.191729  0.874865 -1.555415 -0.573946 -1.229339 -0.873566 -0.182325  0.043814 -0.355815 -0.225871 -1.221283 -0.964422 -1.626918 -0.308647  0.003796 -2.081460 -0.305358 -1.614048 -0.339608 -0.260955 -1.686027 -1.223405 


; cmd = ShapeletResearch/Execs/FastShapelet UCRArchive_2018//SyntheticControl/SyntheticControl_TRAIN.tsv 6 300 61 10 1 10 10 0 1 10 UCRArchive_2018//SyntheticControl/tree.txt UCRArchive_2018//SyntheticControl/time.txt
; time =>    6.583   0.394   3.659   0.292   1.952 
