;Shapelet Tree 

;random seed:1551084276, rand()=1287588218, rand()=1608529553
;command = ShapeletResearch/Execs/FastShapelet UCRArchive_2018//ElectricDevices/ElectricDevices_TRAIN.tsv 7 8926 97 10 1 10 10 0 1 10 UCRArchive_2018//ElectricDevices/tree.txt UCRArchive_2018//ElectricDevices/time.txt 

;Local Class:   0  1  2  3  4  5  6 
;Real  Class:   1  2  3  4  5  6  7 

;Node ID class   obj  pos  len  dist_th 
TreeSize: 128 
NonL  1    --      0   59   22   4.4538 ==> 723  42 850 1351 2105 506 717  /   4 2189   1 123 301   3  11 
NonL  2    --    865   58   34   4.5088 ==>   6   6   6 269 1607   3 201  / 717  36 844 1082 498 503 516 
NonL  3    --    1154   46   10   2.6744 ==>   0 1709   0  19  10   1   1  /   4 480   1 104 291   2  10 
NonL  4    --    2046    0   95  11.9882 ==>   1   1   0  25 1282   1  14  /   5   5   6 244 325   2 187 
NonL  5    --    537   63   20   1.2399 ==>   9   2 732 124 100   2 368  / 708  34 112 958 398 501 148 
Leaf  6     2    
NonL  7    --    360   14   11   3.1479 ==>   0 420   0  99  75   0   4  /   4  60   1   5 216   2   6 
Leaf  8     5    
NonL  9    --    676    3   57   8.4276 ==>   5   0   1 227 107   1  30  /   0   5   5  17 218   1 157 
NonL 10    --     47   15   29   2.9710 ==>   0   1  87  69  10   1 287  /   9   1 645  55  90   1  81 
NonL 11    --    1025   54   28   4.9591 ==>  87   6  88 846 243 412  95  / 621  28  24 112 155  89  53 
NonL 14    --    364   15   41   8.0754 ==>   0  47   0  99  34   0   2  /   0 373   0   0  41   0   2 
NonL 15    --    223    1   20   5.1819 ==>   1  36   0   0 208   0   0  /   3  24   1   5   8   2   6 
NonL 18    --    109    3   53   7.6198 ==>   2   0   1 188  40   1   7  /   3   0   0  39  67   0  23 
NonL 19    --    248   14   66   8.6971 ==>   0   1   5  13 156   0  16  /   0   4   0   4  62   1 141 
NonL 20    --    311   38   28   2.4869 ==>   1   1 113  33  13   1 276  /   8   0 491  76  48   1  41 
NonL 21    --     14    4   88  12.4042 ==>   0   0 125   1  17   0  46  /   0   1   3  14  22   0   5 
NonL 22    --    1106   84   11   2.3666 ==>   0   2   1 173  65 308  16  /  87   4  87 673 178 104  79 
NonL 23    --      0   55   26   0.0246 ==> 621   0  20  25  24  89  11  /   0  28   4  87 131   0  42 
NonL 28    --     20    2   24   5.3932 ==>   0  27   0   0  27   0   1  /   0  20   0  99   7   0   1 
NonL 29    --    306   52   33   6.5428 ==>   0  58   0   0  39   0   0  /   0 315   0   0   2   0   2 
NonL 30    --     70   16   15   3.7369 ==>   0  32   0   0  60   0   0  /   1   4   0   0 148   0   0 
NonL 31    --     25    0   74  11.3089 ==>   0  24   1   4   0   0   1  /   3   0   0   1   8   2   5 
NonL 36    --      3    4   89   8.8957 ==>   1   0   0 130   7   0   0  /   1   0   1  58  33   1   7 
NonL 37    --     95    8   31   2.8584 ==>   3   0   0  29  15   0  18  /   0   0   0  10  52   0   5 
NonL 38    --    107   12   54   6.9364 ==>   0   0   0  13  86   0   0  /   0   1   5   0  70   0  16 
NonL 39    --    159   10   24   0.7880 ==>   0   4   0   4  26   1 141  /   0   0   0   0  36   0   0 
NonL 40    --      0    6   24   1.2798 ==>   0   0  25  23   3   0 207  /   9   1 566  85  55   2 103 
NonL 41    --      0   23   10   0.0000 ==>   0   0  13   0   2   0   0  /   0   0   0   1   1   0   7 
NonL 42    --    115   51   25   4.1700 ==>   0   0  57   0   4   0  44  /   0   0  68   1  13   0   2 
NonL 43    --     21   34   44   6.3071 ==>   0   0   2  14   6   0   5  /   0   1   1   0  16   0   0 
NonL 44    --      0   29   16   0.0156 ==>   0   1   1  19  19 308  16  /   0   1   0 154  46   0   0 
NonL 45    --    859   15   62   7.2176 ==>  66   0  25 585 134  32   6  /  21   4  62  88  44  72  73 
NonL 46    --    418   53   15   2.4021 ==>   9   0  10   9   5  47   7  / 612   0  10  16  19  42   4 
NonL 47    --    102   56   27   5.7144 ==>   0  10   0   5 101   0   1  /   0  18   4  82  30   0  41 
NonL 56    --     16   12   12   1.1018 ==>   0  15   0   0   0   0   0  /   0  12   0   0  27   0   1 
NonL 57    --      3   27   29   7.0951 ==>   0   4   0  99   3   0   1  /   0  16   0   0   4   0   0 
NonL 58    --     47   14   10   2.2194 ==>   0   1   0   0  31   0   0  /   0  57   0   0   8   0   0 
Leaf 59     2    
NonL 60    --     15   37   14   2.7800 ==>   0  12   0   0  55   0   0  /   0  20   0   0   8   0   0 
Leaf 61     5    
NonL 62    --      1    0   95  13.1971 ==>   0   2   1   4   0   0   1  /   0  22   0   0   0   0   0 
NonL 63    --      0    5   11   3.3166 ==>   3   0   0   1   8   2   0  /   0   0   0   0   0   0   5 
Leaf 72     4    
Leaf 73     4    
Leaf 74     4    
Leaf 75     5    
Leaf 76     5    
Leaf 77     5    
Leaf 78     7    
Leaf 79     5    
Leaf 80     7    
Leaf 81     3    
Leaf 82     3    
Leaf 83     7    
Leaf 84     3    
Leaf 85     3    
Leaf 86     4    
Leaf 87     5    
Leaf 88     6    
Leaf 89     4    
Leaf 90     4    
Leaf 91     4    
Leaf 92     6    
Leaf 93     1    
Leaf 94     5    
Leaf 95     4    
Leaf 112     2    
Leaf 113     5    
Leaf 114     4    
Leaf 115     2    
Leaf 116     5    
Leaf 117     2    
Leaf 120     5    
Leaf 121     2    
Leaf 124     4    
Leaf 125     2    
Leaf 126     5    

;Shapelet id   <data>
Shapelet   1  -0.186109 -0.186109 -0.186109 -0.186109 -0.186109 -0.186109 -0.186109 -0.186109 -0.186109 -0.186109 -0.186109 -0.186109 -0.186109 -0.186109 -0.186109 -0.186109 -0.186109 -0.186109 -0.186109 -0.186109 -0.186109 -0.121995 
Shapelet   2  -0.421986 -0.421986 -0.421986 -0.421986 -0.421986 -0.421986 -0.421986 -0.421986 -0.421986 -0.421986 -0.421986 -0.421986 -0.421986 -0.421986 -0.421986 -0.421986 -0.421986 -0.421986  0.021561  2.239300  2.239300  1.056506 -0.421986 -0.421986 -0.421986 -0.421986 -0.421986  2.534998  3.126395  2.978546  3.126395  2.978546  3.126395  2.978546 
Shapelet   3  -0.935491 -0.935491 -0.935491  1.018861  1.298054  1.391118  0.646603 -0.935491 -0.935491  0.832732 
Shapelet   4  -0.644124 -0.644124 -0.644124 -0.644124 -0.644124 -0.644124 -0.644124 -0.644124 -0.644124 -0.644124 -0.644124 -0.644124 -0.644124 -0.644124 -0.644124 -0.644124 -0.644124 -0.644124 -0.644124 -0.644124 -0.644124 -0.644124 -0.644124 -0.644124 -0.644124 -0.644124 -0.644124 -0.644124 -0.644124 -0.644124 -0.644124 -0.644124 -0.644124 -0.644124 -0.644124 -0.644124 -0.644124 -0.644124 -0.644124 -0.644124 -0.644124 -0.644124 -0.644124 -0.644124 -0.644124 -0.644124 -0.644124 -0.644124 -0.644124 -0.644124 -0.644124 -0.386116 -0.300113 -0.300113  0.043897  1.763950  1.677947  1.763950  1.677947  1.677947  1.677947  0.301905 -0.300113 -0.386116 -0.300113 -0.300113 -0.300113 -0.386116 -0.300113 -0.300113 -0.300113 -0.386116 -0.300113 -0.300113 -0.386116 -0.300113 -0.300113 -0.386116 -0.300113 -0.386116  1.161932  1.763950  1.763950  1.763950  1.935955  2.021958  1.935955  1.935955  1.935955  2.021958  1.935955  1.935955  1.849953  1.935955  1.849953 
Shapelet   5  -0.138549 -0.138549 -0.138549 -0.138549 -0.138549 -0.138549 -0.138549 -0.138549 -0.138549 -0.138549 -0.138549 -0.138549  1.753106  1.812220 -0.138549 -0.138549 -0.138549 -0.138549  9.319725 -0.138549 
Shapelet   7   0.893940  0.893940  1.004817  0.893940  0.893940  1.004817  0.893940  0.893940  0.893940  0.893940  1.004817 
Shapelet   9  -0.332705 -0.332705 -0.332705 -0.332705 -0.332705 -0.332705 -0.332705 -0.332705 -0.332705 -0.332705 -0.332705 -0.332705 -0.332705 -0.332705 -0.332705 -0.332705 -0.332705 -0.332705 -0.332705 -0.332705 -0.332705 -0.332705 -0.332705 -0.332705 -0.332705 -0.332705 -0.332705 -0.332705 -0.332705 -0.332705 -0.332705 -0.332705 -0.332705 -0.332705 -0.332705 -0.332705 -0.332705 -0.332705 -0.215966  1.383352 -0.332705 -0.332705 -0.332705 -0.332705 -0.332705 -0.332705 -0.332705 -0.332705 -0.180945 -0.332705 -0.332705 -0.332705 -0.332705 -0.332705 -0.332705 -0.332705 -0.332705 
Shapelet  10  -0.193936 -0.193936 -0.193936 -0.193936 -0.193936 -0.193936 -0.193936 -0.193936 -0.193936 -0.193936 -0.193936 -0.193936 -0.193936 -0.193936 -0.193936 -0.193936 -0.193936  3.357783 -0.193936 -0.193936 -0.193936 -0.193936 -0.193936 -0.193936  2.441210 -0.193936 -0.193936 -0.193936  6.966788 
Shapelet  11  -0.303550 -0.303550 -0.303550 -0.303550 -0.303550 -0.303550 -0.303550 -0.303550 -0.303550 -0.303550 -0.303550 -0.303550 -0.303550 -0.303550 -0.303550  2.493299  5.290148  3.656345 -0.220475 -0.285089 -0.303550 -0.303550 -0.303550 -0.303550 -0.303550 -0.303550  4.053258  1.948698 
Shapelet  14   0.045453  0.045453  0.045453  0.045453  0.045453  0.045453  0.045453  0.045453  0.045453  0.045453  0.045453  0.045453  0.045453  0.045453  0.045453  0.045453  0.045453  0.045453  0.045453  0.045453  0.045453  0.045453  0.045453  0.045453  0.045453  0.045453  0.045453  0.045453  0.045453  0.045453  0.045453  0.045453  0.045453  0.045453  0.045453  0.045453 -4.317994  0.045453  0.045453  0.045453  0.045453 
Shapelet  15   0.802887 -1.824743  0.364949  0.802887  0.364949 -0.948867 -0.072990  0.802887  0.802887 -1.824743  0.364949  0.802887  0.802887 -1.824743  0.802887  0.802887  0.364949 -1.824743  0.802887  0.802887 
Shapelet  18  -0.327176 -0.327176 -0.327176 -0.327176 -0.327176 -0.327176 -0.327176 -0.327176 -0.327176 -0.327176 -0.327176 -0.327176 -0.327176 -0.327176 -0.327176 -0.327176 -0.327176 -0.327176 -0.327176 -0.327176 -0.327176 -0.327176 -0.327176 -0.327176 -0.327176 -0.327176 -0.327176 -0.141202  0.396055  0.013776 -0.327176  0.437383 -0.172198 -0.327176 -0.327176 -0.327176 -0.327176 -0.327176 -0.327176 -0.327176 -0.327176 -0.327176 -0.327176 -0.327176 -0.327176 -0.327176 -0.327176 -0.327176 -0.110207  2.276457 -0.327176 -0.327176 -0.327176 
Shapelet  19  -0.403073 -0.403073 -0.403073 -0.403073 -0.403073 -0.403073 -0.403073 -0.403073 -0.403073 -0.403073 -0.403073 -0.403073 -0.403073 -0.403073 -0.403073 -0.403073 -0.403073 -0.403073 -0.403073 -0.403073 -0.403073 -0.403073 -0.403073 -0.403073 -0.403073 -0.403073 -0.403073 -0.403073 -0.403073 -0.403073 -0.403073 -0.403073 -0.403073 -0.403073 -0.403073 -0.403073 -0.403073 -0.403073 -0.403073 -0.403073 -0.403073 -0.403073 -0.403073 -0.403073 -0.403073  0.779744 -0.149612 -0.149612 -0.065125  2.216023  3.145380  3.060893  2.976406  2.891919  2.891919 -0.149612 -0.149612 -0.065125  1.455640  3.145380  3.060893  2.976406  1.624614 -0.149612 -0.149612 -0.065125 
Shapelet  20  -0.296043 -0.296043 -0.296043 -0.296043 -0.296043 -0.296043 -0.296043 -0.296043 -0.296043 -0.296043 -0.296043 -0.296043 -0.296043 -0.296043  1.685833 -0.296043 -0.296043 -0.296043 -0.296043 -0.296043 -0.296043 -0.296043 -0.296043  2.597497  0.417433 -0.296043 -0.296043  6.680161 
Shapelet  21  -0.169043 -0.169043 -0.169043 -0.169043 -0.169043 -0.169043 -0.169043 -0.169043 -0.169043 -0.169043 -0.169043 -0.169043 -0.169043 -0.169043 -0.169043 -0.169043 -0.169043 -0.169043 -0.169043 -0.169043 -0.169043 -0.169043 -0.169043  5.507154 -0.169043 -0.169043 -0.169043 -0.169043 -0.169043 -0.169043 -0.169043  7.326447 -0.169043 -0.169043 -0.169043  2.887371 -0.169043 -0.169043 -0.169043 -0.169043 -0.169043 -0.169043 -0.169043 -0.169043 -0.169043 -0.169043 -0.169043 -0.169043 -0.169043 -0.169043 -0.169043 -0.169043 -0.169043 -0.169043 -0.169043 -0.169043 -0.169043 -0.169043 -0.169043 -0.169043 -0.169043 -0.169043 -0.169043 -0.169043 -0.169043 -0.169043 -0.169043 -0.169043 -0.169043 -0.169043 -0.169043 -0.169043 -0.169043 -0.169043 -0.169043 -0.169043 -0.169043 -0.169043 -0.169043 -0.169043 -0.169043 -0.169043 -0.169043 -0.169043 -0.169043 -0.169043 -0.169043 -0.169043 
Shapelet  22   0.363141  0.062610  0.062610  0.062610  0.062610 -0.237920  0.062610  0.062610  0.062610  0.062610  0.062610 
Shapelet  23  -0.186109 -0.186109 -0.186109 -0.186109 -0.186109 -0.186109 -0.186109 -0.186109 -0.186109 -0.186109 -0.186109 -0.186109 -0.186109 -0.186109 -0.186109 -0.186109 -0.186109 -0.186109 -0.186109 -0.186109 -0.186109 -0.186109 -0.186109 -0.186109 -0.186109 -0.121995 
Shapelet  28  -0.243176 -1.716777  0.920192  0.765077 -0.088061 -1.716777  0.842635  0.765077 -0.398292 -1.716777  0.842635  0.842635 -0.165618 -1.716777  0.687519  0.842635 -0.243176 -1.716777  0.765077  0.842635 -1.018756 -1.096314  0.920192  0.842635 
Shapelet  29   0.974265  0.974265 -1.015723  0.974265 -1.015723  0.974265 -1.015723  0.974265 -1.015723  0.974265 -1.015723 -1.015723  0.974265 -1.015723 -1.015723 -1.015723  0.974265  0.974265  0.974265 -1.015723  0.974265  0.974265  0.974265  0.974265  0.974265  0.974265  0.974265  0.974265  0.974265 -1.015723  0.974265 -1.015723  0.974265 
Shapelet  30   0.431639  0.431639  0.431639 -2.005853  0.431639  0.431639  0.431639  0.431639 -2.005853  0.431639  0.431639  0.431639  0.431639 -2.005853  2.869131 
Shapelet  31  -0.102062 -0.102062 -0.102062 -0.102062 -0.102062 -0.102062 -0.102062 -0.102062 -0.102062 -0.102062 -0.102062 -0.102062 -0.102062 -0.102062 -0.102062 -0.102062 -0.102062 -0.102062 -0.102062  9.695897 -0.102062 -0.102062 -0.102062 -0.102062 -0.102062 -0.102062 -0.102062 -0.102062 -0.102062 -0.102062 -0.102062 -0.102062 -0.102062 -0.102062 -0.102062 -0.102062 -0.102062 -0.102062 -0.102062 -0.102062 -0.102062 -0.102062 -0.102062 -0.102062 -0.102062 -0.102062 -0.102062 -0.102062 -0.102062 -0.102062 -0.102062 -0.102062 -0.102062 -0.102062 -0.102062 -0.102062 -0.102062 -0.102062 -0.102062 -0.102062 -0.102062 -0.102062 -0.102062 -0.102062 -0.102062 -0.102062 -0.102062 -0.102062 -0.102062 -0.102062 -0.102062 -0.102062 -0.102062 -0.102062 
Shapelet  36  -0.250346 -0.250346 -0.250346 -0.250346 -0.250346 -0.250346 -0.250346 -0.250346 -0.250346 -0.250346 -0.250346 -0.250346 -0.250346 -0.250346 -0.250346 -0.250346 -0.250346 -0.250346 -0.250346 -0.250346 -0.250346 -0.250346 -0.250346 -0.250346 -0.250346 -0.250346 -0.250346 -0.250346 -0.250346 -0.250346 -0.250346 -0.250346 -0.250346 -0.250346 -0.250346 -0.250346 -0.250346 -0.250346 -0.250346 -0.250346 -0.250346 -0.250346 -0.250346 -0.250346 -0.250346 -0.250346 -0.250346 -0.250346 -0.250346 -0.250346 -0.250346 -0.250346 -0.250346 -0.250346 -0.250346 -0.250346 -0.250346 -0.250346 -0.250346 -0.250346 -0.250346 -0.250346 -0.250346  0.495575  1.405235  4.079636  4.789171  2.878885  5.334967  3.297328 -0.250346 -0.250346 -0.250346 -0.250346 -0.250346 -0.250346 -0.250346 -0.250346 -0.250346 -0.250346 -0.250346 -0.250346 -0.250346 -0.250346 -0.250346 -0.250346 -0.250346 -0.250346 -0.250346 
Shapelet  37  -0.495700 -0.402438 -0.441297 -0.534560 -0.534560 -0.534560 -0.449069 -0.379122 -0.503472 -0.433525 -0.487928 -0.511244 -0.371350 -0.464613 -0.534560 -0.534560 -0.526788 -0.441297 -0.324719 -0.503472 -0.519016  0.056103  0.351435  0.157138  0.025016 -0.348035 -0.449069 -0.472385 -0.433525 -0.348035  1.765917 
Shapelet  38  -0.342877 -0.342877 -0.342877 -0.342877 -0.342877 -0.342877 -0.342877 -0.342877 -0.342877 -0.342877 -0.342877 -0.342877 -0.342877 -0.342877 -0.342877 -0.342877 -0.342877 -0.342877 -0.342877 -0.342877 -0.342877 -0.342877 -0.342877 -0.342877 -0.342877 -0.342877 -0.342877 -0.342877 -0.342877 -0.342877 -0.342877 -0.342877 -0.342877 -0.342877 -0.342877 -0.342877 -0.342877 -0.342877 -0.342877 -0.342877  2.613738  1.743444 -0.307111 -0.342877 -0.342877 -0.342877 -0.342877 -0.342877 -0.342877 -0.342877 -0.342877  3.031002  3.519798  3.233674 
Shapelet  39  -0.430335 -0.430335 -0.430335 -0.430335 -0.430335 -0.430335 -0.430335 -0.430335 -0.430335 -0.430335 -0.430335 -0.430335 -0.430335 -0.430335 -0.244932 -0.288556 -0.430335 -0.430335 -0.430335 -0.430335 -0.430335 -0.430335 -0.299463  1.816315 
Shapelet  40  -0.159711 -0.159711 -0.159711 -0.159711 -0.159711 -0.159711 -0.159711 -0.159711 -0.159711 -0.159711 -0.159711 -0.159711 -0.159711 -0.159711 -0.159711 -0.159711 -0.159711 -0.159711 -0.159711 -0.159711  1.474052  5.998316 -0.159711 -0.159711 
Shapelet  41  -0.144871 -0.144871 -0.144871  6.419545 -0.144871 -0.144871 -0.144871 -0.144871 -0.144871 -0.144871 
Shapelet  42  -0.296882 -0.296882 -0.296882 -0.296882 -0.296882 -0.296882 -0.296882 -0.296882 -0.296882 -0.296882 -0.296882 -0.296882 -0.296882  0.106810 -0.296882 -0.296882 -0.296882 -0.296882  1.721578 -0.296882  5.112590  5.395174 -0.296882 -0.296882  2.327116 
Shapelet  43  -0.156992 -0.156992 -0.156992 -0.156992 -0.156992 -0.156992 -0.156992 -0.156992 -0.156992 -0.156992 -0.156992 -0.156992 -0.156992 -0.156992 -0.156992 -0.156992  1.142253  6.079386 -0.156992 -0.156992 -0.156992 -0.156992 -0.156992 -0.156992 -0.156992 -0.156992 -0.156992 -0.156992 -0.156992 -0.156992 -0.156992 -0.156992 -0.156992 -0.156992 -0.156992 -0.156992  7.378631 -0.156992 -0.156992 -0.156992 -0.156992 -0.156992 -0.156992 -0.156992 
Shapelet  44  -0.212857 -0.212857 -0.212857 -0.212857 -0.212857 -0.212857 -0.212857 -0.212857 -0.212857 -0.212857 -0.212857 -0.212857 -0.212857 -0.212857 -0.212857  7.019752 
Shapelet  45  -0.055237 -0.055237 -0.055237 -0.055237 -0.055237 -0.055237 -0.055237 -0.055237 -0.055237 -0.055237 -0.055237 -0.055237 -0.055237 -0.055237 -0.055237 -0.055237 -0.055237 -0.055237 -0.055237 -0.055237 -0.055237 -0.055237 -0.055237 -0.055237 -0.055237 -0.055237 -0.055237 -0.055237 -0.055237 -0.055237 -0.055237 -0.055237 -0.055237 -0.055237 -0.055237 -0.055237 -0.055237 -0.055237 -0.055237 -0.055237 -0.055237 -0.055237 -0.055237 -0.055237 -0.055237 -0.055237 -0.055237  0.386659  2.596141  4.805622  5.689415  4.363726 -0.055237  0.386659  0.386659  0.386659 -0.055237 -0.055237 -0.939030 -0.497133 -0.939030 -0.497133 
Shapelet  46  -0.314377 -0.314377 -0.314377 -0.314377 -0.314377 -0.314377 -0.314377 -0.314377 -0.314377  3.000430 -0.314377  0.919040 -0.314377  0.649230 -0.314377 
Shapelet  47   0.010683 -0.331172  0.010683 -0.331172  0.010683 -0.331172  0.010683 -0.331172  0.010683 -0.331172  0.010683 -0.331172  0.010683 -0.331172  0.010683 -0.331172  0.010683 -0.331172  0.010683 -0.331172  0.010683  0.010683  0.010683 -0.331172  0.010683  0.010683  0.010683 
Shapelet  56   1.027230  0.951139 -0.722866 -1.559868  1.027230  0.875048  0.266319 -1.559868  0.266319  0.951139  0.570683 -1.559868 
Shapelet  57   0.252543  0.401280  0.401280  0.401280  0.252543  0.401280  0.252543  0.401280  0.401280  0.401280  0.252543  0.401280  0.252543  0.401280  0.252543  0.401280  0.401280  0.252543  0.252543  0.401280  0.252543  0.401280 -1.829773 -2.573458 -2.573458 -2.573458 -2.573458 -2.573458 -2.573458 
Shapelet  58   2.144447 -0.461463 -0.461463 -0.461463  2.144447 -0.461463 -0.461463 -0.461463 -0.461463  2.144447 
Shapelet  60   0.444878 -2.224391  0.444878  0.444878  0.444878 -2.224391  0.444878  0.444878 -2.224391  0.444878 -2.224391  0.444878  0.444878  0.444878 
Shapelet  62   1.050906 -1.065604  1.227282 -1.065604  1.403658 -1.065604  1.227282 -1.065604  1.050906 -1.065604  0.521779 -0.183725 -0.360101  0.521779 -1.065604  1.403658 -1.065604  1.227282 -1.065604  0.874530 -0.536477 -0.360101  0.698154 -1.065604  1.227282 -1.065604  1.403658 -1.065604 -0.007349  0.345403 -1.065604  1.403658 -1.065604  1.227282 -1.065604  0.169027  0.169027 -1.065604  1.403658 -1.065604  1.227282 -1.065604 -0.360101  0.698154 -1.065604  1.403658 -1.065604  0.521779 -0.183725 -1.065604  1.403658 -1.065604  1.227282 -1.065604 -0.536477  0.874530 -1.065604  1.227282 -1.065604  0.345403 -0.007349 -0.536477  0.874530 -1.065604  1.403658 -1.065604  0.874530 -0.536477 -0.360101  0.698154 -1.065604  1.403658 -1.065604  1.227282 -1.065604  0.169027  0.169027 -1.065604  1.403658 -1.065604  1.227282 -1.065604  1.050906 -0.712852 -0.007349  0.345403 -1.065604  1.050906 -1.065604  1.403658 -1.065604  1.227282 -1.065604  1.227282 -1.065604 
Shapelet  63  -0.168454 -0.168454 -0.168454 -0.168454 -0.168454 -0.168454 -0.168454 -0.168454 -0.168454 -0.168454 -0.168454 


; cmd = ShapeletResearch/Execs/FastShapelet UCRArchive_2018//ElectricDevices/ElectricDevices_TRAIN.tsv 7 8926 97 10 1 10 10 0 1 10 UCRArchive_2018//ElectricDevices/tree.txt UCRArchive_2018//ElectricDevices/time.txt
; time =>  816.360  37.860 384.629  50.817 306.301 
