;Shapelet Tree 

;random seed:1551070125, rand()=843303145, rand()=1299035053
;command = ShapeletResearch/Execs/FastShapelet UCRArchive_2018//Adiac/Adiac_TRAIN.tsv 37 390 177 10 1 10 10 0 1 10 UCRArchive_2018//Adiac/tree.txt UCRArchive_2018//Adiac/time.txt 

;Local Class:   0  1  2  3  4  5  6  7  8  9 10 11 12 13 14 15 16 17 18 19 20 21 22 23 24 25 26 27 28 29 30 31 32 33 34 35 36 
;Real  Class:  22 28 21 15  2 18 36 11 29 26  1  9 17  7 25 10 14  3  4 12 23  6  8 34 33 24 37 32 20 27 30 31 16 35 19 13  5 

;Node ID class   obj  pos  len  dist_th 
TreeSize: 874 
NonL  1    --    167   17  150   1.3480 ==>   6  13   8  12   0   1   0   5   9   7  13   0  11  10   0   0   2   0   0   3   9   0   9   9  12  15   8  10   9   0   9   9  10   0   0   6   0  /   4   0   0   0  10   8  11   5   0   2   0   9   0   0  13  11   9   5  14   9   0  12   4   0   1   0   0   3   0  13   4   0   0  10  14   0   4 
NonL  2    --      0    0   20   0.2335 ==>   6   5   0   0   0   1   0   0   9   7   1   0   0  10   0   0   2   0   0   0   2   0   8   0  11  15   5  10   9   0   9   1   9   0   0   0   0  /   0   8   8  12   0   0   0   5   0   0  12   0  11   0   0   0   0   0   0   3   7   0   1   9   1   0   3   0   0   0   0   8   1   0   0   6   0 
NonL  3    --     77    1  172   1.6950 ==>   1   0   0   0  10   8   0   0   0   2   0   0   0   0  13  11   0   5  14   0   0   1   4   0   1   0   0   3   0  13   2   0   0   0   9   0   0  /   3   0   0   0   0   0  11   5   0   0   0   9   0   0   0   0   9   0   0   9   0  11   0   0   0   0   0   0   0   0   2   0   0  10   5   0   4 
NonL  4    --      0    2   59   0.2754 ==>   6   2   0   0   0   1   0   0   1   7   1   0   0  10   0   0   0   0   0   0   0   0   8   0   0   0   2  10   9   0   5   0   0   0   0   0   0  /   0   3   0   0   0   0   0   0   8   0   0   0   0   0   0   0   2   0   0   0   2   0   0   0  11  15   3   0   0   0   4   1   9   0   0   0   0 
NonL  5    --      0   39   34   0.2253 ==>   0   0   8   0   0   0   0   5   0   0  12   0   0   0   0   0   0   0   0   3   1   0   1   0   1   0   0   0   0   0   0   2   0   0   0   6   0  /   0   8   0  12   0   0   0   0   0   0   0   0  11   0   0   0   0   0   0   0   6   0   0   9   0   0   3   0   0   0   0   6   1   0   0   0   0 
NonL  6    --      0   57   40   0.3876 ==>   0   0   0   0  10   6   0   0   0   1   0   0   0   0   0  11   0   0  13   0   0   0   0   0   0   0   0   0   0   0   0   0   0   0   0   0   0  /   1   0   0   0   0   2   0   0   0   1   0   0   0   0  13   0   0   5   1   0   0   1   4   0   1   0   0   3   0  13   2   0   0   0   9   0   0 
NonL  7    --     14    0  174   6.2743 ==>   0   0   0   0   0   0  11   0   0   0   0   9   0   0   0   0   0   0   0   9   0   0   0   0   0   0   0   0   0   0   0   0   0   0   0   0   0  /   3   0   0   0   0   0   0   5   0   0   0   0   0   0   0   0   9   0   0   0   0  11   0   0   0   0   0   0   0   0   2   0   0  10   5   0   4 
NonL  8    --     58   14  151   1.1018 ==>   4   0   0   0   0   0   0   0   0   0   0   0   0   0   0   0   0   0   0   0   0   0   8   0   0   0   2  10   0   0   0   0   0   0   0   0   0  /   2   2   0   0   0   1   0   0   1   7   1   0   0  10   0   0   0   0   0   0   0   0   0   0   0   0   0   0   9   0   5   0   0   0   0   0   0 
NonL  9    --      0   38   31   0.2345 ==>   0   3   0   0   0   0   0   0   8   0   0   0   0   0   0   0   0   0   0   0   2   0   0   0   0   0   2   0   0   0   4   1   9   0   0   0   0  /   0   0   0   0   0   0   0   0   0   0   0   0   0   0   0   0   2   0   0   0   0   0   0   0  11  15   1   0   0   0   0   0   0   0   0   0   0 
NonL 10    --      0   29   47   0.3264 ==>   0   0   8   0   0   0   0   5   0   0   0   0   0   0   0   0   0   0   0   3   1   0   1   0   0   0   0   0   0   0   0   2   0   0   0   6   0  /   0   0   0   0   0   0   0   0   0   0  12   0   0   0   0   0   0   0   0   0   0   0   0   0   1   0   0   0   0   0   0   0   0   0   0   0   0 
NonL 11    --      0   32   51   0.1492 ==>   0   3   0  12   0   0   0   0   0   0   0   0  11   0   0   0   0   0   0   0   0   0   0   0   0   0   0   0   0   0   0   0   1   0   0   0   0  /   0   5   0   0   0   0   0   0   0   0   0   0   0   0   0   0   0   0   0   0   6   0   0   9   0   0   3   0   0   0   0   6   0   0   0   0   0 
NonL 12    --      0    0   20   0.1767 ==>   0   0   0   0  10   0   0   0   0   0   0   0   0   0   0  11   0   0   0   0   0   0   0   0   0   0   0   0   0   0   0   0   0   0   0   0   0  /   0   0   0   0   0   6   0   0   0   1   0   0   0   0   0   0   0   0  13   0   0   0   0   0   0   0   0   0   0   0   0   0   0   0   0   0   0 
NonL 13    --      0   54   17   0.0678 ==>   0   0   0   0   0   2   0   0   0   0   0   0   0   0  12   0   0   0   0   0   0   0   0   0   0   0   0   0   0  13   2   0   0   0   1   0   0  /   1   0   0   0   0   0   0   0   0   1   0   0   0   0   1   0   0   5   1   0   0   1   4   0   1   0   0   3   0   0   0   0   0   0   8   0   0 
NonL 14    --      0    5  133   0.9605 ==>   0   0   0   0   0   0  11   0   0   0   0   0   0   0   0   0   0   0   0   0   0   0   0   0   0   0   0   0   0   0   0   0   0   0   0   0   0  /   0   0   0   0   0   0   0   0   0   0   0   9   0   0   0   0   0   0   0   9   0   0   0   0   0   0   0   0   0   0   0   0   0   0   0   0   0 
NonL 15    --      0    9   50   0.5103 ==>   3   0   0   0   0   0   0   5   0   0   0   0   0   0   0   0   0   0   0   0   0   0   0   0   0   0   0   0   0   0   2   0   0  10   0   0   3  /   0   0   0   0   0   0   0   0   0   0   0   0   0   0   0   0   9   0   0   0   0  11   0   0   0   0   0   0   0   0   0   0   0   0   5   0   1 
NonL 16    --      0   71   20   0.1532 ==>   4   0   0   0   0   0   0   0   0   0   0   0   0   0   0   0   0   0   0   0   0   0   0   0   0   0   2  10   0   0   0   0   0   0   0   0   0  /   0   0   0   0   0   0   0   0   0   0   0   0   0   0   0   0   0   0   0   0   0   0   8   0   0   0   0   0   0   0   0   0   0   0   0   0   0 
NonL 17    --      0   84   29   0.1498 ==>   1   0   0   0   0   0   0   0   1   1   0   0   0  10   0   0   0   0   0   0   0   0   0   0   0   0   0   0   0   0   5   0   0   0   0   0   0  /   1   2   0   0   0   1   0   0   0   6   1   0   0   0   0   0   0   0   0   0   0   0   0   0   0   0   0   0   9   0   0   0   0   0   0   0   0 
NonL 18    --      0    1  174   0.5552 ==>   0   3   0   0   0   0   0   0   8   0   0   0   0   0   0   0   0   0   0   0   0   0   0   0   0   0   0   0   0   0   4   1   0   0   0   0   0  /   0   0   0   0   0   0   0   0   0   0   0   0   0   0   0   0   0   0   0   0   2   0   0   0   0   0   2   0   0   0   0   0   9   0   0   0   0 
NonL 19    --      0   48   63   0.3338 ==>   0   0   0   0   0   0   0   0   0   0   0   0   0   0   0   0   2   0   0   0   0   0   0   0  11   0   1   0   0   0   0   0   0   0   0   0   0  /   0   0   0   0   0   0   0   0   0   0   0   0   0   0   0   0   0   0   0   0   0   0   0   0   0  15   0   0   0   0   0   0   0   0   0   0   0 
NonL 20    --      0    2   16   0.1019 ==>   0   0   8   0   0   0   0   0   0   0   0   0   0   0   0   0   0   0   0   0   0   0   1   0   0   0   0   0   0   0   0   2   0   0   0   0   0  /   0   0   0   0   0   0   0   5   0   0   0   0   0   0   0   0   0   0   0   3   1   0   0   0   0   0   0   0   0   0   0   0   0   0   0   6   0 
Leaf 21     1    
NonL 22    --     21    1  169   0.9220 ==>   0   3   0  12   0   0   0   0   0   0   0   0   0   0   0   0   0   0   0   0   0   0   0   0   0   0   0   0   0   0   0   0   1   0   0   0   0  /   0   0   0   0   0   0   0   0   0   0   0   0  11   0   0   0   0   0   0   0   0   0   0   0   0   0   0   0   0   0   0   0   0   0   0   0   0 
NonL 23    --      0   28   62   0.2393 ==>   0   4   0   0   0   0   0   0   0   0   0   0   0   0   0   0   0   0   0   0   6   0   0   9   0   0   3   0   0   0   0   0   0   0   0   0   0  /   0   1   0   0   0   0   0   0   0   0   0   0   0   0   0   0   0   0   0   0   0   0   0   0   0   0   0   0   0   0   0   6   0   0   0   0   0 
NonL 24    --      0   73   18   0.2096 ==>   0   0   0   0  10   0   0   0   0   0   0   0   0   0   0   0   0   0   0   0   0   0   0   0   0   0   0   0   0   0   0   0   0   0   0   0   0  /   0   0   0   0   0   0   0   0   0   0   0   0   0   0   0  11   0   0   0   0   0   0   0   0   0   0   0   0   0   0   0   0   0   0   0   0   0 
NonL 25    --      0    0   34   0.1408 ==>   0   0   0   0   0   6   0   0   0   0   0   0   0   0   0   0   0   0   0   0   0   0   0   0   0   0   0   0   0   0   0   0   0   0   0   0   0  /   0   0   0   0   0   0   0   0   0   1   0   0   0   0   0   0   0   0  13   0   0   0   0   0   0   0   0   0   0   0   0   0   0   0   0   0   0 
NonL 26    --     23    1  174   0.9911 ==>   0   0   0   0   0   0   0   0   0   0   0   0   0   0   1   0   0   0   0   0   0   0   0   0   0   0   0   0   0  13   2   0   0   0   0   0   0  /   0   0   0   0   0   2   0   0   0   0   0   0   0   0  11   0   0   0   0   0   0   0   0   0   0   0   0   0   0   0   0   0   0   0   1   0   0 
NonL 27    --      0   67   32   0.6231 ==>   1   0   0   0   0   0   0   0   0   1   0   0   0   0   1   0   0   5   0   0   0   0   4   0   1   0   0   0   0   0   0   0   0   0   0   0   0  /   0   0   0   0   0   0   0   0   0   0   0   0   0   0   0   0   0   0   1   0   0   1   0   0   0   0   0   3   0   0   0   0   0   0   8   0   0 
Leaf 28    36    
NonL 29    --      1    0  119   2.7874 ==>   0   0   0   0   0   0   0   0   0   0   0   0   0   0   0   0   0   0   0   9   0   0   0   0   0   0   0   0   0   0   0   0   0   0   0   0   0  /   0   0   0   0   0   0   0   0   0   0   0   9   0   0   0   0   0   0   0   0   0   0   0   0   0   0   0   0   0   0   0   0   0   0   0   0   0 
NonL 30    --      0   42   29   0.3051 ==>   3   0   0   0   0   0   0   5   0   0   0   0   0   0   0   0   0   0   0   0   0   0   0   0   0   0   0   0   0   0   0   0   0   0   0   0   3  /   0   0   0   0   0   0   0   0   0   0   0   0   0   0   0   0   0   0   0   0   0   0   0   0   0   0   0   0   0   0   2   0   0  10   0   0   0 
NonL 31    --      0   54   39   0.3480 ==>   0   0   0   0   0   0   0   0   0   0   0   0   0   0   0   0   9   0   0   0   0   0   0   0   0   0   0   0   0   0   0   0   0   0   0   0   1  /   0   0   0   0   0   0   0   0   0   0   0   0   0   0   0   0   0   0   0   0   0  11   0   0   0   0   0   0   0   0   0   0   0   0   5   0   0 
NonL 32    --      0    0   38   0.1075 ==>   4   0   0   0   0   0   0   0   0   0   0   0   0   0   0   0   0   0   0   0   0   0   0   0   0   0   0   1   0   0   0   0   0   0   0   0   0  /   0   0   0   0   0   0   0   0   0   0   0   0   0   0   0   0   0   0   0   0   0   0   0   0   0   0   2   9   0   0   0   0   0   0   0   0   0 
Leaf 33     8    
NonL 34    --      0   78   10   0.1064 ==>   1   0   0   0   0   0   0   0   1   0   0   0   0   0   0   0   0   0   0   0   0   0   0   0   0   0   0   0   0   0   5   0   0   0   0   0   0  /   0   0   0   0   0   0   0   0   0   1   0   0   0  10   0   0   0   0   0   0   0   0   0   0   0   0   0   0   0   0   0   0   0   0   0   0   0 
NonL 35    --      0   83   31   0.1953 ==>   0   2   0   0   0   0   0   0   0   2   0   0   0   0   0   0   0   0   0   0   0   0   0   0   0   0   0   0   9   0   0   0   0   0   0   0   0  /   1   0   0   0   0   1   0   0   0   4   1   0   0   0   0   0   0   0   0   0   0   0   0   0   0   0   0   0   0   0   0   0   0   0   0   0   0 
NonL 36    --      9    0  173   0.3661 ==>   0   0   0   0   0   0   0   0   8   0   0   0   0   0   0   0   0   0   0   0   0   0   0   0   0   0   0   0   0   0   0   1   0   0   0   0   0  /   0   3   0   0   0   0   0   0   0   0   0   0   0   0   0   0   0   0   0   0   0   0   0   0   0   0   0   0   0   0   4   0   0   0   0   0   0 
NonL 37    --      2    0  174   1.1534 ==>   0   0   0   0   0   0   0   0   0   0   0   0   0   0   0   0   0   0   0   0   2   0   0   0   0   0   2   0   0   0   0   0   0   0   0   0   0  /   0   0   0   0   0   0   0   0   0   0   0   0   0   0   0   0   0   0   0   0   0   0   0   0   0   0   0   0   0   0   0   0   9   0   0   0   0 
NonL 38    --      0   26   33   0.8200 ==>   0   0   0   0   0   0   0   0   0   0   0   0   0   0   0   0   0   0   0   0   0   0   0   0  11   0   0   0   0   0   0   0   0   0   0   0   0  /   0   0   0   0   0   0   0   0   0   0   0   0   0   0   0   0   2   0   0   0   0   0   0   0   0   0   1   0   0   0   0   0   0   0   0   0   0 
Leaf 39    24    
NonL 40    --      0   43   19   0.1273 ==>   0   0   8   0   0   0   0   0   0   0   0   0   0   0   0   0   0   0   0   0   0   0   0   0   0   0   0   0   0   0   0   0   0   0   0   0   0  /   0   0   0   0   0   0   0   0   0   0   0   0   0   0   0   0   0   0   0   0   0   0   1   0   0   0   0   0   0   0   0   2   0   0   0   0   0 
NonL 41    --      6    8  166   0.5409 ==>   0   0   0   0   0   0   0   0   0   0   0   0   0   0   0   0   0   0   0   0   1   0   0   0   0   0   0   0   0   0   0   0   0   0   0   6   0  /   0   0   0   0   0   0   0   5   0   0   0   0   0   0   0   0   0   0   0   3   0   0   0   0   0   0   0   0   0   0   0   0   0   0   0   0   0 
NonL 44    --      0   86   58   0.1740 ==>   0   0   0  12   0   0   0   0   0   0   0   0   0   0   0   0   0   0   0   0   0   0   0   0   0   0   0   0   0   0   0   0   0   0   0   0   0  /   0   3   0   0   0   0   0   0   0   0   0   0   0   0   0   0   0   0   0   0   0   0   0   0   0   0   0   0   0   0   0   0   1   0   0   0   0 
Leaf 45    17    
NonL 46    --      0   49   11   0.0230 ==>   0   4   0   0   0   0   0   0   0   0   0   0   0   0   0   0   0   0   0   0   6   0   0   5   0   0   0   0   0   0   0   0   0   0   0   0   0  /   0   0   0   0   0   0   0   0   0   0   0   0   0   0   0   0   0   0   0   0   0   0   0   4   0   0   3   0   0   0   0   0   0   0   0   0   0 
NonL 47    --      0   38   10   0.3163 ==>   0   0   0   0   0   0   0   0   0   0   0   0   0   0   0   0   0   0   0   0   0   0   0   0   0   0   0   0   0   0   0   6   0   0   0   0   0  /   0   1   0   0   0   0   0   0   0   0   0   0   0   0   0   0   0   0   0   0   0   0   0   0   0   0   0   0   0   0   0   0   0   0   0   0   0 
Leaf 48     2    
Leaf 49    10    
Leaf 50    18    
Leaf 51     4    
NonL 52    --      0   15   15   0.0509 ==>   0   0   0   0   0   0   0   0   0   0   0   0   0   0   0   0   0   0   0   0   0   0   0   0   0   0   0   0   0  13   0   0   0   0   0   0   0  /   0   0   0   0   0   0   0   0   0   0   0   0   0   0   1   0   0   0   0   0   0   0   0   0   0   0   0   0   0   0   2   0   0   0   0   0   0 
NonL 53    --      0   46   10   0.2553 ==>   0   0   0   0   0   0   0   0   0   0   0   0   0   0  11   0   0   0   0   0   0   0   0   0   0   0   0   0   0   0   0   0   0   0   0   0   0  /   0   0   0   0   0   2   0   0   0   0   0   0   0   0   0   0   0   0   0   0   0   0   0   0   0   0   0   0   0   0   0   0   0   0   1   0   0 
NonL 54    --      0   27   43   0.4820 ==>   0   0   0   0   0   0   0   0   0   0   0   0   0   0   1   0   0   5   0   0   0   0   0   0   0   0   0   0   0   0   0   0   0   0   0   0   0  /   1   0   0   0   0   0   0   0   0   1   0   0   0   0   0   0   0   0   0   0   0   0   4   0   1   0   0   0   0   0   0   0   0   0   0   0   0 
NonL 55    --      2   20  151   0.6905 ==>   0   0   0   0   0   0   0   0   0   0   0   0   0   0   0   0   0   0   0   0   0   0   0   0   0   0   0   0   0   0   0   0   0   0   8   0   0  /   0   0   0   0   0   0   0   0   0   0   0   0   0   0   0   0   0   0   1   0   0   1   0   0   0   0   0   3   0   0   0   0   0   0   0   0   0 
Leaf 58    12    
Leaf 59     9    
NonL 60    --      0    4   35   0.4715 ==>   0   0   0   0   0   0   0   5   0   0   0   0   0   0   0   0   0   0   0   0   0   0   0   0   0   0   0   0   0   0   0   0   0   0   0   0   0  /   3   0   0   0   0   0   0   0   0   0   0   0   0   0   0   0   0   0   0   0   0   0   0   0   0   0   0   0   0   0   0   0   0   0   0   0   3 
NonL 61    --     10   10  164   0.6951 ==>   0   0   0   0   0   0   0   0   0   0   0   0   0   0   0   0   0   0   0   0   0   0   0   0   0   0   0   0   0   0   2   0   0   0   0   0   0  /   0   0   0   0   0   0   0   0   0   0   0   0   0   0   0   0   0   0   0   0   0   0   0   0   0   0   0   0   0   0   0   0   0  10   0   0   0 
Leaf 62    14    
NonL 63    --     12    0  158   1.5090 ==>   0   0   0   0   0   0   0   0   0   0   0   0   0   0   0   0   0   0   0   0   0   1   0   0   0   0   0   0   0   0   0   0   0   0   5   0   0  /   0   0   0   0   0   0   0   0   0   0   0   0   0   0   0   0   0   0   0   0   0  10   0   0   0   0   0   0   0   0   0   0   0   0   0   0   0 
NonL 64    --      2    0  170   0.3874 ==>   0   0   0   0   0   0   0   0   0   0   0   0   0   0   0   0   0   0   0   0   0   0   0   0   0   0   0   1   0   0   0   0   0   0   0   0   0  /   4   0   0   0   0   0   0   0   0   0   0   0   0   0   0   0   0   0   0   0   0   0   0   0   0   0   0   0   0   0   0   0   0   0   0   0   0 
NonL 65    --      0   14  159   0.6401 ==>   0   0   0   0   0   0   0   0   0   0   0   0   0   0   0   0   0   0   0   0   0   0   0   0   0   0   0   9   0   0   0   0   0   0   0   0   0  /   0   0   0   0   0   0   0   0   0   0   0   0   0   0   0   0   0   0   0   0   0   0   0   0   0   0   2   0   0   0   0   0   0   0   0   0   0 
NonL 68    --      3    2  172   1.0329 ==>   1   0   0   0   0   0   0   0   1   0   0   0   0   0   0   0   0   0   0   0   0   0   0   0   0   0   0   0   0   0   0   0   0   0   0   0   0  /   0   0   0   0   0   0   0   0   0   0   0   0   0   0   0   0   0   0   0   0   0   0   0   0   0   0   0   0   0   0   5   0   0   0   0   0   0 
Leaf 69     7    
NonL 70    --      6   89   10   0.1534 ==>   0   1   0   0   0   0   0   0   0   2   0   0   0   0   0   0   0   0   0   0   0   0   0   0   0   0   0   0   0   0   0   0   0   0   0   0   0  /   0   1   0   0   0   0   0   0   0   0   0   0   0   0   0   0   0   0   0   0   0   0   0   0   0   0   0   0   9   0   0   0   0   0   0   0   0 
NonL 71    --      0   22   28   0.2494 ==>   0   0   0   0   0   0   0   0   0   4   0   0   0   0   0   0   0   0   0   0   0   0   0   0   0   0   0   0   0   0   0   0   0   0   0   0   0  /   1   0   0   0   0   1   0   0   0   0   1   0   0   0   0   0   0   0   0   0   0   0   0   0   0   0   0   0   0   0   0   0   0   0   0   0   0 
NonL 72    --      1   38   10   0.1759 ==>   0   0   0   0   0   0   0   0   0   0   0   0   0   0   0   0   0   0   0   0   0   0   0   0   0   0   0   0   0   0   0   1   0   0   0   0   0  /   0   0   0   0   0   0   0   0   8   0   0   0   0   0   0   0   0   0   0   0   0   0   0   0   0   0   0   0   0   0   0   0   0   0   0   0   0 
NonL 73    --      0   62   13   0.0173 ==>   0   3   0   0   0   0   0   0   0   0   0   0   0   0   0   0   0   0   0   0   0   0   0   0   0   0   0   0   0   0   0   0   0   0   0   0   0  /   0   0   0   0   0   0   0   0   0   0   0   0   0   0   0   0   0   0   0   0   0   0   0   0   0   0   0   0   0   0   4   0   0   0   0   0   0 
NonL 74    --      0    1  158   0.8048 ==>   0   0   0   0   0   0   0   0   0   0   0   0   0   0   0   0   0   0   0   0   0   0   0   0   0   0   2   0   0   0   0   0   0   0   0   0   0  /   0   0   0   0   0   0   0   0   0   0   0   0   0   0   0   0   0   0   0   0   2   0   0   0   0   0   0   0   0   0   0   0   0   0   0   0   0 
Leaf 75    16    
Leaf 76    33    
NonL 77    --      0   34   22   0.4151 ==>   0   0   0   0   0   0   0   0   0   0   0   0   0   0   0   0   0   0   0   0   0   0   0   0   0   0   1   0   0   0   0   0   0   0   0   0   0  /   0   0   0   0   0   0   0   0   0   0   0   0   0   0   0   0   2   0   0   0   0   0   0   0   0   0   0   0   0   0   0   0   0   0   0   0   0 
Leaf 80    21    
NonL 81    --      0   78   24   0.4244 ==>   0   0   0   0   0   0   0   0   0   0   0   0   0   0   0   0   0   0   0   0   0   0   0   0   0   0   0   0   0   0   0   2   0   0   0   0   0  /   0   0   0   0   0   0   0   0   0   0   0   0   0   0   0   0   0   0   0   0   0   0   1   0   0   0   0   0   0   0   0   0   0   0   0   0   0 
NonL 82    --      0   37   12   0.2714 ==>   0   0   0   0   0   0   0   0   0   0   0   0   0   0   0   0   0   0   0   0   1   0   0   0   0   0   0   0   0   0   0   0   0   0   0   0   0  /   0   0   0   0   0   0   0   0   0   0   0   0   0   0   0   0   0   0   0   0   0   0   0   0   0   0   0   0   0   0   0   0   0   0   0   6   0 
NonL 83    --      2    0  173   1.6269 ==>   0   0   0   0   0   0   0   5   0   0   0   0   0   0   0   0   0   0   0   0   0   0   0   0   0   0   0   0   0   0   0   0   0   0   0   0   0  /   0   0   0   0   0   0   0   0   0   0   0   0   0   0   0   0   0   0   0   3   0   0   0   0   0   0   0   0   0   0   0   0   0   0   0   0   0 
Leaf 88    15    
NonL 89    --      2    0  169   1.8170 ==>   0   3   0   0   0   0   0   0   0   0   0   0   0   0   0   0   0   0   0   0   0   0   0   0   0   0   0   0   0   0   0   0   0   0   0   0   0  /   0   0   0   0   0   0   0   0   0   0   0   0   0   0   0   0   0   0   0   0   0   0   0   0   0   0   0   0   0   0   0   0   1   0   0   0   0 
NonL 92    --      0   80   10   0.1894 ==>   0   4   0   0   0   0   0   0   0   0   0   0   0   0   0   0   0   0   0   0   1   0   0   5   0   0   0   0   0   0   0   0   0   0   0   0   0  /   0   0   0   0   0   0   0   0   0   0   0   0   0   0   0   0   0   0   0   0   5   0   0   0   0   0   0   0   0   0   0   0   0   0   0   0   0 
NonL 93    --      0    1   15   0.0103 ==>   0   0   0   0   0   0   0   0   0   0   0   0   0   0   0   0   0   0   0   0   0   0   0   4   0   0   0   0   0   0   0   0   0   0   0   0   0  /   0   0   0   0   0   0   0   0   0   0   0   0   0   0   0   0   0   0   0   0   0   0   0   0   0   0   3   0   0   0   0   0   0   0   0   0   0 
Leaf 94    31    
Leaf 95    28    
Leaf 104    27    
NonL 105    --      0   36   19   0.3284 ==>   0   0   0   0   0   0   0   0   0   0   0   0   0   0   1   0   0   0   0   0   0   0   0   0   0   0   0   0   0   0   0   0   0   0   0   0   0  /   0   0   0   0   0   0   0   0   0   0   0   0   0   0   0   0   0   0   0   0   0   0   0   0   0   0   0   0   0   0   2   0   0   0   0   0   0 
Leaf 106    25    
NonL 107    --      0  125   21   0.3009 ==>   0   0   0   0   0   0   0   0   0   0   0   0   0   0   0   0   0   0   0   0   0   0   0   0   0   0   0   0   0   0   0   0   0   0   1   0   0  /   0   0   0   0   0   2   0   0   0   0   0   0   0   0   0   0   0   0   0   0   0   0   0   0   0   0   0   0   0   0   0   0   0   0   0   0   0 
NonL 108    --      4  130   10   0.2648 ==>   0   0   0   0   0   0   0   0   0   0   0   0   0   0   1   0   0   0   0   0   0   0   0   0   0   0   0   0   0   0   0   0   0   0   0   0   0  /   0   0   0   0   0   0   0   0   0   0   0   0   0   0   0   0   0   5   0   0   0   0   0   0   0   0   0   0   0   0   0   0   0   0   0   0   0 
NonL 109    --      0   45   10   0.3657 ==>   1   0   0   0   0   0   0   0   0   1   0   0   0   0   0   0   0   0   0   0   0   0   0   0   1   0   0   0   0   0   0   0   0   0   0   0   0  /   0   0   0   0   0   0   0   0   0   0   0   0   0   0   0   0   0   0   0   0   0   0   4   0   0   0   0   0   0   0   0   0   0   0   0   0   0 
Leaf 110    19    
NonL 111    --      1    0  166   0.8842 ==>   0   0   0   0   0   0   0   0   0   0   0   0   0   0   0   0   0   0   0   0   0   0   0   0   0   0   0   3   0   0   0   0   0   0   0   0   0  /   0   0   0   0   0   0   0   0   0   0   0   0   0   0   0   0   0   0   1   0   0   1   0   0   0   0   0   0   0   0   0   0   0   0   0   0   0 
Leaf 120    11    
NonL 121    --      1   10  150   0.9621 ==>   3   0   0   0   0   0   0   0   0   0   0   0   0   0   0   0   0   0   0   0   0   0   0   0   0   0   0   0   0   0   0   0   0   0   0   0   0  /   0   0   0   0   0   0   0   0   0   0   0   0   0   0   0   0   0   0   0   0   0   0   0   0   0   0   0   0   0   0   0   0   0   0   0   0   3 
Leaf 122    30    
Leaf 123    35    
NonL 126    --      1   13  142   0.4254 ==>   0   0   0   0   0   0   0   0   0   0   0   0   0   0   0   0   0   0   0   0   0   1   0   0   0   0   0   0   0   0   0   0   0   0   0   0   0  /   0   0   0   0   0   0   0   0   0   0   0   0   0   0   0   0   0   0   0   0   0   0   0   0   0   0   0   0   0   0   0   0   0   0   5   0   0 
Leaf 127     6    
Leaf 128    32    
Leaf 129    22    
Leaf 130    32    
Leaf 131    37    
NonL 136    --      0    0  165   1.0180 ==>   0   0   0   0   0   0   0   0   1   0   0   0   0   0   0   0   0   0   0   0   0   0   0   0   0   0   0   0   0   0   0   0   0   0   0   0   0  /   1   0   0   0   0   0   0   0   0   0   0   0   0   0   0   0   0   0   0   0   0   0   0   0   0   0   0   0   0   0   0   0   0   0   0   0   0 
Leaf 137    30    
NonL 140    --      1   15  160   0.1820 ==>   0   1   0   0   0   0   0   0   0   0   0   0   0   0   0   0   0   0   0   0   0   0   0   0   0   0   0   0   0   0   0   0   0   0   0   0   0  /   0   0   0   0   0   0   0   0   0   2   0   0   0   0   0   0   0   0   0   0   0   0   0   0   0   0   0   0   0   0   0   0   0   0   0   0   0 
Leaf 141    20    
Leaf 142    26    
NonL 143    --      0   30   31   0.3547 ==>   1   0   0   0   0   1   0   0   0   0   0   0   0   0   0   0   0   0   0   0   0   0   0   0   0   0   0   0   0   0   0   0   0   0   0   0   0  /   0   0   0   0   0   0   0   0   0   0   1   0   0   0   0   0   0   0   0   0   0   0   0   0   0   0   0   0   0   0   0   0   0   0   0   0   0 
Leaf 144    31    
Leaf 145    29    
Leaf 146    28    
Leaf 147    30    
Leaf 148    37    
Leaf 149    23    
Leaf 154    37    
Leaf 155    14    
Leaf 162    31    
Leaf 163     8    
Leaf 164    23    
Leaf 165    13    
Leaf 166    11    
Leaf 167    12    
Leaf 178    28    
Leaf 179    16    
NonL 184    --      0   36   10   0.0815 ==>   0   3   0   0   0   0   0   0   0   0   0   0   0   0   0   0   0   0   0   0   1   0   0   0   0   0   0   0   0   0   0   0   0   0   0   0   0  /   0   1   0   0   0   0   0   0   0   0   0   0   0   0   0   0   0   0   0   0   0   0   0   5   0   0   0   0   0   0   0   0   0   0   0   0   0 
Leaf 185    23    
Leaf 186    34    
Leaf 187    37    
Leaf 210    25    
Leaf 211    30    
Leaf 214    19    
Leaf 215    18    
Leaf 216    25    
Leaf 217     3    
NonL 218    --      0    0  169   1.3879 ==>   1   0   0   0   0   0   0   0   0   1   0   0   0   0   0   0   0   0   0   0   0   0   0   0   0   0   0   0   0   0   0   0   0   0   0   0   0  /   0   0   0   0   0   0   0   0   0   0   0   0   0   0   0   0   0   0   0   0   0   0   0   0   1   0   0   0   0   0   0   0   0   0   0   0   0 
Leaf 219     8    
Leaf 222    32    
NonL 223    --      0   33   17   0.6284 ==>   0   0   0   0   0   0   0   0   0   0   0   0   0   0   0   0   0   0   1   0   0   0   0   0   0   0   0   0   0   0   0   0   0   0   0   0   0  /   0   0   0   0   0   0   0   0   0   0   0   0   0   0   0   0   0   0   0   0   0   1   0   0   0   0   0   0   0   0   0   0   0   0   0   0   0 
Leaf 242    22    
Leaf 243     5    
Leaf 252     6    
Leaf 253    19    
Leaf 272    29    
Leaf 273    22    
Leaf 280    28    
Leaf 281    26    
NonL 286    --      0  126   15   0.2840 ==>   1   0   0   0   0   0   0   0   0   0   0   0   0   0   0   0   0   0   0   0   0   0   0   0   0   0   0   0   0   0   0   0   0   0   0   0   0  /   0   0   0   0   0   1   0   0   0   0   0   0   0   0   0   0   0   0   0   0   0   0   0   0   0   0   0   0   0   0   0   0   0   0   0   0   0 
Leaf 287     1    
NonL 368    --      0    0  168   0.2656 ==>   0   0   0   0   0   0   0   0   0   0   0   0   0   0   0   0   0   0   0   0   1   0   0   0   0   0   0   0   0   0   0   0   0   0   0   0   0  /   0   3   0   0   0   0   0   0   0   0   0   0   0   0   0   0   0   0   0   0   0   0   0   0   0   0   0   0   0   0   0   0   0   0   0   0   0 
NonL 369    --      0   83   11   0.5980 ==>   0   0   0   0   0   0   0   0   0   0   0   0   0   0   0   0   0   0   0   0   0   0   0   5   0   0   0   0   0   0   0   0   0   0   0   0   0  /   0   1   0   0   0   0   0   0   0   0   0   0   0   0   0   0   0   0   0   0   0   0   0   0   0   0   0   0   0   0   0   0   0   0   0   0   0 
NonL 436    --      0   37   12   0.2987 ==>   1   0   0   0   0   0   0   0   0   0   0   0   0   0   0   0   0   0   0   0   0   0   0   0   0   0   0   0   0   0   0   0   0   0   0   0   0  /   0   0   0   0   0   0   0   0   0   1   0   0   0   0   0   0   0   0   0   0   0   0   0   0   0   0   0   0   0   0   0   0   0   0   0   0   0 
Leaf 437    33    
Leaf 446     4    
Leaf 447     6    
Leaf 572    22    
Leaf 573    18    
Leaf 736    23    
Leaf 737    28    
Leaf 738    34    
Leaf 739    28    
Leaf 872    22    
Leaf 873    26    

;Shapelet id   <data>
Shapelet   1   0.406645  0.324211  0.241921  0.160406  0.077904 -0.002224 -0.083305 -0.165994 -0.248610 -0.329236 -0.407538 -0.489632 -0.571558 -0.650917 -0.724787 -0.803229 -0.880908 -0.960743 -1.039870 -1.114448 -1.187017 -1.261333 -1.327932 -1.394833 -1.444791 -1.492208 -1.526265 -1.535417 -1.525045 -1.498589 -1.453918 -1.404592 -1.345304 -1.274616 -1.207375 -1.140672 -1.072841 -0.997807 -0.919897 -0.840963 -0.765668 -0.688801 -0.610550 -0.529918 -0.450853 -0.370412 -0.288790 -0.208340 -0.126398 -0.045517  0.035581  0.117868  0.199255  0.280796  0.363305  0.444949  0.526905  0.608864  0.690915  0.773656  0.855826  0.938067  1.020374  1.102677  1.185164  1.268048  1.350938  1.433833  1.515993  1.597515  1.663945  1.680328  1.663088  1.587887  1.514423  1.432156  1.349670  1.267115  1.192221  1.109459  1.027351  0.944637  0.862642  0.779987  0.698126  0.616106  0.533843  0.452262  0.369845  0.295624  0.214030  0.131804  0.050811 -0.031219 -0.113156 -0.188265 -0.267481 -0.348983 -0.433545 -0.513133 -0.594931 -0.669550 -0.747552 -0.827532 -0.906991 -0.983160 -1.060835 -1.133250 -1.201496 -1.273863 -1.342986 -1.407303 -1.458305 -1.503882 -1.524513 -1.528157 -1.526389 -1.490040 -1.439825 -1.391313 -1.324084 -1.252793 -1.178726 -1.106399 -1.040890 -0.960345 -0.883662 -0.806008 -0.727591 -0.646202 -0.566816 -0.484872 -0.402764 -0.324439 -0.245606 -0.162929 -0.081861 -0.000623  0.080766  0.155998  0.237567  0.318179  0.399703  0.482881  0.564164  0.645643  0.727709  0.807762  0.889030  0.969674 
Shapelet   2   1.598007  1.599439  1.570529  1.550474  1.507371  1.434341  1.368986  1.305294  1.210305  1.116653  1.023976  0.925977  0.828107  0.739222  0.643051  0.556431  0.462948  0.369575  0.278426  0.185830 
Shapelet   3   1.831736  1.859705  1.831966  1.724341  1.613411  1.488697  1.363191  1.238093  1.127736  1.004347  0.888056  0.778118  0.696403  0.618902  0.523032  0.422268  0.328302  0.246234  0.153080  0.058553 -0.041162 -0.119850 -0.199121 -0.285137 -0.369728 -0.444674 -0.524946 -0.597620 -0.665253 -0.747289 -0.809293 -0.874856 -0.934625 -0.997871 -1.045577 -1.091320 -1.136101 -1.173799 -1.203933 -1.226197 -1.251475 -1.263682 -1.266071 -1.266332 -1.258204 -1.241735 -1.228187 -1.184787 -1.160971 -1.118923 -1.075127 -1.024685 -0.975947 -0.923941 -0.855649 -0.790964 -0.722548 -0.658784 -0.579219 -0.508151 -0.429164 -0.355937 -0.268252 -0.176105 -0.120518 -0.042365  0.008726  0.095771  0.185021  0.274030  0.366656  0.461702  0.553037  0.625209  0.708419  0.776610  0.877226  0.982488  1.094542  1.220147  1.345800  1.471496  1.597233  1.706404  1.812247  1.863509  1.905096  1.890908  1.841584  1.744105  1.622357  1.497069  1.370964  1.244879  1.118816  0.994548  0.873573  0.769063  0.673507  0.605495  0.527170  0.450810  0.371838  0.267126  0.197344  0.103382  0.048479 -0.040777 -0.120695 -0.203666 -0.291189 -0.374989 -0.462842 -0.539192 -0.621121 -0.690381 -0.764134 -0.822299 -0.884114 -0.925428 -0.973042 -1.044081 -1.099895 -1.157958 -1.202071 -1.237288 -1.265870 -1.294846 -1.316885 -1.341670 -1.346535 -1.342580 -1.307409 -1.289072 -1.260099 -1.234492 -1.207067 -1.164783 -1.117264 -1.063101 -1.012118 -0.931434 -0.881859 -0.806177 -0.753027 -0.681217 -0.612266 -0.567076 -0.511749 -0.460615 -0.392380 -0.324823 -0.277200 -0.203193 -0.137065 -0.071688 -0.008997  0.085509  0.173469  0.273574  0.361439  0.449251  0.546658  0.645933  0.705150  0.772901  0.861249  0.979880  1.104300  1.230189  1.357663  1.485167 
Shapelet   4   1.570529  1.550474  1.507371  1.434341  1.368986  1.305294  1.210305  1.116653  1.023976  0.925977  0.828107  0.739222  0.643051  0.556431  0.462948  0.369575  0.278426  0.185830  0.095532  0.010646 -0.080856 -0.165549 -0.243492 -0.335430 -0.426109 -0.497486 -0.566850 -0.649856 -0.732247 -0.777800 -0.842984 -0.917304 -0.987973 -1.055011 -1.096775 -1.147065 -1.198429 -1.243188 -1.281630 -1.312638 -1.335745 -1.351123 -1.376920 -1.387935 -1.376892 -1.357099 -1.329577 -1.293692 -1.257696 -1.230419 -1.174250 -1.114199 -1.072004 -1.006755 -0.948929 -0.870171 -0.790170 -0.724507 -0.642835 
Shapelet   5  -1.236253 -1.272653 -1.287547 -1.307743 -1.319298 -1.321950 -1.315598 -1.314469 -1.290510 -1.258562 -1.232028 -1.197856 -1.144727 -1.098308 -1.054198 -0.986663 -0.920558 -0.870761 -0.793374 -0.722062 -0.647880 -0.571234 -0.497556 -0.424249 -0.337979 -0.257222 -0.172817 -0.090732 -0.003837  0.084941  0.170132  0.256617  0.343379  0.426962 
Shapelet   6  -0.714655 -0.640240 -0.581885 -0.504507 -0.424920 -0.352908 -0.289087 -0.208767 -0.135969 -0.048568  0.031993  0.116337  0.199361  0.279839  0.358126  0.437559  0.481654  0.577155  0.672861  0.774367  0.888604  1.011793  1.114325  1.237777  1.363941  1.485490  1.604407  1.707524  1.780825  1.825778  1.800930  1.800304  1.796303  1.755737  1.661379  1.544747  1.423028  1.304039  1.182978  1.062608 
Shapelet   7   0.667795  0.592212  0.538120  0.469442  0.424666  0.364811  0.329080  0.259764  0.233981  0.159725  0.135254  0.073327  0.033874 -0.020274 -0.071171 -0.106356 -0.165240 -0.201080 -0.252576 -0.272925 -0.326699 -0.347580 -0.376100 -0.401841 -0.414560 -0.458525 -0.462644 -0.488613 -0.524545 -0.519214 -0.554398 -0.565368 -0.551328 -0.570374 -0.579877 -0.572459 -0.594763 -0.572091 -0.563642 -0.571999 -0.553471 -0.548858 -0.553601 -0.522902 -0.520103 -0.493295 -0.453869 -0.441614 -0.407404 -0.398982 -0.370717 -0.327985 -0.295000 -0.242351 -0.212094 -0.162663 -0.120854 -0.082950 -0.017550  0.006541  0.080314  0.117552  0.185816  0.221655  0.295038  0.343861  0.403427  0.446925  0.503161  0.563979  0.609501  0.683936  0.751921  0.851630  0.950641  1.071344  1.192487  1.314741  1.438207  1.547482  1.608998  1.647472  1.688584  1.713030  1.701950  1.655115  1.593386  1.500925  1.407862  1.298620  1.189755  1.074129  0.957494  0.842521  0.720688  0.605558  0.490617  0.368141  0.261376  0.140747  0.024919 -0.080512 -0.199288 -0.306736 -0.414885 -0.540481 -0.642546 -0.756943 -0.863218 -0.958694 -1.057980 -1.152118 -1.256046 -1.345169 -1.444422 -1.526646 -1.604088 -1.675924 -1.741208 -1.798893 -1.866076 -1.886975 -1.915199 -1.931688 -1.925523 -1.908135 -1.888152 -1.856850 -1.797011 -1.746590 -1.687909 -1.606102 -1.534717 -1.443435 -1.362692 -1.264698 -1.164384 -1.074361 -0.969980 -0.867808 -0.757220 -0.649199 -0.540274 -0.430560 -0.325822 -0.215156 -0.094633  0.032882  0.135903  0.249962  0.370284  0.483471  0.596963  0.718576  0.832032  0.947012  1.061346  1.181635  1.290598  1.393273  1.494347  1.585729  1.648002  1.686914  1.691572  1.693347  1.666789  1.623624  1.560563  1.463052  1.334532  1.209492  1.085529  0.962585 
Shapelet   8   0.897421  0.810667  0.712394  0.620118  0.532211  0.447933  0.389660  0.313874  0.236501  0.163051  0.073375 -0.015617 -0.124038 -0.211014 -0.296472 -0.380126 -0.462022 -0.541529 -0.618848 -0.719773 -0.812888 -0.889826 -0.956305 -1.020507 -1.107649 -1.161458 -1.208943 -1.250310 -1.284514 -1.311041 -1.333191 -1.376514 -1.378577 -1.407501 -1.420960 -1.401391 -1.390777 -1.362754 -1.340097 -1.282767 -1.219220 -1.174707 -1.131004 -1.072899 -1.022390 -0.950577 -0.872391 -0.800955 -0.708916 -0.632027 -0.548337 -0.455030 -0.365724 -0.271775 -0.172192 -0.082847  0.006806  0.100732  0.201112  0.297965  0.397355  0.493820  0.597465  0.694519  0.793472  0.896859  0.997497  1.099886  1.197998  1.297124  1.381085  1.461756  1.561335  1.635870  1.650852  1.682789  1.683422  1.602616  1.559475  1.556038  1.490290  1.396074  1.301945  1.209078  1.117752  1.019145  0.920326  0.824023  0.722244  0.620716  0.530432  0.436435  0.341739  0.242351  0.143391  0.058951 -0.004559 -0.101456 -0.197587 -0.292957 -0.379273 -0.462746 -0.537436 -0.593038 -0.676804 -0.745027 -0.804543 -0.883834 -0.936037 -1.006098 -1.074299 -1.130876 -1.165375 -1.217569 -1.263126 -1.302473 -1.369132 -1.393517 -1.408877 -1.415324 -1.371066 -1.327904 -1.308892 -1.280930 -1.246132 -1.203957 -1.155584 -1.070273 -1.011926 -0.949273 -0.882073 -0.835737 -0.763128 -0.685308 -0.609725 -0.544630 -0.459228 -0.371971 -0.301715 -0.193205 -0.101948 -0.013808  0.066954  0.145861  0.223480  0.290493  0.382201  0.461674  0.559127  0.658937  0.746001 
Shapelet   9  -1.229548 -1.294674 -1.354516 -1.407201 -1.450255 -1.481167 -1.497410 -1.497193 -1.480329 -1.448892 -1.418129 -1.364052 -1.292445 -1.227141 -1.166509 -1.093553 -1.018374 -0.941527 -0.863365 -0.789569 -0.709275 -0.628182 -0.546554 -0.468673 -0.385990 -0.303011 -0.220632 -0.139621 -0.055829  0.028115  0.112193 
Shapelet  10  -0.654193 -0.718212 -0.796474 -0.868114 -0.935257 -0.984263 -1.049796 -1.099442 -1.155254 -1.192821 -1.236253 -1.272653 -1.287547 -1.307743 -1.319298 -1.321950 -1.315598 -1.314469 -1.290510 -1.258562 -1.232028 -1.197856 -1.144727 -1.098308 -1.054198 -0.986663 -0.920558 -0.870761 -0.793374 -0.722062 -0.647880 -0.571234 -0.497556 -0.424249 -0.337979 -0.257222 -0.172817 -0.090732 -0.003837  0.084941  0.170132  0.256617  0.343379  0.426962  0.512381  0.596731  0.682920 
Shapelet  11  -0.894740 -0.971704 -1.041280 -1.113611 -1.168568 -1.234088 -1.287084 -1.341101 -1.387475 -1.424343 -1.439834 -1.452221 -1.451109 -1.436389 -1.409239 -1.371216 -1.324014 -1.277095 -1.216057 -1.150392 -1.081055 -1.012614 -0.939501 -0.862748 -0.787041 -0.709266 -0.628564 -0.550710 -0.471719 -0.388724 -0.307979 -0.226647 -0.144671 -0.059643  0.023241  0.096592  0.180293  0.264351  0.348729  0.433392  0.518314  0.602551  0.688834  0.773022  0.858830  0.943868  1.029781  1.104887  1.190734  1.267215  1.352794 
Shapelet  12   1.778976  1.761203  1.703084  1.610572  1.492088  1.368654  1.244761  1.120900  1.010762  0.900168  0.785766  0.678659  0.579652  0.501747  0.415444  0.332712  0.273740  0.186536  0.096384  0.008932 
Shapelet  13  -1.047345 -0.993262 -0.946615 -0.889447 -0.829310 -0.765089 -0.695983 -0.627350 -0.560377 -0.476038 -0.411235 -0.324470 -0.237712 -0.148586 -0.061320  0.030170  0.124780 
Shapelet  14   0.847104  0.750243  0.658845  0.566050  0.474134  0.388050  0.305696  0.217883  0.132597  0.061179  0.008627 -0.067205 -0.139555 -0.208142 -0.272669 -0.332829 -0.405926 -0.457427 -0.508253 -0.564676 -0.600314 -0.652073 -0.697320 -0.740903 -0.777491 -0.800815 -0.849852 -0.852696 -0.878286 -0.899748 -0.908984 -0.900802 -0.914723 -0.951225 -0.952794 -0.923070 -0.911652 -0.918030 -0.902645 -0.874963 -0.868823 -0.856245 -0.811395 -0.769579 -0.756842 -0.720995 -0.679791 -0.633646 -0.582440 -0.526915 -0.482273 -0.416690 -0.365362 -0.309114 -0.248261 -0.183112 -0.100193 -0.028260  0.047130  0.113244  0.180411  0.254868  0.333540  0.417970  0.504629  0.592260  0.685155  0.779122  0.874982  0.977137  1.080079  1.186769  1.295835  1.405694  1.516567  1.605289  1.665918  1.729063  1.776776  1.774256  1.763733  1.688270  1.591666  1.484779  1.382271  1.280346  1.185998  1.085846  0.986372  0.889499  0.783780  0.693053  0.591892  0.487729  0.394236  0.291296  0.191624  0.098615 -0.002149 -0.102165 -0.189085 -0.285983 -0.382649 -0.463178 -0.556683 -0.664807 -0.755670 -0.826976 -0.912890 -0.996230 -1.076642 -1.153717 -1.226992 -1.295857 -1.359767 -1.418092 -1.470141 -1.515199 -1.552556 -1.581553 -1.601623 -1.612343 -1.613476 -1.604993 -1.587082 -1.560121 -1.524512 -1.481031 -1.430413 -1.373376 -1.310617 -1.264921 -1.191682 
Shapelet  15   0.941136  0.858482  0.798711  0.762096  0.722408  0.702967  0.653180  0.598371  0.528504  0.447991  0.378664  0.305422  0.227059  0.151848  0.073329  0.001330 -0.074632 -0.154424 -0.231372 -0.305249 -0.375760 -0.455032 -0.518485 -0.590873 -0.673011 -0.736647 -0.790741 -0.861785 -0.913698 -0.975309 -1.031671 -1.082444 -1.127168 -1.175240 -1.217662 -1.252966 -1.269845 -1.294791 -1.311953 -1.319769 -1.319439 -1.311613 -1.304199 -1.273730 -1.249416 -1.216749 -1.170373 -1.126566 -1.064377 -1.012562 
Shapelet  16   0.267055  0.362971  0.452381  0.549112  0.649817  0.746244  0.845659  0.946333  1.045681  1.146307  1.242360  1.343994  1.441798  1.540663  1.624094  1.669585  1.685201  1.696660  1.697462  1.687431 
Shapelet  17   1.549740  1.584178  1.598686  1.614525  1.614216  1.601978  1.577435  1.548717  1.480790  1.395019  1.308249  1.219826  1.128583  1.038318  0.948474  0.854787  0.766077  0.674226  0.585039  0.491011  0.402929  0.309585  0.222830  0.130346  0.045187 -0.038818 -0.122590 -0.212948 -0.303903 
Shapelet  18   1.670645  1.618884  1.546805  1.475469  1.391209  1.305882  1.237313  1.153414  1.069690  0.984544  0.899423  0.816127  0.732890  0.657645  0.580587  0.495977  0.413459  0.328921  0.247065  0.162802  0.081586 -0.002312 -0.086058 -0.166145 -0.249341 -0.332285 -0.413426 -0.492813 -0.574454 -0.655577 -0.736085 -0.815848 -0.874166 -0.951565 -1.030400 -1.106586 -1.160450 -1.229548 -1.294674 -1.354516 -1.407201 -1.450255 -1.481167 -1.497410 -1.497193 -1.480329 -1.448892 -1.418129 -1.364052 -1.292445 -1.227141 -1.166509 -1.093553 -1.018374 -0.941527 -0.863365 -0.789569 -0.709275 -0.628182 -0.546554 -0.468673 -0.385990 -0.303011 -0.220632 -0.139621 -0.055829  0.028115  0.112193  0.193726  0.278131  0.360257  0.444909  0.529550  0.612360  0.679943  0.764928  0.848258  0.932111  1.001515  1.086709  1.170564  1.254812  1.324414  1.408625  1.491950  1.575197  1.649212  1.669973  1.653719  1.640953  1.563388  1.480280  1.397231  1.328715  1.243466  1.159678  1.074711  0.990968  0.905894  0.821558  0.737694  0.654587  0.569990  0.485246  0.418242  0.333699  0.249238  0.167566  0.083407 -0.000628 -0.081326 -0.164906 -0.244642 -0.327605 -0.410274 -0.492607 -0.569847 -0.651012 -0.731552 -0.811351 -0.888799 -0.961165 -1.036879 -1.110670 -1.181983 -1.250055 -1.291698 -1.349591 -1.400063 -1.440884 -1.469081 -1.482681 -1.480431 -1.462539 -1.430276 -1.386510 -1.333743 -1.274099 -1.209150 -1.140302 -1.068488 -1.015440 -0.939227 -0.861605 -0.782865 -0.703217 -0.627882 -0.546565 -0.481098 -0.401687 -0.318981 -0.238132 -0.156216 -0.072617  0.011155  0.092161  0.176332  0.258024  0.342495  0.424745  0.509447  0.593934  0.675352  0.760120  0.843446  0.928548  1.012163  1.097360  1.182578  1.266291  1.350571  1.435160  1.519737  1.602518 
Shapelet  19  -1.319417 -1.304390 -1.277475 -1.240532 -1.186847 -1.122638 -1.062292 -0.993203 -0.915746 -0.840118 -0.756310 -0.667531 -0.581674 -0.491514 -0.405167 -0.318292 -0.232505 -0.151723 -0.076843  0.004407  0.089776  0.174489  0.259864  0.335024  0.420512  0.509444  0.597064  0.686218  0.774987  0.864839  0.954910  1.046076  1.136409  1.229722  1.323351  1.416498  1.507096  1.583236  1.656163  1.688686  1.699316  1.699793  1.655520  1.579859  1.489511  1.397316  1.305912  1.226836  1.133969  1.044081  0.965950  0.874904  0.785434  0.697489  0.611093  0.521802  0.432734  0.344920  0.259998  0.178497  0.094183  0.019732 -0.066254 
Shapelet  20   1.656946  1.606312  1.511824  1.414148  1.313688  1.213234  1.112978  1.015081  0.920437  0.827829  0.740445  0.657837  0.585664  0.500905  0.417188  0.334582 
Shapelet  22   1.460400  1.376187  1.291783  1.207469  1.123254  1.038864  0.954795  0.870841  0.787096  0.704301  0.620603  0.538696  0.456415  0.374524  0.294559  0.215765  0.135244  0.057525 -0.022688 -0.099260 -0.177737 -0.255753 -0.332916 -0.407726 -0.484124 -0.557854 -0.630033 -0.700427 -0.775040 -0.841501 -0.912378 -0.980943 -1.038088 -1.099697 -1.156976 -1.198335 -1.243162 -1.280256 -1.308254 -1.326163 -1.332976 -1.329742 -1.315689 -1.291013 -1.263162 -1.225416 -1.175551 -1.125494 -1.068573 -1.012033 -0.943871 -0.880051 -0.807179 -0.738552 -0.662294 -0.590066 -0.519685 -0.441485 -0.365043 -0.290650 -0.210030 -0.134212 -0.056824  0.022668  0.101434  0.183034  0.262518  0.343359  0.424758  0.507448  0.589786  0.673564  0.756346  0.838977  0.923082  1.009131  1.093171  1.177936  1.262619  1.347227  1.431549  1.516258  1.601737  1.663010  1.691861  1.697564  1.652490  1.573522  1.491103  1.406230  1.319681  1.233133  1.144931  1.057603  0.971852  0.885313  0.799538  0.715531  0.630711  0.547796  0.462984  0.380630  0.296211  0.211883  0.130036  0.046028 -0.037877 -0.121547 -0.205073 -0.288392 -0.373424 -0.457549 -0.540204 -0.622484 -0.704329 -0.785644 -0.866303 -0.950883 -1.030816 -1.110951 -1.190585 -1.265596 -1.337902 -1.406530 -1.469875 -1.525716 -1.571069 -1.601755 -1.614198 -1.606728 -1.580026 -1.527324 -1.484406 -1.422579 -1.347590 -1.276871 -1.205191 -1.121369 -1.044164 -0.965579 -0.885944 -0.805464 -0.724294 -0.639679 -0.557281 -0.474485 -0.391769 -0.308759 -0.225497 -0.139636 -0.055664  0.028054  0.111925  0.195932  0.280060  0.364294  0.450822  0.535167  0.619593  0.706144  0.790652  0.875225  0.959859  1.045832  1.132978  1.217666  1.304225  1.388833  1.471302 
Shapelet  23  -0.472129 -0.552809 -0.633225 -0.711342 -0.790897 -0.869944 -0.945788 -1.023124 -1.099341 -1.170551 -1.242785 -1.312040 -1.376999 -1.441442 -1.491616 -1.528337 -1.546114 -1.535964 -1.518423 -1.471976 -1.421494 -1.363554 -1.302974 -1.232572 -1.160101 -1.087443 -1.010714 -0.935414 -0.856678 -0.779405 -0.699474 -0.619186 -0.539749 -0.459317 -0.378207 -0.296934 -0.216797 -0.135208 -0.054648  0.027172  0.101461  0.182440  0.265238  0.338072  0.419411  0.500866  0.583138  0.663361  0.745222  0.818891  0.900853  0.974773  1.056463  1.138187  1.220299  1.302375  1.385140  1.468669  1.551560  1.619492  1.673551  1.668838 
Shapelet  24   0.481654  0.577155  0.672861  0.774367  0.888604  1.011793  1.114325  1.237777  1.363941  1.485490  1.604407  1.707524  1.780825  1.825778  1.800930  1.800304  1.796303  1.755737 
Shapelet  25   1.799621  1.742701  1.686486  1.632672  1.532410  1.422586  1.311322  1.201238  1.089925  0.978576  0.872121  0.767156  0.664059  0.560875  0.453319  0.355443  0.259893  0.167044  0.063432 -0.025124 -0.110150 -0.191357 -0.268911 -0.342166 -0.416984 -0.497221 -0.557197 -0.611932 -0.699395 -0.731753 -0.798170 -0.837328 -0.890322 -0.942919 
Shapelet  26   1.499635  1.481753  1.445545  1.423775  1.398086  1.354553  1.308886  1.232129  1.138396  1.026268  0.904919  0.789511  0.675463  0.563945  0.449837  0.339072  0.229705  0.121865  0.029750 -0.073274 -0.174607 -0.256498 -0.352194 -0.445123 -0.514784 -0.598815 -0.659313 -0.726895 -0.794671 -0.849183 -0.910163 -0.965334 -1.014532 -1.057143 -1.093012 -1.133622 -1.182843 -1.192332 -1.227425 -1.255254 -1.275653 -1.273493 -1.258510 -1.255698 -1.245114 -1.226708 -1.234880 -1.201485 -1.161197 -1.119981 -1.092761 -1.059290 -0.997612 -0.942436 -0.889975 -0.831826 -0.768366 -0.724184 -0.649886 -0.571414 -0.489104 -0.417525 -0.333406 -0.240724 -0.147668 -0.051895  0.046370  0.146923  0.263768  0.367627  0.486370  0.605727  0.713339  0.829228  0.943958  1.055089  1.167914  1.263956  1.366716  1.436535  1.491052  1.531872  1.576054  1.590301  1.583199  1.574403  1.568906  1.566719  1.565268  1.505564  1.510696  1.466372  1.401953  1.301727  1.216266  1.109428  1.006357  0.911272  0.815036  0.699625  0.585224  0.471468  0.349694  0.249255  0.140043  0.032411 -0.062783 -0.162136 -0.246664 -0.344324 -0.432654 -0.511932 -0.599872 -0.658125 -0.692848 -0.787980 -0.837755 -0.902996 -0.962863 -1.023381 -1.066864 -1.105974 -1.132349 -1.185961 -1.233261 -1.273834 -1.268957 -1.264451 -1.247057 -1.256483 -1.258222 -1.252256 -1.245160 -1.217539 -1.188881 -1.153162 -1.110780 -1.062094 -1.038630 -1.007953 -0.940962 -0.897523 -0.847865 -0.827390 -0.755294 -0.690191 -0.620174 -0.542001 -0.460017 -0.394782 -0.298097 -0.242236 -0.146497 -0.050188  0.033610  0.144927  0.240516  0.327853  0.409031  0.518143  0.627299  0.737867  0.844724  0.962811  1.075353  1.190915  1.259363  1.346667  1.386700  1.428516  1.439598  1.485919  1.507234  1.502104 
Shapelet  27  -0.058214  0.041971  0.142635  0.249283  0.350573  0.448259  0.544230  0.638228  0.728197  0.819925  0.896220  0.981878  1.071679  1.165318  1.265294  1.368008  1.471175  1.563412  1.668605  1.772347  1.829146  1.828197  1.787346  1.693507  1.588220  1.482154  1.376671  1.273333  1.171383  1.075810  0.999269  0.911340 
Shapelet  29   1.605750  1.511512  1.429739  1.336785  1.243961  1.152299  1.059706  0.980097  0.889312  0.809729  0.721456  0.632731  0.544830  0.458146  0.371828  0.284315  0.198046  0.114627  0.030498 -0.046733 -0.131810 -0.209500 -0.288709 -0.364972 -0.441838 -0.513724 -0.584564 -0.648140 -0.717559 -0.773975 -0.838957 -0.889181 -0.937882 -0.990471 -1.037922 -1.063351 -1.103321 -1.138780 -1.160546 -1.174428 -1.180123 -1.189337 -1.190317 -1.183041 -1.179269 -1.155899 -1.125172 -1.098348 -1.064567 -1.024395 -0.985667 -0.935063 -0.883193 -0.828319 -0.767641 -0.705110 -0.641808 -0.571192 -0.505836 -0.430179 -0.356125 -0.283375 -0.202191 -0.125718 -0.045704  0.036721  0.117775  0.201763  0.285265  0.371349  0.456869  0.544657  0.631505  0.719536  0.807784  0.897275  0.988307  1.078743  1.169871  1.261326  1.353386  1.445908  1.538437  1.631403  1.712951  1.737548  1.752779  1.723312  1.659660  1.573261  1.483847  1.396663  1.305009  1.215400  1.126082  1.035327  0.944684  0.854317  0.764250  0.671910  0.579714  0.490451  0.398684  0.307117  0.215773  0.127929  0.037237 -0.053133 -0.143142 -0.232740 -0.317801 -0.406205 -0.493977 -0.581018 -0.663659 -0.747093 -0.830808 -0.913100 -0.987269 
Shapelet  30  -1.175240 -1.217662 -1.252966 -1.269845 -1.294791 -1.311953 -1.319769 -1.319439 -1.311613 -1.304199 -1.273730 -1.249416 -1.216749 -1.170373 -1.126566 -1.064377 -1.012562 -0.945753 -0.874761 -0.800516 -0.715611 -0.630569 -0.535105 -0.443902 -0.343875 -0.253181 -0.159233 -0.057781  0.041413 
Shapelet  31  -1.145012 -1.096800 -1.024002 -0.947043 -0.866561 -0.778682 -0.687986 -0.610118 -0.517667 -0.421525 -0.341933 -0.245249 -0.148396 -0.051400  0.045722  0.145238  0.242848  0.342010  0.441538  0.528218  0.628781  0.730613  0.816081  0.917959  1.019878  1.105346  1.202441  1.299123  1.391041  1.479636  1.557991  1.583625  1.599232  1.602708  1.601799  1.603337  1.593172  1.574003  1.530274 
Shapelet  32   1.598007  1.599439  1.570529  1.550474  1.507371  1.434341  1.368986  1.305294  1.210305  1.116653  1.023976  0.925977  0.828107  0.739222  0.643051  0.556431  0.462948  0.369575  0.278426  0.185830  0.095532  0.010646 -0.080856 -0.165549 -0.243492 -0.335430 -0.426109 -0.497486 -0.566850 -0.649856 -0.732247 -0.777800 -0.842984 -0.917304 -0.987973 -1.055011 -1.096775 -1.147065 
Shapelet  34   1.039296  1.128981  1.219292  1.306663  1.395181  1.482052  1.549740  1.584178  1.598686  1.614525 
Shapelet  35   1.464956  1.552882  1.596637  1.624583  1.669060  1.654871  1.646992  1.603851  1.548694  1.460804  1.369434  1.283946  1.198515  1.103562  1.010121  0.916484  0.823268  0.730506  0.638241  0.546525  0.455403  0.364941  0.275204  0.186510  0.098218  0.006684 -0.081521 -0.149208 -0.239400 -0.323567 -0.413109 
Shapelet  36   1.638533  1.609037  1.567256  1.527788  1.460316  1.384859  1.299661  1.212118  1.126507  1.042044  0.953224  0.864551  0.777993  0.689287  0.617791  0.529374  0.441085  0.356152  0.268279  0.184138  0.096872  0.013629 -0.068834 -0.154982 -0.240745 -0.321163 -0.402428 -0.484174 -0.567132 -0.642964 -0.723682 -0.803150 -0.873526 -0.949233 -1.022731 -1.084161 -1.151036 -1.213836 -1.271652 -1.323397 -1.367776 -1.403381 -1.428904 -1.443203 -1.445562 -1.421527 -1.400687 -1.369454 -1.341678 -1.292708 -1.236600 -1.165739 -1.101022 -1.041782 -0.969837 -0.903381 -0.826519 -0.748021 -0.668154 -0.587131 -0.510983 -0.427847 -0.344015 -0.261369 -0.193144 -0.107599 -0.025962  0.060496  0.147249  0.230523  0.317667  0.402094  0.489978  0.569609  0.648948  0.737331  0.823053  0.909700  0.997954  1.084463  1.168843  1.254112  1.339210  1.410707  1.493598  1.553368  1.598098  1.621423  1.624054  1.610956  1.597210  1.527503  1.445844  1.360709  1.276923  1.188546  1.101367  1.014430  0.927754  0.841360  0.752591  0.664476  0.578211  0.489850  0.404775  0.316810  0.231478  0.145028  0.075660 -0.011208 -0.093531 -0.175703 -0.246728 -0.326728 -0.410979 -0.494585 -0.573144 -0.653109 -0.733686 -0.812857 -0.883104 -0.958556 -1.031744 -1.102180 -1.158476 -1.211631 -1.269637 -1.321611 -1.366300 -1.402307 -1.428210 -1.442919 -1.445704 -1.436420 -1.415546 -1.370734 -1.330642 -1.294575 -1.239254 -1.178473 -1.122880 -1.053376 -0.980952 -0.906132 -0.829333 -0.750888 -0.677603 -0.601397 -0.519743 -0.436351 -0.353035 -0.272507 -0.187136 -0.101340 -0.019359  0.067304  0.150465  0.237795  0.325337  0.409760  0.497776  0.582920  0.671311  0.759817  0.848428  0.934532  1.023400  1.109949  1.194626  1.281586  1.366885  1.451012  1.518293 
Shapelet  37   1.708037  1.662689  1.595070  1.503739  1.411412  1.317503  1.225484  1.133712  1.042283  0.951192  0.860549  0.793603  0.703700  0.614277  0.529420  0.446184  0.359468  0.273048  0.188001  0.103285  0.020300 -0.069342 -0.158573 -0.239690 -0.309721 -0.375432 -0.459597 -0.544370 -0.628061 -0.699588 -0.790376 -0.827367 -0.900498 -0.958636 -1.012541 -1.077769 -1.126666 -1.164804 -1.216794 -1.262058 -1.299559 -1.328275 -1.323610 -1.375444 -1.399575 -1.391924 -1.398872 -1.350727 -1.288336 -1.260163 -1.209687 -1.150497 -1.103016 -1.020622 -0.961301 -0.885984 -0.808339 -0.728739 -0.657009 -0.584473 -0.522724 -0.437088 -0.359590 -0.280295 -0.203366 -0.131042 -0.048319  0.029367  0.119323  0.188951  0.274034  0.362050  0.453294  0.542215  0.626852  0.715476  0.803001  0.893578  0.984538  1.075850  1.169082  1.260842  1.354693  1.445574  1.538080  1.630813  1.722795  1.755605  1.755325  1.739702  1.679434  1.588920  1.496864  1.405073  1.311870  1.219877  1.126875  1.035947  0.945389  0.854340  0.764533  0.675200  0.583451  0.494977  0.410535  0.319942  0.231909  0.142084  0.056966 -0.027142 -0.096900 -0.177170 -0.266223 -0.346416 -0.427789 -0.511239 -0.596681 -0.681078 -0.752723 -0.833729 -0.891333 -0.956950 -1.031122 -1.102171 -1.169438 -1.232120 -1.276667 -1.319156 -1.360596 -1.392921 -1.414983 -1.425884 -1.425144 -1.412797 -1.389382 -1.368948 -1.333740 -1.282382 -1.224493 -1.161184 -1.093400 -1.021925 -0.947400 -0.883338 -0.803428 -0.728363 -0.649439 -0.564629 -0.488164 -0.401074 -0.340040 -0.255021 -0.173228 -0.087148  0.000377  0.078449  0.153601  0.245063  0.333890  0.418751  0.494019  0.571921  0.662698  0.753949  0.843645  0.933783  1.002287  1.094433  1.185428  1.276753  1.369411  1.437732  1.530672  1.621412 
Shapelet  38  -0.380945 -0.471573 -0.557725 -0.650328 -0.737413 -0.821820 -0.905165 -0.970586 -1.050047 -1.115710 -1.178739 -1.228947 -1.266150 -1.295699 -1.292545 -1.288172 -1.280887 -1.270009 -1.278594 -1.295355 -1.295331 -1.312393 -1.319417 -1.304390 -1.277475 -1.240532 -1.186847 -1.122638 -1.062292 -0.993203 -0.915746 -0.840118 -0.756310 
Shapelet  40  -1.319298 -1.321950 -1.315598 -1.314469 -1.290510 -1.258562 -1.232028 -1.197856 -1.144727 -1.098308 -1.054198 -0.986663 -0.920558 -0.870761 -0.793374 -0.722062 -0.647880 -0.571234 -0.497556 
Shapelet  41   1.073679  0.982723  0.899507  0.809312  0.726722  0.636525  0.555766  0.473876  0.385653  0.305472  0.218286  0.139220  0.053670 -0.031721 -0.115318 -0.199116 -0.276122 -0.358366 -0.436766 -0.517541 -0.594830 -0.671282 -0.746763 -0.816652 -0.890433 -0.957739 -1.030766 -1.090805 -1.151072 -1.204814 -1.254829 -1.292603 -1.326315 -1.350626 -1.368327 -1.375450 -1.382867 -1.365455 -1.351948 -1.321098 -1.288154 -1.240520 -1.192326 -1.143074 -1.084315 -1.024833 -0.956930 -0.890099 -0.816134 -0.741438 -0.675561 -0.595621 -0.519026 -0.440213 -0.358111 -0.278171 -0.192912 -0.110602 -0.034187  0.049670  0.127356  0.214670  0.300837  0.388106  0.475352  0.556895  0.644754  0.734139  0.823781  0.914072  1.004778  1.095814  1.187150  1.279026  1.371100  1.462579  1.554568  1.644246  1.716883  1.751583  1.749526  1.697656  1.613489  1.530076  1.438457  1.346398  1.254851  1.162826  1.071218  0.979964  0.896857  0.806278  0.716007  0.626734  0.537855  0.456074  0.367832  0.280617  0.201244  0.114436  0.034638 -0.049456 -0.134457 -0.212267 -0.295115 -0.377728 -0.457356 -0.538140 -0.610492 -0.688249 -0.757303 -0.833608 -0.898926 -0.961798 -1.031518 -1.090212 -1.154246 -1.211486 -1.262713 -1.306826 -1.345080 -1.376275 -1.392477 -1.405087 -1.406315 -1.396105 -1.374911 -1.350591 -1.309948 -1.267796 -1.212410 -1.158718 -1.096448 -1.033954 -0.971063 -0.901529 -0.827094 -0.754086 -0.675417 -0.597653 -0.526575 -0.446371 -0.364772 -0.282292 -0.200791 -0.116172 -0.031176  0.053493  0.139715  0.225983  0.312428  0.400106  0.487090  0.576631  0.665648  0.755324  0.844577  0.927784  1.018096  1.109270  1.201114  1.293041  1.384962  1.476898  1.568265  1.657948 
Shapelet  44   1.697275  1.747131  1.715331  1.628200  1.541246  1.453908  1.366925  1.279876  1.192919  1.107066  1.020863  0.941780  0.858446  0.772911  0.696744  0.611716  0.537183  0.451467  0.365950  0.282269  0.196234  0.122727  0.038367 -0.045092 -0.129230 -0.210288 -0.294603 -0.374131 -0.445457 -0.528953 -0.608633 -0.677606 -0.754892 -0.821378 -0.900131 -0.972360 -1.047456 -1.114221 -1.179000 -1.241969 -1.287574 -1.341537 -1.387843 -1.415046 -1.439995 -1.452276 -1.451027 -1.436202 -1.408958 -1.370854 -1.323569 -1.268925 -1.215513 -1.149807 -1.080445 -1.013775 -0.938848 -0.863542 
Shapelet  46  -1.363554 -1.302974 -1.232572 -1.160101 -1.087443 -1.010714 -0.935414 -0.856678 -0.779405 -0.699474 -0.619186 
Shapelet  47  -1.257262 -1.316953 -1.370238 -1.415273 -1.449892 -1.471926 -1.479692 -1.472528 -1.437383 -1.404079 
Shapelet  52   0.515277  0.413789  0.315766  0.214674  0.118478  0.022175 -0.070869 -0.161103 -0.249735 -0.333081 -0.410866 -0.490281 -0.583914 -0.637888 -0.709314 
Shapelet  53  -1.258302 -1.258017 -1.234735 -1.219498 -1.201671 -1.158831 -1.137687 -1.086600 -1.047345 -0.993262 
Shapelet  54  -0.646406 -0.719884 -0.798325 -0.853185 -0.901676 -0.946135 -0.990581 -1.031513 -1.051028 -1.082978 -1.110121 -1.139323 -1.161306 -1.183587 -1.199682 -1.216139 -1.224868 -1.225730 -1.218709 -1.203920 -1.181593 -1.168744 -1.132025 -1.112329 -1.093870 -1.068927 -1.022523 -0.983870 -0.951348 -0.899518 -0.851229 -0.790297 -0.722834 -0.657304 -0.591659 -0.510673 -0.428949 -0.348287 -0.250204 -0.157864 -0.058214  0.041971  0.142635 
Shapelet  55   0.128180  0.041192 -0.041813 -0.133209 -0.216560 -0.309412 -0.392113 -0.470968 -0.545742 -0.596879 -0.670617 -0.711261 -0.773428 -0.831684 -0.887122 -0.931675 -0.987650 -1.043264 -1.064123 -1.111077 -1.152029 -1.186261 -1.213567 -1.234072 -1.213503 -1.213307 -1.211792 -1.202980 -1.225782 -1.202324 -1.207326 -1.172186 -1.164845 -1.113852 -1.091876 -1.028570 -0.993567 -0.941094 -0.883227 -0.820283 -0.760354 -0.696115 -0.628723 -0.571745 -0.508822 -0.417731 -0.345098 -0.287582 -0.201688 -0.098815 -0.008189  0.088677  0.198356  0.298304  0.401134  0.506749  0.615019  0.735712  0.847601  0.961663  1.069845  1.188235  1.302366  1.418163  1.535898  1.631367  1.637267  1.671846  1.633115  1.619884  1.598443  1.570583  1.566240  1.555215  1.539297  1.487369  1.421160  1.314105  1.203669  1.093525  0.985559  0.879956  0.773837  0.661816  0.554599  0.451551  0.358006  0.257216  0.157449  0.059376 -0.034346 -0.125966 -0.214606 -0.306995 -0.372009 -0.457480 -0.531306 -0.599827 -0.663569 -0.729515 -0.805934 -0.854179 -0.903286 -0.965643 -0.995471 -1.054049 -1.106911 -1.153994 -1.194636 -1.228438 -1.216611 -1.236171 -1.248198 -1.253122 -1.250694 -1.240505 -1.223286 -1.236047 -1.205619 -1.167029 -1.158731 -1.106847 -1.049130 -1.020457 -0.974635 -0.922096 -0.864194 -0.830478 -0.760935 -0.714516 -0.640933 -0.576633 -0.488798 -0.401850 -0.324865 -0.244059 -0.162314 -0.078762  0.011634  0.092234  0.189166  0.290955  0.395629  0.514418  0.610286  0.715889  0.839430  0.963570  1.080802  1.199875  1.273775 
Shapelet  60   1.501182  1.387790  1.271790  1.156623  1.045350  0.941136  0.858482  0.798711  0.762096  0.722408  0.702967  0.653180  0.598371  0.528504  0.447991  0.378664  0.305422  0.227059  0.151848  0.073329  0.001330 -0.074632 -0.154424 -0.231372 -0.305249 -0.375760 -0.455032 -0.518485 -0.590873 -0.673011 -0.736647 -0.790741 -0.861785 -0.913698 -0.975309 
Shapelet  61   1.129604  1.026871  0.919276  0.804796  0.689623  0.585379  0.471243  0.357537  0.256301  0.143971  0.032259 -0.065081 -0.160314 -0.267982 -0.359951 -0.448409 -0.528763 -0.615657 -0.678405 -0.757215 -0.832200 -0.878647 -0.917292 -0.975345 -1.033492 -1.074184 -1.134132 -1.143961 -1.163315 -1.207141 -1.210667 -1.239745 -1.257135 -1.240835 -1.246392 -1.232176 -1.200062 -1.182537 -1.191117 -1.158645 -1.121218 -1.105014 -1.082852 -1.061397 -1.017222 -0.993482 -0.935794 -0.872918 -0.828733 -0.777124 -0.698445 -0.635878 -0.567672 -0.477077 -0.384022 -0.301387 -0.205663 -0.096727  0.001252  0.101128  0.214193  0.327765  0.419224  0.512828  0.627838  0.743177  0.855838  0.965711  1.075306  1.152552  1.256437  1.361934  1.464501  1.512885  1.522645  1.539009  1.563431  1.556480  1.552576  1.551769  1.554243  1.559769  1.533910  1.513973  1.469478  1.380643  1.277744  1.178346  1.066882  0.952900  0.844890  0.728695  0.612769  0.497126  0.391957  0.277338  0.174348  0.060997 -0.051325 -0.151151 -0.240984 -0.324309 -0.419783 -0.478607 -0.573838 -0.643082 -0.706794 -0.785981 -0.838293 -0.859352 -0.898865 -0.948677 -0.993991 -1.028099 -1.064409 -1.068444 -1.092787 -1.109932 -1.114698 -1.141271 -1.148983 -1.138638 -1.143038 -1.174410 -1.163835 -1.147653 -1.160678 -1.164354 -1.134891 -1.113145 -1.084377 -1.048280 -1.034267 -1.011699 -0.954375 -0.891809 -0.843377 -0.774956 -0.718565 -0.647979 -0.569840 -0.482182 -0.394311 -0.309492 -0.212168 -0.114663 -0.024587  0.082852  0.194742  0.298190  0.406515  0.517079  0.632434  0.740753  0.850456  0.953657  1.038503  1.150073  1.255530  1.355184  1.421796  1.469393  1.517870  1.534033 
Shapelet  63   1.734913  1.738078  1.674438  1.653234  1.636210  1.555977  1.480557  1.412522  1.282005  1.123569  1.040352  0.960327  0.813970  0.678183  0.548188  0.398812  0.252876  0.128995  0.016216 -0.051373 -0.103800 -0.160625 -0.256881 -0.344488 -0.424351 -0.494864 -0.557011 -0.609202 -0.705529 -0.770011 -0.832912 -0.873740 -0.919796 -0.941825 -0.970299 -1.015301 -1.043671 -1.106191 -1.161099 -1.136179 -1.173784 -1.202394 -1.222692 -1.233774 -1.236366 -1.229700 -1.214534 -1.190253 -1.157630 -1.116206 -1.124397 -1.078401 -1.012178 -0.959026 -0.923514 -0.919192 -0.866471 -0.824329 -0.760744 -0.731136 -0.691767 -0.586343 -0.529581 -0.463530 -0.388699 -0.353740 -0.260153 -0.158655 -0.081374  0.016416  0.085735  0.202839  0.319262  0.460358  0.592231  0.720091  0.851109  0.996717  1.161720  1.319278  1.434698  1.573269  1.647514  1.728096  1.764407  1.748969  1.739328  1.662751  1.664514  1.671855  1.685091  1.691146  1.601898  1.520526  1.448621  1.371785  1.208339  1.053428  0.908351  0.748487  0.604019  0.475864  0.348570  0.234797  0.118460  0.061796 -0.064039 -0.141700 -0.223964 -0.308016 -0.400330 -0.484843 -0.530228 -0.578848 -0.637981 -0.688294 -0.763298 -0.819860 -0.841334 -0.858268 -0.919364 -0.978338 -0.960816 -1.002246 -1.003833 -0.987470 -0.916077 -0.931375 -1.034214 -1.133690 -1.152032 -1.160014 -1.090872 -1.085864 -1.139632 -1.115202 -1.081364 -1.040021 -0.989625 -1.001552 -0.968917 -0.928679 -0.878824 -0.822710 -0.820628 -0.748297 -0.697676 -0.637807 -0.599235 -0.552014 -0.494493 -0.428736 -0.376173 -0.318688 -0.245191 -0.167650 -0.098046 -0.015175 
Shapelet  64   1.591851  1.592562  1.570625  1.551394  1.526598  1.475367  1.410452  1.346219  1.252395  1.159919  1.058392  0.955648  0.859072  0.763218  0.668148  0.574255  0.499690  0.412361  0.321044  0.236141  0.163620  0.078016  0.000750 -0.082107 -0.162928 -0.254076 -0.330818 -0.408103 -0.480566 -0.565324 -0.631144 -0.692851 -0.770712 -0.827465 -0.898461 -0.965768 -1.028917 -1.065810 -1.118171 -1.164732 -1.204918 -1.238170 -1.263979 -1.295680 -1.316918 -1.318302 -1.311118 -1.320355 -1.319540 -1.287816 -1.250508 -1.227533 -1.190481 -1.150622 -1.084769 -1.024452 -0.969086 -0.897139 -0.831362 -0.779504 -0.708721 -0.620704 -0.543502 -0.472831 -0.388976 -0.303075 -0.219421 -0.130513 -0.043262  0.049399  0.137903  0.226330  0.322421  0.424772  0.522679  0.625998  0.729448  0.833017  0.936695  1.038260  1.140159  1.237770  1.334883  1.430751  1.527843  1.599681  1.622081  1.667955  1.668242  1.671122  1.665851  1.646627  1.630112  1.549369  1.457482  1.360024  1.265556  1.167794  1.089013  0.981080  0.878115  0.775301  0.672652  0.570185  0.467917  0.365868  0.270853  0.183013  0.091115  0.000521 -0.088576 -0.176057 -0.261748 -0.337932 -0.419913 -0.512145 -0.595478 -0.664665 -0.751104 -0.819856 -0.886157 -0.944967 -1.017070 -1.068740 -1.133473 -1.193313 -1.225458 -1.272748 -1.299797 -1.321760 -1.346106 -1.362010 -1.345937 -1.343336 -1.334852 -1.317757 -1.292440 -1.259363 -1.219077 -1.172187 -1.140745 -1.081683 -1.017828 -0.949733 -0.895932 -0.820041 -0.742141 -0.695503 -0.614925 -0.554661 -0.466114 -0.376104 -0.313483 -0.233830 -0.155236 -0.070260  0.017740  0.105152  0.194090  0.284417  0.375981  0.463498  0.558072  0.650756  0.746661  0.846672  0.932391  1.022699  1.121804  1.220070 
Shapelet  65   0.618989  0.527142  0.435547  0.344889  0.257789  0.172506  0.084941 -0.001511 -0.086704 -0.170515 -0.234502 -0.315280 -0.394152 -0.481106 -0.538937 -0.615947 -0.693397 -0.773094 -0.837403 -0.911434 -0.982443 -1.043037 -1.096814 -1.154320 -1.206408 -1.246446 -1.271938 -1.302350 -1.324423 -1.357835 -1.361915 -1.359167 -1.361781 -1.337899 -1.305249 -1.265115 -1.235036 -1.180862 -1.136824 -1.071675 -1.016503 -0.956342 -0.879264 -0.811522 -0.740316 -0.655683 -0.597084 -0.518761 -0.438308 -0.355935 -0.272705 -0.201666 -0.118450 -0.033480  0.052879  0.126645  0.214274  0.304543  0.394150  0.486499  0.581526  0.675275  0.770913  0.869427  0.968020  1.066683  1.165413  1.264138  1.358987  1.451897  1.544988  1.617867  1.674611  1.691448  1.690553  1.676340  1.650637  1.592857  1.500078  1.426229  1.330315  1.233901  1.134970  1.036093  0.937270  0.838513  0.742813  0.647891  0.552801  0.460500  0.369009  0.277067  0.188920  0.099217  0.007420 -0.078839 -0.163544 -0.247404 -0.335569 -0.422746 -0.483220 -0.568194 -0.641766 -0.722035 -0.801601 -0.876362 -0.938602 -1.005264 -1.073283 -1.130202 -1.189779 -1.234025 -1.257655 -1.302534 -1.321086 -1.349724 -1.369851 -1.360154 -1.361361 -1.352803 -1.321395 -1.302612 -1.266155 -1.228731 -1.193936 -1.140440 -1.081596 -1.018105 -0.950509 -0.893225 -0.818395 -0.741013 -0.673113 -0.590956 -0.517687 -0.441927 -0.361781 -0.293003 -0.211902 -0.127673 -0.044898  0.042445  0.127472  0.217306  0.303201  0.390364  0.479160  0.572859  0.662934  0.757910  0.853275  0.950951  1.045096  1.142810  1.237797  1.331065  1.416608  1.479976  1.539446 
Shapelet  68   1.430068  1.327286  1.294586  1.275458  1.202489  1.113827  1.049918  0.952756  0.851434  0.747690  0.654076  0.577648  0.493594  0.386516  0.282449  0.180305  0.101241  0.006737 -0.105952 -0.207077 -0.307517 -0.392250 -0.475008 -0.554734 -0.640184 -0.722632 -0.792092 -0.879436 -0.940701 -1.021567 -1.072538 -1.144809 -1.183023 -1.244122 -1.266970 -1.314092 -1.346250 -1.349917 -1.365849 -1.348752 -1.352716 -1.347084 -1.333013 -1.289493 -1.244022 -1.205567 -1.160837 -1.109056 -1.071494 -1.011185 -0.945964 -0.876177 -0.802913 -0.726135 -0.646580 -0.587387 -0.519379 -0.435464 -0.345501 -0.258497 -0.179360 -0.101771 -0.016243  0.076323  0.165696  0.246433  0.339661  0.435225  0.526671  0.618670  0.717048  0.806735  0.907186  1.007574  1.104829  1.203673  1.299483  1.396556  1.489724  1.556184  1.598863  1.615710  1.656479  1.680486  1.680453  1.657399  1.652043  1.636073  1.588015  1.494892  1.403825  1.301247  1.198240  1.103263  1.001402  0.908862  0.808590  0.718670  0.620560  0.528547  0.426006  0.328614  0.246389  0.148037  0.060372 -0.030669 -0.116685 -0.208270 -0.289665 -0.378566 -0.454280 -0.543468 -0.616153 -0.695781 -0.798611 -0.853360 -0.928904 -0.973086 -1.039529 -1.101721 -1.173455 -1.241623 -1.286304 -1.356231 -1.353458 -1.374658 -1.386254 -1.358345 -1.368702 -1.430395 -1.411209 -1.376051 -1.365607 -1.313760 -1.261157 -1.219822 -1.176254 -1.100038 -1.020360 -0.950527 -0.874754 -0.814763 -0.748927 -0.653626 -0.557194 -0.474662 -0.375494 -0.294225 -0.210638 -0.113113 -0.007247  0.091141  0.209997  0.312782  0.410426  0.462527  0.573969  0.606993  0.670561  0.775228  0.851081  0.896471  0.973498  1.033209  1.054730  1.004004  1.062883  1.162775  1.267977  1.330695  1.320800  1.357315 
Shapelet  70   1.628385  1.604252  1.571998  1.498192  1.411517  1.362055  1.267207  1.170951  1.083557  1.005998 
Shapelet  71  -0.194054 -0.271226 -0.351961 -0.436327 -0.514824 -0.599067 -0.676078 -0.752127 -0.824249 -0.888410 -0.957877 -1.018529 -1.076111 -1.117704 -1.152753 -1.195859 -1.227101 -1.253760 -1.267292 -1.289369 -1.303711 -1.310045 -1.308199 -1.298293 -1.280502 -1.255118 -1.222490 -1.183097 
Shapelet  72  -1.282498 -1.339880 -1.370003 -1.406502 -1.447093 -1.447918 -1.450917 -1.441437 -1.437653 -1.395079 
Shapelet  73  -0.385990 -0.303011 -0.220632 -0.139621 -0.055829  0.028115  0.112193  0.193726  0.278131  0.360257  0.444909  0.529550  0.612360 
Shapelet  74   1.614102  1.622873  1.609676  1.580784  1.535120  1.460397  1.380956  1.311356  1.225700  1.142200  1.057980  0.975946  0.892391  0.817041  0.737286  0.655407  0.568223  0.481094  0.405954  0.325542  0.245681  0.162832  0.080322 -0.004400 -0.095321 -0.165335 -0.243360 -0.323879 -0.408361 -0.494112 -0.581074 -0.659291 -0.741802 -0.812020 -0.892236 -0.964746 -1.048623 -1.109181 -1.173003 -1.250645 -1.313578 -1.361793 -1.411625 -1.454355 -1.479778 -1.470560 -1.469612 -1.447160 -1.426111 -1.383001 -1.340773 -1.291236 -1.220750 -1.155760 -1.081251 -1.009897 -0.932997 -0.855981 -0.782455 -0.711577 -0.631982 -0.548484 -0.467510 -0.385823 -0.302471 -0.218428 -0.135333 -0.049812  0.034508  0.117943  0.201885  0.286861  0.371678  0.445265  0.530042  0.614734  0.700336  0.786072  0.860448  0.946410  1.032474  1.118761  1.205475  1.291741  1.378015  1.463685  1.537947  1.618770  1.649160  1.652525  1.646504  1.590083  1.516329  1.435539  1.362451  1.274725  1.188689  1.112352  1.026368  0.940443  0.854581  0.770734  0.685081  0.601639  0.516244  0.432079  0.348214  0.263756  0.192371  0.107870  0.023579 -0.060475 -0.141304 -0.224386 -0.307337 -0.389862 -0.471892 -0.553335 -0.638446 -0.712258 -0.787961 -0.865384 -0.941295 -1.015359 -1.088906 -1.170141 -1.229049 -1.298668 -1.354587 -1.387168 -1.416687 -1.451290 -1.463714 -1.469808 -1.467633 -1.439368 -1.399954 -1.367221 -1.309733 -1.233248 -1.167701 -1.105136 -1.047187 -0.978967 -0.896626 -0.821296 -0.743566 -0.662980 -0.596378 -0.518920 -0.428071 -0.341729 -0.261832 -0.180673 -0.105423 -0.015479  0.074467  0.156716 
Shapelet  77  -0.896218 -0.981444 -0.995390 -1.035793 -1.106690 -1.169289 -1.218134 -1.261946 -1.314212 -1.360909 -1.427109 -1.411080 -1.375395 -1.382144 -1.386986 -1.421449 -1.357609 -1.291356 -1.237913 -1.177953 -1.129144 -1.058442 
Shapelet  81   1.010925  1.104567  1.198705  1.293123  1.381525  1.477652  1.572712  1.639083  1.685559  1.720898  1.722701  1.699705  1.609123  1.515863  1.422238  1.324119  1.257617  1.159653  1.066179  0.972004  0.878985  0.788503  0.695425  0.603739 
Shapelet  82  -1.217423 -1.261342 -1.298210 -1.327242 -1.326931 -1.337533 -1.338891 -1.351162 -1.333295 -1.306696 -1.271972 -1.229630 
Shapelet  83   1.732779  1.714030  1.670029  1.584842  1.495893  1.412084  1.330686  1.247129  1.165096  1.081378  0.996611  0.912928  0.833797  0.748849  0.663619  0.578588  0.492419  0.408694  0.324226  0.243745  0.160039  0.076989 -0.007345 -0.087411 -0.165131 -0.242208 -0.324818 -0.404701 -0.483236 -0.560808 -0.633656 -0.705282 -0.780915 -0.854367 -0.925258 -0.997850 -1.060329 -1.123853 -1.180003 -1.235225 -1.280280 -1.335417 -1.363889 -1.395796 -1.410602 -1.422211 -1.412459 -1.404946 -1.377096 -1.339919 -1.305446 -1.252398 -1.202970 -1.143463 -1.084591 -1.022170 -0.952707 -0.878214 -0.809486 -0.733615 -0.653112 -0.575173 -0.494177 -0.416221 -0.329633 -0.243875 -0.157398 -0.070289  0.017375  0.106884  0.195392  0.285458  0.375819  0.465256  0.556005  0.645946  0.736552  0.821586  0.905411  0.996108  1.087604  1.178674  1.269225  1.359497  1.450570  1.541377  1.624064  1.711515  1.750909  1.716303  1.665312  1.574329  1.489980  1.398813  1.321102  1.229882  1.145703  1.057929  0.971362  0.879935  0.796466  0.706044  0.615693  0.526562  0.436983  0.346447  0.257322  0.169882  0.081631 -0.007197 -0.093350 -0.175080 -0.261378 -0.346937 -0.433361 -0.510672 -0.593253 -0.669545 -0.745313 -0.823108 -0.898765 -0.968305 -1.041983 -1.103186 -1.160633 -1.218355 -1.266794 -1.311838 -1.345486 -1.375803 -1.394082 -1.400191 -1.403820 -1.388815 -1.370995 -1.334869 -1.303759 -1.249107 -1.189112 -1.135983 -1.074443 -1.009553 -0.944023 -0.867465 -0.797150 -0.728715 -0.654825 -0.581796 -0.503273 -0.426700 -0.345418 -0.266667 -0.185644 -0.106852 -0.023946  0.057224  0.133038  0.218221  0.300712  0.382824  0.469653  0.553202  0.635757  0.720799  0.798365  0.883210  0.966896  1.044399  1.127840  1.208839  1.291045  1.375042  1.458769 
Shapelet  89   1.695125  1.677925  1.625795  1.543305  1.459824  1.376331  1.292981  1.209386  1.125620  1.042521  0.959546  0.875547  0.792765  0.710140  0.639598  0.555835  0.473650  0.390031  0.308185  0.224753  0.143320  0.060131 -0.020787 -0.103654 -0.183921 -0.266354 -0.348578 -0.427613 -0.509143 -0.586907 -0.667434 -0.743433 -0.822465 -0.900654 -0.961796 -1.037330 -1.111080 -1.175827 -1.243562 -1.307171 -1.365118 -1.415550 -1.455860 -1.483343 -1.495361 -1.478843 -1.458501 -1.434838 -1.388573 -1.333674 -1.272385 -1.206318 -1.136729 -1.064444 -0.995508 -0.919174 -0.841650 -0.763152 -0.687809 -0.607660 -0.527019 -0.445953 -0.367559 -0.285690 -0.203706 -0.123791 -0.041365  0.039338  0.122321  0.204161  0.286678  0.370025  0.451711  0.535254  0.617289  0.699527  0.782982  0.865810  0.948469  1.031513  1.114211  1.198266  1.281369  1.354319  1.435130  1.517977  1.600688  1.671530  1.695150  1.683811  1.626473  1.544102  1.461223  1.377030  1.293598  1.209428  1.126672  1.042970  0.958889  0.876991  0.793013  0.709250  0.627740  0.543934  0.461211  0.377983  0.307905  0.224405  0.142830  0.059559 -0.021525 -0.104493 -0.187326 -0.267511 -0.349877 -0.432015 -0.510867 -0.592239 -0.673218 -0.752004 -0.829567 -0.908412 -0.981463 -1.057643 -1.132202 -1.204522 -1.266700 -1.331244 -1.390224 -1.435159 -1.471138 -1.497396 -1.507735 -1.500709 -1.477360 -1.439930 -1.391520 -1.334812 -1.272020 -1.204747 -1.134146 -1.061050 -0.986037 -0.909547 -0.836338 -0.757442 -0.677817 -0.597608 -0.516904 -0.435797 -0.354339 -0.275441 -0.193302 -0.110962 -0.030842  0.051935  0.134845  0.215808  0.297092  0.380448  0.463875  0.545700  0.627749  0.711210  0.793786  0.876295  0.947378  1.029829  1.112766 
Shapelet  92   1.056463  1.138187  1.220299  1.302375  1.385140  1.468669  1.551560  1.619492  1.673551  1.668838 
Shapelet  93   1.642001  1.562530  1.480234  1.397951  1.315414  1.232988  1.150707  1.068534  0.986455  0.904437  0.821954  0.740028  0.658180  0.585129  0.502751 
Shapelet 105  -1.116880 -1.158369 -1.186898 -1.177589 -1.225066 -1.251671 -1.285374 -1.297257 -1.301520 -1.298061 -1.286898 -1.268239 -1.247614 -1.222808 -1.201103 -1.162885 -1.115660 -1.082429 -1.030324 
Shapelet 107  -1.110441 -1.159641 -1.202983 -1.239480 -1.254838 -1.255135 -1.269466 -1.276522 -1.276161 -1.267670 -1.252018 -1.260093 -1.234186 -1.201513 -1.186574 -1.135431 -1.080593 -1.047908 -1.010209 -0.959294 -0.911991 
Shapelet 108  -1.220469 -1.227020 -1.226008 -1.217538 -1.201674 -1.204147 -1.198979 -1.161183 -1.149566 -1.123453 
Shapelet 109  -1.343270 -1.333171 -1.319103 -1.326741 -1.291544 -1.285951 -1.235173 -1.206792 -1.173641 -1.106911 
Shapelet 111   1.624974  1.601363  1.601922  1.562262  1.518521  1.477749  1.431322  1.339506  1.244469  1.145400  1.040901  0.940748  0.838921  0.735085  0.638673  0.570564  0.468156  0.373725  0.288147  0.195759  0.104628  0.021089 -0.065315 -0.147433 -0.231387 -0.312374 -0.392539 -0.469309 -0.552807 -0.621927 -0.687295 -0.763716 -0.825519 -0.899385 -0.951132 -0.996505 -1.050231 -1.105377 -1.155014 -1.198593 -1.235569 -1.265390 -1.287384 -1.301411 -1.324808 -1.333150 -1.322170 -1.302954 -1.303054 -1.267951 -1.250987 -1.201224 -1.160701 -1.119236 -1.062985 -1.012153 -0.955699 -0.876290 -0.810701 -0.741449 -0.663139 -0.585406 -0.512975 -0.431074 -0.346796 -0.260907 -0.172058 -0.089658 -0.005206  0.089746  0.185752  0.277886  0.380530  0.451340  0.550278  0.650535  0.754630  0.859808  0.965088  1.065803  1.171388  1.276667  1.374893  1.471536  1.569981  1.639894  1.685406  1.710959  1.703976  1.681299  1.660996  1.615667  1.551836  1.456655  1.362934  1.261551  1.159286  1.054123  0.954539  0.849757  0.745108  0.640603  0.539642  0.441518  0.351641  0.255674  0.160700  0.076159 -0.015817 -0.106402 -0.190351 -0.275873 -0.359270 -0.451502 -0.531126 -0.585559 -0.662317 -0.746568 -0.813998 -0.877148 -0.942600 -0.990374 -1.040224 -1.106743 -1.168512 -1.200346 -1.224433 -1.254523 -1.275205 -1.302590 -1.293911 -1.304896 -1.307387 -1.301567 -1.287542 -1.265558 -1.226229 -1.172827 -1.133194 -1.106423 -1.051261 -1.008353 -0.948735 -0.879326 -0.826679 -0.749800 -0.672700 -0.628432 -0.560695 -0.486010 -0.415586 -0.338558 -0.258921 -0.180417 -0.094652 -0.007134  0.071555  0.162773  0.246154  0.336444  0.430873  0.531559  0.628500  0.726604  0.830637  0.934842 
Shapelet 121   1.118528  1.064810  0.968333  0.868155  0.767506  0.652607  0.559240  0.458981  0.354922  0.254340  0.158824  0.079709 -0.020929 -0.099930 -0.201085 -0.268239 -0.368788 -0.467131 -0.563044 -0.641082 -0.683226 -0.742544 -0.794422 -0.850580 -0.921445 -0.987607 -1.048684 -1.104285 -1.153581 -1.196578 -1.232916 -1.243127 -1.225160 -1.268444 -1.305964 -1.305246 -1.340210 -1.339878 -1.315760 -1.284244 -1.245329 -1.199569 -1.147522 -1.104984 -1.077466 -1.029942 -1.006203 -0.946525 -0.891328 -0.814026 -0.754876 -0.662572 -0.563136 -0.498493 -0.428370 -0.353134 -0.263282 -0.149678 -0.034965  0.065565  0.156144  0.250135  0.347286  0.465374  0.568400  0.673797  0.795174  0.892050  0.968511  1.078362  1.190104  1.303605  1.412365  1.520258  1.584189  1.582618  1.573099  1.567024  1.564331  1.564946  1.568870  1.553538  1.527054  1.508942  1.462320  1.378208  1.266473  1.165242  1.056929  0.948953  0.841244  0.721274  0.613488  0.498584  0.400139  0.292530  0.187839  0.097294  0.010388 -0.072601 -0.179884 -0.258449 -0.366321 -0.466639 -0.540393 -0.628510 -0.683145 -0.752300 -0.816841 -0.883120 -0.929350 -0.992332 -1.063338 -1.129370 -1.186760 -1.189045 -1.235849 -1.276020 -1.309191 -1.307825 -1.293868 -1.304059 -1.306570 -1.301370 -1.288513 -1.268130 -1.240257 -1.205023 -1.163089 -1.129392 -1.114094 -1.052948 -0.986578 -0.915387 -0.839765 -0.760080 -0.713956 -0.672367 -0.583332 -0.487823 -0.395883 -0.335152 -0.258172 -0.165074 -0.076092  0.017230  0.116415  0.209956  0.296691  0.408755 
Shapelet 126   0.632207  0.514676  0.403442  0.304370  0.197406  0.094902 -0.012836 -0.108200 -0.195523 -0.278974 -0.361649 -0.461170 -0.532985 -0.599581 -0.660544 -0.715454 -0.763897 -0.837188 -0.887241 -0.962119 -0.991126 -1.009862 -1.020084 -1.055123 -1.139304 -1.211032 -1.275262 -1.307173 -1.288030 -1.243692 -1.190898 -1.193063 -1.236701 -1.220901 -1.197661 -1.167242 -1.129967 -1.086204 -1.036351 -1.019923 -0.967307 -0.945387 -0.919554 -0.885824 -0.834414 -0.759332 -0.690878 -0.614169 -0.551414 -0.483213 -0.409968 -0.332070 -0.225853 -0.144291 -0.078751  0.027116  0.125163  0.230179  0.325290  0.433485  0.538178  0.651277  0.768631  0.886239  1.004085  1.119491  1.224484  1.331129  1.434891  1.503909  1.548555  1.554150  1.592594  1.596499  1.592375  1.591303  1.593332  1.598457  1.606670  1.589977  1.511194  1.409063  1.302696  1.195251  1.089429  0.972244  0.869028  0.763925  0.652557  0.546934  0.440665  0.334291  0.220074  0.122865  0.034200 -0.051062 -0.134483 -0.236867 -0.319446 -0.412087 -0.479208 -0.540984 -0.597030 -0.646966 -0.690422 -0.765422 -0.844051 -0.918531 -0.979831 -0.992741 -0.997149 -0.993004 -1.009825 -1.047668 -1.119371 -1.204269 -1.180667 -1.187393 -1.190417 -1.199765 -1.234927 -1.218262 -1.220091 -1.246466 -1.229106 -1.220395 -1.178285 -1.162581 -1.097967 -1.031115 -0.991086 -0.921270 -0.876957 -0.808159 -0.714028 -0.617562 -0.543299 -0.474486 -0.400673 -0.320757 -0.215321 -0.125161 
Shapelet 136   1.614162  1.573894  1.556774  1.520706  1.460234  1.406336  1.316358  1.227460  1.136912  1.045200  0.957260  0.861957  0.771270  0.681140  0.586555  0.497384  0.408924  0.315343  0.247981  0.155152  0.062672 -0.020800 -0.106388 -0.196903 -0.278548 -0.358570 -0.446148 -0.532699 -0.607827 -0.691435 -0.757934 -0.829013 -0.918774 -0.988475 -1.050745 -1.118189 -1.174793 -1.222382 -1.274069 -1.318960 -1.356491 -1.385645 -1.394363 -1.415704 -1.415846 -1.405773 -1.386150 -1.355105 -1.319349 -1.285254 -1.235082 -1.162336 -1.117780 -1.052093 -0.982645 -0.910029 -0.847263 -0.768823 -0.699341 -0.613719 -0.529268 -0.447487 -0.364089 -0.282341 -0.193688 -0.107253 -0.021939  0.061704  0.153333  0.238804  0.331439  0.427084  0.502013  0.585554  0.676925  0.764229  0.857120  0.947998  1.039296  1.128981  1.219292  1.306663  1.395181  1.482052  1.549740  1.584178  1.598686  1.614525  1.614216  1.601978  1.577435  1.548717  1.480790  1.395019  1.308249  1.219826  1.128583  1.038318  0.948474  0.854787  0.766077  0.674226  0.585039  0.491011  0.402929  0.309585  0.222830  0.130346  0.045187 -0.038818 -0.122590 -0.212948 -0.303903 -0.380117 -0.466025 -0.535147 -0.607834 -0.679427 -0.760057 -0.838767 -0.915106 -0.974797 -1.044682 -1.110700 -1.161055 -1.211909 -1.261824 -1.291486 -1.321443 -1.351405 -1.368224 -1.373830 -1.365543 -1.345457 -1.347963 -1.320836 -1.285653 -1.261189 -1.193557 -1.138464 -1.081247 -1.028673 -0.959604 -0.890250 -0.817717 -0.734721 -0.671282 -0.613549 -0.539817 -0.445190 -0.359206 -0.281094 -0.201534 -0.112209 -0.022350  0.053950  0.125655  0.217566  0.309876  0.396336  0.489499  0.577279  0.671138  0.760018  0.854442 
Shapelet 140   0.556973  0.465956  0.375536  0.285738  0.197132  0.109329  0.022370 -0.062985 -0.147234 -0.230309 -0.311194 -0.395503 -0.482978 -0.541232 -0.612677 -0.678576 -0.758776 -0.836859 -0.892453 -0.964021 -1.032267 -1.096756 -1.139447 -1.185335 -1.233213 -1.274000 -1.307667 -1.333678 -1.350496 -1.358615 -1.357922 -1.347411 -1.328299 -1.301048 -1.284162 -1.249211 -1.199359 -1.143341 -1.082470 -1.017357 -0.962476 -0.895648 -0.819565 -0.753083 -0.701731 -0.618985 -0.534511 -0.463338 -0.389391 -0.300066 -0.209896 -0.130761 -0.046298  0.033115  0.127037  0.221401  0.296701  0.365198  0.453445  0.542445  0.638973  0.729546  0.818533  0.912381  1.005165  1.096665  1.187723  1.282573  1.376499  1.470080  1.562424  1.644847  1.690467  1.717557  1.718346  1.720154  1.654940  1.562707  1.471866  1.379163  1.285765  1.191781  1.096963  1.005550  0.913390  0.815778  0.724652  0.634687  0.544924  0.456484  0.369101  0.273860  0.216644  0.122818  0.038699 -0.043308 -0.134742 -0.214458 -0.304579 -0.393096 -0.467728 -0.538790 -0.622251 -0.688656 -0.768653 -0.846531 -0.921700 -0.993947 -1.061584 -1.104344 -1.163478 -1.215986 -1.238505 -1.278592 -1.311578 -1.336023 -1.351971 -1.359271 -1.356854 -1.357098 -1.354494 -1.324972 -1.287689 -1.243487 -1.210709 -1.159900 -1.097496 -1.030558 -0.968041 -0.905782 -0.828293 -0.755363 -0.683291 -0.610227 -0.527919 -0.440294 -0.361144 -0.279293 -0.195952 -0.121678 -0.042350  0.025308  0.120027  0.211631  0.294179  0.384927  0.467793  0.540762  0.637995  0.729316  0.820980  0.914172  1.007591  1.101598  1.197192  1.291211  1.386480  1.480563  1.574650  1.635431 
Shapelet 143  -0.663603 -0.742366 -0.821461 -0.898700 -0.960383 -1.031942 -1.100249 -1.164628 -1.203187 -1.265887 -1.300042 -1.355786 -1.387846 -1.387918 -1.401026 -1.419087 -1.406473 -1.382888 -1.369313 -1.325876 -1.286996 -1.233983 -1.170216 -1.102175 -1.043938 -0.968653 -0.891099 -0.815383 -0.740828 -0.667291 -0.591436 
Shapelet 184  -1.099341 -1.170551 -1.242785 -1.312040 -1.376999 -1.441442 -1.491616 -1.528337 -1.546114 -1.535964 
Shapelet 218   1.515464  1.504117  1.482610  1.449944  1.446187  1.401660  1.361903  1.311246  1.249221  1.164617  1.071426  0.979839  0.876900  0.795145  0.718260  0.629151  0.537763  0.435139  0.333024  0.239795  0.147056  0.065026 -0.033212 -0.113294 -0.201829 -0.279471 -0.371721 -0.462286 -0.516805 -0.580653 -0.657209 -0.719019 -0.797238 -0.871909 -0.943137 -1.010603 -1.072965 -1.130560 -1.146139 -1.190424 -1.256191 -1.299093 -1.322427 -1.338047 -1.345317 -1.343270 -1.333171 -1.319103 -1.326741 -1.291544 -1.285951 -1.235173 -1.206792 -1.173641 -1.106911 -1.035985 -0.989883 -0.924546 -0.853464 -0.796530 -0.724221 -0.650901 -0.557663 -0.472300 -0.381690 -0.299050 -0.198180 -0.111082 -0.012990  0.081212  0.173137  0.266792  0.365448  0.468430  0.571655  0.644408  0.740094  0.847462  0.949129  1.054295  1.152976  1.257547  1.359540  1.442843  1.523376  1.626653  1.707989  1.723292  1.761130  1.760892  1.728295  1.711408  1.609913  1.511452  1.409723  1.308656  1.208736  1.113128  1.040544  0.940181  0.841830  0.740664  0.637523  0.534444  0.435803  0.341899  0.249782  0.155144  0.056705 -0.025074 -0.103876 -0.198393 -0.296716 -0.379545 -0.449047 -0.532452 -0.610325 -0.696227 -0.759482 -0.842451 -0.922535 -0.984517 -1.041058 -1.075572 -1.136872 -1.162473 -1.203032 -1.253902 -1.310493 -1.302234 -1.301909 -1.298954 -1.304460 -1.301689 -1.291101 -1.311526 -1.283688 -1.248727 -1.168710 -1.120869 -1.067524 -1.008216 -0.966322 -0.938715 -0.874667 -0.814597 -0.706012 -0.622611 -0.555200 -0.475999 -0.426157 -0.347218 -0.255696 -0.178330 -0.081508  0.013899  0.089700  0.150530  0.229469  0.331641  0.422425  0.510766  0.608651  0.707970  0.802255  0.880052  0.955851  1.050634  1.142524 
Shapelet 223  -0.996103 -1.043588 -1.102827 -1.148678 -1.186290 -1.227836 -1.243281 -1.270866 -1.291131 -1.303878 -1.308943 -1.306260 -1.295865 -1.277891 -1.252565 -1.237890 -1.199818 
Shapelet 286  -1.248796 -1.303064 -1.350307 -1.389079 -1.418183 -1.429883 -1.420985 -1.415738 -1.399098 -1.371794 -1.334890 -1.289614 -1.254710 -1.195194 -1.130736 
Shapelet 368   1.711415  1.709225  1.647695  1.564570  1.481767  1.399146  1.317008  1.235289  1.153455  1.071665  0.989996  0.909688  0.827877  0.745497  0.663427  0.582193  0.500683  0.419282  0.337992  0.255921  0.174859  0.093961  0.012130 -0.068457 -0.150069 -0.230254 -0.310281 -0.392000 -0.472129 -0.552809 -0.633225 -0.711342 -0.790897 -0.869944 -0.945788 -1.023124 -1.099341 -1.170551 -1.242785 -1.312040 -1.376999 -1.441442 -1.491616 -1.528337 -1.546114 -1.535964 -1.518423 -1.471976 -1.421494 -1.363554 -1.302974 -1.232572 -1.160101 -1.087443 -1.010714 -0.935414 -0.856678 -0.779405 -0.699474 -0.619186 -0.539749 -0.459317 -0.378207 -0.296934 -0.216797 -0.135208 -0.054648  0.027172  0.101461  0.182440  0.265238  0.338072  0.419411  0.500866  0.583138  0.663361  0.745222  0.818891  0.900853  0.974773  1.056463  1.138187  1.220299  1.302375  1.385140  1.468669  1.551560  1.619492  1.673551  1.668838  1.620961  1.550244  1.473358  1.390785  1.308217  1.226026  1.143591  1.061492  0.978825  0.902894  0.829038  0.747608  0.665699  0.584478  0.502773  0.421898  0.340579  0.259598  0.178801  0.097882  0.016780 -0.064551 -0.145127 -0.225324 -0.306647 -0.386320 -0.467233 -0.546196 -0.626517 -0.704485 -0.783919 -0.860457 -0.938468 -1.015625 -1.088440 -1.160595 -1.230526 -1.298983 -1.363071 -1.420854 -1.469414 -1.505025 -1.517712 -1.521604 -1.500143 -1.462017 -1.411651 -1.352645 -1.290285 -1.222586 -1.150193 -1.075765 -1.002683 -0.925359 -0.849368 -0.770553 -0.691041 -0.612990 -0.533425 -0.453598 -0.373022 -0.292939 -0.212899 -0.131366 -0.050888  0.029809  0.111121  0.191758  0.272968  0.353727  0.435042  0.516662  0.597819  0.679442  0.761013  0.842997  0.924514  1.005840 
Shapelet 369   1.388867  1.472072  1.555400  1.638096  1.671453  1.661999  1.625704  1.542500  1.459005  1.379488  1.301444 
Shapelet 436  -1.130560 -1.146139 -1.190424 -1.256191 -1.299093 -1.322427 -1.338047 -1.345317 -1.343270 -1.333171 -1.319103 -1.326741 


; cmd = ShapeletResearch/Execs/FastShapelet UCRArchive_2018//Adiac/Adiac_TRAIN.tsv 37 390 177 10 1 10 10 0 1 10 UCRArchive_2018//Adiac/tree.txt UCRArchive_2018//Adiac/time.txt
; time =>  126.100   5.712  16.299   1.570 101.573 
