;Shapelet Tree 

;random seed:1551068557, rand()=892363869, rand()=360910909
;command = ShapeletResearch/Execs/FastShapelet UCRArchive_2018//DodgerLoopGame/DodgerLoopGame_TRAIN.tsv 2 20 289 10 1 10 10 0 1 10 UCRArchive_2018//DodgerLoopGame/tree.txt UCRArchive_2018//DodgerLoopGame/time.txt 

;Local Class:   0  1 
;Real  Class:   1  2 

;Node ID class   obj  pos  len  dist_th 
TreeSize: 4 
NonL  1    --      7    0  280  100000000000000000000.0000 ==>   0  10  /  10   0 
Leaf  2     2    

;Shapelet id   <data>
Shapelet   1   9.000000  5.000000  1.000000  4.000000  2.000000  6.000000  7.000000  2.000000  7.000000  3.000000 10.000000  4.000000  2.000000  4.000000  3.000000  8.000000  5.000000  7.000000  4.000000  1.000000  5.000000  1.000000  2.000000  5.000000  1.000000  9.000000  6.000000  5.000000  6.000000  3.000000  2.000000  2.000000  2.000000  3.000000  5.000000  2.000000  4.000000  1.000000  1.000000  3.000000  1.000000  2.000000  3.000000  0.000000  2.000000  3.000000  4.000000  3.000000  1.000000  2.000000  3.000000  1.000000  2.000000  0.000000  3.000000  4.000000  9.000000  4.000000 11.000000  4.000000  1.000000  4.000000  6.000000  6.000000  8.000000 10.000000 12.000000 13.000000 10.000000  7.000000 12.000000  8.000000 13.000000  9.000000 12.000000 22.000000 14.000000 16.000000 23.000000 24.000000 37.000000 28.000000 27.000000 21.000000 36.000000 35.000000 36.000000 45.000000 37.000000 32.000000 36.000000 31.000000 46.000000 21.000000 38.000000 39.000000 30.000000 38.000000 34.000000 47.000000 40.000000 39.000000 35.000000 38.000000 39.000000 38.000000 32.000000 42.000000 43.000000 40.000000 28.000000 34.000000 33.000000 47.000000 32.000000 32.000000 29.000000 37.000000 30.000000 26.000000 40.000000 40.000000 37.000000 35.000000 34.000000 42.000000 30.000000 41.000000 22.000000 31.000000 25.000000 37.000000 29.000000 30.000000 22.000000 28.000000 18.000000 21.000000 25.000000 32.000000 13.000000       nan       nan 32.000000 29.000000 30.000000 35.000000 28.000000 26.000000 26.000000 33.000000 32.000000 31.000000 31.000000 28.000000 37.000000 34.000000 29.000000 32.000000 27.000000 24.000000 38.000000 21.000000 24.000000 42.000000 38.000000 29.000000 33.000000 40.000000 38.000000 35.000000 42.000000 36.000000 29.000000 40.000000 36.000000 29.000000 43.000000 38.000000 32.000000 31.000000 26.000000 45.000000 48.000000 35.000000 43.000000 50.000000 42.000000 35.000000 48.000000 33.000000 50.000000 40.000000 33.000000 38.000000 42.000000 38.000000 42.000000 37.000000 32.000000 35.000000 41.000000 38.000000 27.000000 37.000000 41.000000 48.000000 32.000000 32.000000 32.000000 37.000000 39.000000 34.000000 36.000000 35.000000 30.000000 38.000000 24.000000 28.000000 37.000000 32.000000 30.000000 31.000000 45.000000 45.000000 46.000000 32.000000 38.000000 45.000000 48.000000 42.000000 35.000000 40.000000 37.000000 42.000000 36.000000 41.000000 35.000000 29.000000 27.000000 25.000000 30.000000 34.000000 17.000000 23.000000 30.000000 21.000000 27.000000 23.000000 28.000000 25.000000 17.000000 23.000000 25.000000 30.000000 33.000000 21.000000 19.000000 26.000000 18.000000 19.000000 19.000000 24.000000 22.000000 25.000000 20.000000 19.000000 26.000000 23.000000 15.000000 14.000000 18.000000 14.000000 12.000000 18.000000 12.000000 14.000000  7.000000 13.000000 12.000000 


; cmd = ShapeletResearch/Execs/FastShapelet UCRArchive_2018//DodgerLoopGame/DodgerLoopGame_TRAIN.tsv 2 20 289 10 1 10 10 0 1 10 UCRArchive_2018//DodgerLoopGame/tree.txt UCRArchive_2018//DodgerLoopGame/time.txt
; time =>    5.526   0.218   1.441   0.116   3.595 
