;Shapelet Tree 

;random seed:1551069984, rand()=1134607614, rand()=1282276271
;command = ShapeletResearch/Execs/FastShapelet UCRArchive_2018//PhalangesOutlinesCorrect/PhalangesOutlinesCorrect_TRAIN.tsv 2 1800 81 10 1 10 10 0 1 10 UCRArchive_2018//PhalangesOutlinesCorrect/tree.txt UCRArchive_2018//PhalangesOutlinesCorrect/time.txt 

;Local Class:   0  1 
;Real  Class:   1  0 

;Node ID class   obj  pos  len  dist_th 
TreeSize: 30 
NonL  1    --      0   25   16   0.6438 ==> 1116 441  /  56 187 
NonL  2    --    747   33   30   1.7310 ==> 983 267  / 133 174 
NonL  3    --      0   17   57   2.2218 ==>  27   9  /  29 178 
NonL  4    --     27   43   34   1.0295 ==>  13  57  / 970 210 
NonL  5    --     17   34   26   0.6561 ==>  22  86  / 111  88 
NonL  6    --     10   28   28   1.5726 ==>  20   0  /   7   9 
NonL  7    --      0   26   38   1.8333 ==>  28  83  /   1  95 
NonL  8    --      2    9   70   1.5411 ==>   1  42  /  12  15 
NonL  9    --    370   29   35   1.5438 ==>   8  26  / 962 184 
NonL 10    --      0   39   17   0.4848 ==>  22  56  /   0  30 
NonL 11    --      5   21   51   3.6158 ==> 111  73  /   0  15 
Leaf 12     1    
NonL 13    --      4   16   14   0.6782 ==>   7   2  /   0   7 
NonL 14    --     95   20   50   0.3862 ==>   8   0  /  20  83 
Leaf 15     0    
Leaf 16     0    
Leaf 17     0    
Leaf 18     0    
Leaf 19     1    
Leaf 20     0    
Leaf 21     0    
Leaf 22     1    
Leaf 23     0    
Leaf 26     1    
Leaf 27     0    
Leaf 28     1    
Leaf 29     0    

;Shapelet id   <data>
Shapelet   1  -0.663248 -0.693428 -0.468921 -0.159659  0.205186  0.433633  0.792358  1.154436  1.481556  1.433183  1.309612  1.232485  1.286977  1.311289  1.298714  1.242462 
Shapelet   2   1.409948  1.501174  1.368004  1.271011  1.388452  1.294866  1.301419  1.497766  1.534729  1.222252  0.903090  0.648048  0.329568  0.028442 -0.247178 -0.504683 -0.685406 -0.653739 -0.443735 -0.259499 -0.201984 -0.321994 -0.481457 -0.644826 -0.856142 -1.018410 -1.170952 -1.305878 -1.490190 -1.509080 
Shapelet   3   0.232996  0.197124  0.168111 -0.051612 -0.393699 -0.771901 -0.869865 -0.780762 -0.868469 -0.624468 -0.293913  0.034517  0.420428  0.695323  0.806702  1.192248  1.531422  1.434428  1.432547  1.394065  1.548660  1.565412  1.706714  1.691115  1.479830  1.220533  0.810283  0.605067  0.661576  0.306742 -0.062537 -0.449236 -0.722918 -0.241653 -0.307752 -0.535972 -0.806558 -0.909075 -1.150831 -1.472281 -1.574264 -1.549761 -1.476408 -1.200117 -0.820883 -0.550114 -0.323958  0.022135  0.096731 -0.001476 -0.185994 -0.490328 -0.727471 -1.008497 -1.280540 -1.514089 -1.675099 
Shapelet   4   1.237126  0.862890  0.607588  0.222867 -0.080083 -0.344443 -0.490924 -0.974292 -0.923666 -0.852566 -0.884641 -0.976649 -1.051286 -1.189316 -1.204535 -1.180128 -1.172950 -1.075333 -1.067987 -0.942775 -0.881787 -0.802932 -0.965234 -1.006243 -0.944077 -1.057986 -1.159766 -1.154194 -1.200875 -1.209728 -1.178738 -1.181145 -1.143498 -1.137505 
Shapelet   5   1.180952  1.125863  1.045805  1.082323  1.230657  1.263508  1.333345  1.328585  1.294018  1.126097  0.851900  0.579732  0.326681  0.068637 -0.211023 -0.369501 -0.972711 -0.954046 -1.027480 -1.058442 -1.118237 -1.169136 -1.205638 -1.211077 -1.178679 -1.130417 
Shapelet   6  -0.416178 -0.145624  0.195347  0.567184  0.877290  0.879071  1.207577  1.482502  1.382839  1.219934  1.422499  1.536678  1.425089  1.420718  1.595926  1.488654  1.132789  0.745736  0.274776 -0.083732 -0.452223 -0.644805  0.019169 -0.107528 -0.275829 -0.538343 -0.788932 -1.116845 
Shapelet   7   0.041833  0.286828  0.643792  0.985496  1.354351  1.713395  1.832449  1.734600  1.467806  1.180749  1.075517  1.187586  1.385068  1.458591  1.664793  1.821946  1.729596  1.474693  1.118125  0.678423  0.330228 -0.062556 -0.384393 -0.644549 -0.416349 -0.429677 -0.628001 -0.767616 -1.061114 -1.240413 -1.368361 -1.456395 -1.445808 -1.329741 -1.145041 -0.884985 -0.683441 -0.404261 
Shapelet   8   0.862413  1.049918  1.266500  1.341960  1.372182  1.512731  1.419583  1.374727  1.227561  1.110171  0.858341  0.631133  0.437011  0.109912  0.161003 -0.144782 -0.417991 -0.505667 -0.661741 -0.503313 -0.247219  0.068046  0.397754  0.772064  1.111889  1.427091  1.567767  1.451078  1.413157  1.366901  1.359457  1.419074  1.541872  1.607088  1.474047  1.136512  0.784535  0.445474  0.127027 -0.156871 -0.381088 -0.676566 -0.697435 -0.775885 -0.914080 -1.050131 -1.181709 -1.239863 -1.160038 -1.111250 -1.170046 -1.129924 -1.093791 -1.120590 -0.993892 -1.011822 -1.037298 -1.067609 -1.198436 -1.115678 -1.034778 -1.029211 -1.166808 -1.228906 -1.186462 -1.102890 -1.105422 -1.113509 -0.962627 -0.820869 
Shapelet   9   0.524924  0.803379  1.124210  1.440470  1.565884  1.513693  1.422295  1.464099  1.382308  1.362314  1.462801  1.567442  1.482794  1.215868  0.904982  0.596900  0.292999 -0.004333 -0.290396 -0.546520 -0.708468 -0.699847 -0.552856 -0.395141 -0.204528 -0.167293 -0.359983 -0.574122 -0.751882 -0.964514 -1.175796 -1.405127 -1.555335 -1.408440 -1.226585 
Shapelet  10   1.263508  1.333345  1.328585  1.294018  1.126097  0.851900  0.579732  0.326681  0.068637 -0.211023 -0.369501 -0.972711 -0.954046 -1.027480 -1.058442 -1.118237 -1.169136 
Shapelet  11  -0.618873 -0.759602 -0.750323 -0.580010 -0.360008 -0.094553  0.211648  0.542122  0.930218  1.179872  1.092597  1.104095  1.098447  1.051986  0.917443  0.981655  1.207977  1.399605  1.680457  1.916394  1.926077  1.541409  1.161314  0.788951  0.385390  0.035754 -0.290013 -0.577320 -0.769082  0.074483 -0.059993 -0.247317 -0.486616 -0.875116 -1.189789 -1.538027 -1.748353 -1.720550 -1.447511 -1.255547 -0.880024 -0.538995 -0.295056  0.023382  0.069104 -0.068196 -0.327061 -0.660762 -1.059280 -1.281232 -1.579761 
Shapelet  13   0.861111  0.664052  0.504273  0.157696 -0.182306 -0.514132 -0.648657 -0.572175 -0.730511 -0.506756 -0.180062  0.130037  0.446470  0.784628 
Shapelet  14  -0.161492 -0.378262 -0.535579 -0.527253 -0.431219 -0.189406  0.061808  0.328611  0.557982  0.797669  1.047670  1.282146  1.479510  1.587975  1.561922  1.437187  1.303307  1.250031  1.320959  1.504074  1.553095  1.369024  1.115088  0.879336  0.649327  0.410385  0.171336 -0.080207 -0.304878 -0.499169 -1.054531 -1.054531 -1.054531 -1.054531 -1.054531 -1.054531 -1.054531 -1.054531 -1.054531 -1.054531 -1.054531 -1.054531 -1.054531 -1.054531 -1.054531 -1.054531 -1.054531 -1.054531 -1.054531 -1.054531 


; cmd = ShapeletResearch/Execs/FastShapelet UCRArchive_2018//PhalangesOutlinesCorrect/PhalangesOutlinesCorrect_TRAIN.tsv 2 1800 81 10 1 10 10 0 1 10 UCRArchive_2018//PhalangesOutlinesCorrect/tree.txt UCRArchive_2018//PhalangesOutlinesCorrect/time.txt
; time =>   67.948   4.118  25.538   4.550  30.870 
