;Shapelet Tree 

;random seed:1551072989, rand()=127393764, rand()=1769628185
;command = ShapeletResearch/Execs/FastShapelet UCRArchive_2018//GestureMidAirD3/GestureMidAirD3_TRAIN.tsv 26 208 361 10 1 10 10 0 1 10 UCRArchive_2018//GestureMidAirD3/tree.txt UCRArchive_2018//GestureMidAirD3/time.txt 

;Local Class:   0  1  2  3  4  5  6  7  8  9 10 11 12 13 14 15 16 17 18 19 20 21 22 23 24 25 
;Real  Class:   2 24 20 26 18 19  7 15  1 11  8  6 22  5 10  9 17 14 25 23 21 12  4 16 13  3 

;Node ID class   obj  pos  len  dist_th 
TreeSize: 378 
NonL  1    --    194    4  122  17.7821 ==>   1   0   0   8   0   8   0   8   8   8   8   0   8   8   0   0   8   8   8   8   0   8   1   8   8   2  /   7   8   8   0   8   0   8   0   0   0   0   8   0   0   8   8   0   0   0   0   8   0   7   0   0   6 
NonL  2    --     25   42  181  50000000000000000000.0000 ==>   0   0   0   8   0   8   0   0   0   0   2   0   8   0   0   0   8   0   0   8   0   0   0   0   0   0  /   1   0   0   0   0   0   0   8   8   8   6   0   0   8   0   0   0   8   8   0   0   8   1   8   8   2 
NonL  3    --      5    8  108   8.0146 ==>   0   0   8   0   0   0   8   0   0   0   0   8   0   0   0   0   0   0   0   0   8   0   0   0   0   0  /   7   8   0   0   8   0   0   0   0   0   0   0   0   0   8   8   0   0   0   0   0   0   7   0   0   6 
NonL  4    --     16    0  241  50000000000000000000.0000 ==>   0   0   0   0   0   8   0   0   0   0   0   0   8   0   0   0   0   0   0   0   0   0   0   0   0   0  /   0   0   0   8   0   0   0   0   0   0   2   0   0   0   0   0   8   0   0   8   0   0   0   0   0   0 
NonL  5    --      0   18   39   0.3870 ==>   0   0   0   0   0   0   0   3   7   7   0   0   0   0   0   0   0   8   0   0   0   8   0   8   6   0  /   1   0   0   0   0   0   0   5   1   1   6   0   0   8   0   0   0   0   8   0   0   0   1   0   2   2 
NonL  6    --     24    2   93   3.0332 ==>   0   0   8   0   0   0   2   0   0   0   0   0   0   0   0   0   0   0   0   0   1   0   0   0   0   0  /   0   0   0   0   0   0   6   0   0   0   0   8   0   0   0   0   0   0   0   0   7   0   0   0   0   0 
NonL  7    --      0   34   91  50000000000000000000.0000 ==>   7   0   0   0   0   0   0   0   0   0   0   0   0   0   8   0   0   0   0   0   0   0   1   0   0   0  /   0   8   0   0   8   0   0   0   0   0   0   0   0   0   0   8   0   0   0   0   0   0   6   0   0   6 
NonL  8    --      4   13  301  50000000000000000000.0000 ==>   0   0   0   0   0   8   0   0   0   0   0   0   0   0   0   0   0   0   0   0   0   0   0   0   0   0  /   0   0   0   0   0   0   0   0   0   0   0   0   8   0   0   0   0   0   0   0   0   0   0   0   0   0 
NonL  9    --      2    5  216  20.6175 ==>   0   0   0   1   0   0   0   0   0   0   2   0   0   0   0   0   8   0   0   8   0   0   0   0   0   0  /   0   0   0   7   0   0   0   0   0   0   0   0   0   0   0   0   0   0   0   0   0   0   0   0   0   0 
NonL 10    --      3   29   90   2.3984 ==>   0   0   0   0   0   0   0   0   1   7   0   0   0   0   0   0   0   8   0   0   0   8   0   0   6   0  /   0   0   0   0   0   0   0   3   6   0   0   0   0   0   0   0   0   0   0   0   0   0   0   8   0   0 
NonL 11    --      6    0  128   8.7268 ==>   0   0   0   0   0   0   0   5   0   0   5   0   0   8   0   0   0   0   0   0   0   0   0   0   0   2  /   1   0   0   0   0   0   0   0   1   1   1   0   0   0   0   0   0   0   8   0   0   0   1   0   2   0 
NonL 12    --      1   19   28   0.9770 ==>   0   0   0   0   0   0   2   0   0   0   0   0   0   0   0   0   0   0   0   0   1   0   0   0   0   0  /   0   0   8   0   0   0   0   0   0   0   0   0   0   0   0   0   0   0   0   0   0   0   0   0   0   0 
NonL 13    --      0   43   13   0.2777 ==>   0   0   0   0   0   0   6   0   0   0   0   0   0   0   0   0   0   0   0   0   0   0   0   0   0   0  /   0   0   0   0   0   0   0   0   0   0   0   8   0   0   0   0   0   0   0   0   7   0   0   0   0   0 
NonL 14    --      0   32  121  50000000000000000000.0000 ==>   7   0   0   0   0   0   0   0   0   0   0   0   0   0   0   0   0   0   0   0   0   0   1   0   0   0  /   0   0   0   0   0   0   0   0   0   0   0   0   0   0   8   0   0   0   0   0   0   0   0   0   0   0 
NonL 15    --      0    7   33   3.1606 ==>   0   8   0   0   0   0   0   0   0   0   0   0   0   0   0   4   0   0   0   0   0   0   6   0   0   6  /   0   0   0   0   8   0   0   0   0   0   0   0   0   0   0   4   0   0   0   0   0   0   0   0   0   0 
Leaf 16    19    
Leaf 17    22    
NonL 18    --      1  151   42   0.9379 ==>   0   0   0   0   0   0   0   0   0   0   0   0   0   0   0   0   1   0   0   8   0   0   0   0   0   0  /   0   0   0   1   0   0   0   0   0   0   2   0   0   0   0   0   7   0   0   0   0   0   0   0   0   0 
Leaf 19    26    
NonL 20    --      6   12   38   1.8021 ==>   0   0   0   0   0   0   0   0   1   0   0   0   0   0   0   0   0   4   0   0   0   8   0   0   2   0  /   0   0   0   0   0   0   0   0   0   7   0   0   0   0   0   0   0   4   0   0   0   0   0   0   4   0 
NonL 21    --      9   62   60   4.3586 ==>   0   0   0   0   0   0   0   3   0   0   0   0   0   0   0   0   0   0   0   0   0   0   0   8   0   0  /   0   0   0   0   0   0   0   0   6   0   0   0   0   0   0   0   0   0   0   0   0   0   0   0   0   0 
NonL 22    --      0  107   23   0.6254 ==>   0   0   0   0   0   0   0   0   0   0   5   0   0   8   0   0   0   0   0   0   0   0   0   0   0   2  /   0   0   0   0   0   0   0   5   0   0   0   0   0   0   0   0   0   0   0   0   0   0   0   0   0   0 
NonL 23    --      4    8   55   3.2557 ==>   0   0   0   0   0   0   0   0   0   1   0   0   0   0   0   0   0   0   8   0   0   0   0   0   0   0  /   1   0   0   0   0   0   0   0   1   0   1   0   0   0   0   0   0   0   0   0   0   0   1   0   2   0 
NonL 24    --      0    0  113  50000000000000000000.0000 ==>   0   0   0   0   0   0   2   0   0   0   0   0   0   0   0   0   0   0   0   0   0   0   0   0   0   0  /   0   0   0   0   0   0   0   0   0   0   0   0   0   0   0   0   0   0   0   0   1   0   0   0   0   0 
Leaf 25    20    
Leaf 26     7    
NonL 27    --      0   22   77   1.7622 ==>   0   0   0   0   0   0   0   0   0   0   0   7   0   0   0   0   0   0   0   0   0   0   0   0   0   0  /   0   0   0   0   0   0   0   0   0   0   0   1   0   0   0   0   0   0   0   0   7   0   0   0   0   0 
NonL 28    --      4   14  149   2.3331 ==>   0   0   0   0   0   0   0   0   0   0   0   0   0   0   0   0   0   0   0   0   0   0   1   0   0   0  /   7   0   0   0   0   0   0   0   0   0   0   0   0   0   0   0   0   0   0   0   0   0   0   0   0   0 
Leaf 29    10    
NonL 30    --      0   61   22   0.7405 ==>   0   7   0   0   0   0   0   0   0   0   0   0   0   0   0   1   0   0   0   0   0   0   0   0   0   0  /   0   1   0   0   0   0   0   0   0   0   0   0   0   0   0   3   0   0   0   0   0   0   6   0   0   6 
NonL 31    --      1   38   28   1.0771 ==>   0   0   0   0   0   0   0   0   0   0   0   0   0   0   0   4   0   0   0   0   0   0   0   0   0   0  /   0   0   0   0   8   0   0   0   0   0   0   0   0   0   0   0   0   0   0   0   0   0   0   0   0   0 
NonL 36    --      5   36  177   5.8500 ==>   0   0   0   0   0   0   0   0   0   0   0   0   0   0   0   0   1   0   0   0   0   0   0   0   0   0  /   0   0   0   0   0   0   0   0   0   0   0   0   0   0   0   0   0   0   0   8   0   0   0   0   0   0 
NonL 37    --      3  157   69   2.2251 ==>   0   0   0   1   0   0   0   0   0   0   2   0   0   0   0   0   0   0   0   0   0   0   0   0   0   0  /   0   0   0   0   0   0   0   0   0   0   0   0   0   0   0   0   7   0   0   0   0   0   0   0   0   0 
NonL 40    --      0   22   19   0.6466 ==>   0   0   0   0   0   0   0   0   0   0   0   0   0   0   0   0   0   4   0   0   0   8   0   0   0   0  /   0   0   0   0   0   0   0   0   1   0   0   0   0   0   0   0   0   0   0   0   0   0   0   0   2   0 
NonL 41    --      1    4   31   1.1346 ==>   0   0   0   0   0   0   0   0   0   7   0   0   0   0   0   0   0   0   0   0   0   0   0   0   4   0  /   0   0   0   0   0   0   0   0   0   0   0   0   0   0   0   0   0   4   0   0   0   0   0   0   0   0 
NonL 42    --      0    8   32   0.5091 ==>   0   0   0   0   0   0   0   3   0   0   0   0   0   0   0   0   0   0   0   0   0   0   0   0   0   0  /   0   0   0   0   0   0   0   0   0   0   0   0   0   0   0   0   0   0   0   0   0   0   0   8   0   0 
Leaf 43     1    
NonL 44    --      3   38   74   2.7346 ==>   0   0   0   0   0   0   0   0   0   0   0   0   0   8   0   0   0   0   0   0   0   0   0   0   0   0  /   0   0   0   0   0   0   0   0   0   0   5   0   0   0   0   0   0   0   0   0   0   0   0   0   0   2 
Leaf 45    15    
NonL 46    --      3   25   84   4.0015 ==>   0   0   0   0   0   0   0   0   0   1   0   0   0   0   0   0   0   0   0   0   0   0   0   0   0   0  /   0   0   0   0   0   0   0   0   0   0   0   0   0   0   0   0   0   0   8   0   0   0   0   0   0   0 
NonL 47    --      0    3  171  18.8537 ==>   1   0   0   0   0   0   0   0   0   0   1   0   0   0   0   0   0   0   0   0   0   0   1   0   0   0  /   0   0   0   0   0   0   0   0   1   0   0   0   0   0   0   0   0   0   0   0   0   0   0   0   2   0 
Leaf 48     7    
Leaf 49    21    
Leaf 54     6    
NonL 55    --      4    7   18   0.6424 ==>   0   0   0   0   0   0   0   0   0   0   0   1   0   0   0   0   0   0   0   0   0   0   0   0   0   0  /   0   0   0   0   0   0   0   0   0   0   0   0   0   0   0   0   0   0   0   0   7   0   0   0   0   0 
Leaf 56     4    
Leaf 57     2    
NonL 60    --      1    4   81  50000000000000000000.0000 ==>   0   7   0   0   0   0   0   0   0   0   0   0   0   0   0   0   0   0   0   0   0   0   0   0   0   0  /   0   0   0   0   0   0   0   0   0   0   0   0   0   0   0   1   0   0   0   0   0   0   0   0   0   0 
NonL 61    --      3   12   43   2.1957 ==>   0   1   0   0   0   0   0   0   0   0   0   0   0   0   0   0   0   0   0   0   0   0   0   0   0   6  /   0   0   0   0   0   0   0   0   0   0   0   0   0   0   0   3   0   0   0   0   0   0   6   0   0   0 
Leaf 62     9    
Leaf 63    18    
Leaf 72    17    
Leaf 73    23    
NonL 74    --      1    0  227  50000000000000000000.0000 ==>   0   0   0   1   0   0   0   0   0   0   0   0   0   0   0   0   0   0   0   0   0   0   0   0   0   0  /   0   0   0   0   0   0   0   0   0   0   2   0   0   0   0   0   0   0   0   0   0   0   0   0   0   0 
Leaf 75    17    
NonL 80    --      1  118   25   0.8609 ==>   0   0   0   0   0   0   0   0   0   0   0   0   0   0   0   0   0   0   0   0   0   7   0   0   0   0  /   0   0   0   0   0   0   0   0   0   0   0   0   0   0   0   0   0   4   0   0   0   1   0   0   0   0 
NonL 81    --      2    5  144  50000000000000000000.0000 ==>   0   0   0   0   0   0   0   0   0   0   0   0   0   0   0   0   0   0   0   0   0   0   0   0   2   0  /   0   0   0   0   0   0   0   0   1   0   0   0   0   0   0   0   0   0   0   0   0   0   0   0   0   0 
NonL 82    --      0   14   13   0.3577 ==>   0   0   0   0   0   0   0   0   0   7   0   0   0   0   0   0   0   0   0   0   0   0   0   0   0   0  /   0   0   0   0   0   0   0   0   0   0   0   0   0   0   0   0   0   0   0   0   0   0   0   0   4   0 
Leaf 83    14    
Leaf 84    15    
Leaf 85    16    
Leaf 88     5    
NonL 89    --      0   32  114  11.5857 ==>   0   0   0   0   0   0   0   0   0   0   5   0   0   0   0   0   0   0   0   0   0   0   0   0   0   0  /   0   0   0   0   0   0   0   0   0   0   0   0   0   0   0   0   0   0   0   0   0   0   0   0   0   2 
Leaf 92    11    
Leaf 93    25    
NonL 94    --      0    0  172  50000000000000000000.0000 ==>   1   0   0   0   0   0   0   0   0   0   1   0   0   0   0   0   0   0   0   0   0   0   0   0   0   0  /   0   0   0   0   0   0   0   0   0   0   0   0   0   0   0   0   0   0   0   0   0   0   1   0   0   0 
NonL 95    --      0    9  142  50000000000000000000.0000 ==>   0   0   0   0   0   0   0   0   0   0   0   0   0   0   0   0   0   0   0   0   0   0   0   0   2   0  /   0   0   0   0   0   0   0   0   1   0   0   0   0   0   0   0   0   0   0   0   0   0   0   0   0   0 
Leaf 110     6    
Leaf 111    21    
Leaf 120    24    
Leaf 121     9    
NonL 122    --      0    0   85   2.0270 ==>   0   1   0   0   0   0   0   0   0   0   0   0   0   0   0   0   0   0   0   0   0   0   0   0   0   0  /   0   0   0   0   0   0   0   0   0   0   0   0   0   0   0   0   0   0   0   0   0   0   0   0   0   6 
NonL 123    --      3    0   84  15.4890 ==>   0   0   0   0   0   0   0   0   0   0   0   0   0   0   0   0   0   0   0   0   0   0   6   0   0   0  /   0   0   0   0   0   0   0   0   0   0   0   0   0   0   0   3   0   0   0   0   0   0   0   0   0   0 
Leaf 148    26    
Leaf 149     8    
Leaf 160    12    
NonL 161    --      2   91   50   1.4463 ==>   0   0   0   0   0   0   0   0   0   0   0   0   0   0   0   0   0   0   0   0   0   1   0   0   0   0  /   0   0   0   0   0   0   0   0   0   0   0   0   0   0   0   0   0   4   0   0   0   0   0   0   0   0 
Leaf 162    13    
Leaf 163     1    
Leaf 164    11    
Leaf 165    13    
Leaf 178     8    
Leaf 179     3    
NonL 188    --      0   35   84   7.2062 ==>   0   0   0   0   0   0   0   0   0   0   1   0   0   0   0   0   0   0   0   0   0   0   0   0   0   0  /   1   0   0   0   0   0   0   0   0   0   0   0   0   0   0   0   0   0   0   0   0   0   0   0   0   0 
Leaf 189     4    
Leaf 190    13    
Leaf 191     1    
Leaf 244    24    
Leaf 245     3    
Leaf 246     4    
Leaf 247     9    
Leaf 322    12    
Leaf 323    14    
Leaf 376     8    
Leaf 377     2    

;Shapelet id   <data>
Shapelet   1   2.448900  2.446560  2.445750  2.438240  2.427810  2.422530  2.417870  2.416300  2.414280  2.410250  2.409200  2.407460  2.402300  2.385470  2.362840  2.353760  2.327770  2.312890  2.305720  2.306360  2.305710  2.305880  2.307740  2.523810  3.799570  4.180140  4.022740  3.817570  3.623930  3.111910  1.242090  0.245471 -0.904699 -2.549670 -3.085100 -3.429290 -3.886590 -4.174070 -2.987330 -3.013250 -2.401180 -1.432740 -0.659057  0.002115  1.300860  3.042720  6.324330  8.004150  8.693030 10.001200 11.654300 13.519400 14.998100 16.733000 18.529700 19.572700 22.056800 24.378600 26.296400 28.170500 30.402000 31.369800 33.384400 34.747000 36.238800 37.403300 38.656900 39.390600 40.497500 40.967600 42.698700 44.582400 44.460100 47.183200 47.717200 49.422600 49.246100 49.992400 49.780100 49.660600 49.857200 47.893600 48.465500 48.216800 47.704000 46.308500 44.845800 44.222100 43.934500 43.410200 40.476200 38.750800 37.269800 35.947300 34.247300 32.869600 31.392900 30.661500 29.443300 27.631600 26.927400 24.672800 23.494400 21.341700 18.720200 16.040100 14.614300 13.393800 10.898800 10.740700 10.647600 10.945800 10.586200  9.593780  8.908140  8.838000  8.808630  7.687110  6.090760  5.324670  4.254500  3.804580 
Shapelet   2  -110.321000 -110.796000 -111.729000 -112.534000 -112.715000 -113.190000 -112.829000 -112.510000 -112.234000 -112.943000 -113.642000 -113.945000 -115.100000 -116.199000 -118.521000 -119.524000 -119.892000 -119.215000 -118.439000 -118.497000 -119.037000 -119.363000 -118.490000 -118.887000 -117.215000 -116.767000 -116.800000 -116.139000 -116.641000 -116.342000 -115.012000 -114.762000 -114.643000 -114.766000 -115.209000 -115.680000 -116.230000 -116.600000 -116.734000 -115.904000 -115.792000 -114.974000 -113.912000 -113.242000 -112.211000 -112.060000 -111.511000 -111.444000 -112.019000 -112.248000 -112.713000 -112.865000 -116.503000 -119.530000 -121.434000 -124.337000 -128.573000 -129.351000 -133.358000 -134.372000 -135.871000 -137.268000 -139.259000 -142.579000 -145.909000 -147.255000 -149.665000 -154.955000 -156.967000 -159.176000 -160.721000 -162.004000 -162.523000 -164.369000 -166.736000 -169.807000 -171.198000 -173.101000 -174.341000 -174.920000 -175.836000 -179.337000 -179.897000 -179.729000 -179.566000 -179.846000 -180.145000 -181.701000 -182.233000 -182.178000 -182.073000 -181.351000 -181.530000 -181.775000 -181.333000 -180.956000 -180.405000 -180.181000 -179.674000 -179.258000 -178.687000 -178.129000 -178.195000 -177.644000 -177.669000 -178.056000 -178.166000 -178.335000 -178.902000 -179.488000 -179.996000 -180.003000 -180.096000 -181.008000 -181.472000 -182.280000 -182.738000 -183.151000 -183.751000 -184.211000 -185.036000 -185.725000 -186.674000 -187.009000 -187.836000 -188.567000 -189.134000 -189.263000 -189.466000 -189.775000 -189.457000 -188.960000 -189.000000 -189.146000 -189.188000 -189.250000 -189.141000 -188.821000 -188.415000 -187.919000 -187.919000 -187.658000 -187.086000 -187.265000 -187.455000 -186.615000 -186.149000 -185.956000 -185.144000 -185.027000 -184.665000 -184.374000 -184.349000 -183.848000 -183.594000 -183.150000 -183.130000 -183.264000 -182.897000 -182.763000 -182.653000 -182.614000 -182.570000 -182.505000 -182.344000 -182.276000 -182.082000 -181.913000 -181.772000 -181.743000 -181.780000 -181.816000 -181.848000 -181.843000 -181.828000 -181.778000 -181.786000 -181.917000 -181.996000 -181.939000 -181.897000 
Shapelet   3  -15.801000 -15.829700 -15.976100 -16.032200 -16.106700 -16.399700 -16.356600 -16.362100 -16.547700 -16.665900 -16.882800 -17.668900 -17.868700 -17.638900 -18.284600 -19.381100 -17.974000 -17.762500 -17.492500 -17.624600 -16.880000 -16.544600 -16.688000 -16.008900 -15.806000 -15.268200 -14.375300 -13.142900 -12.628000 -11.953300 -11.355200 -10.881400 -9.754370 -8.999310 -8.342040 -8.127060 -8.074520 -7.572380 -7.302840 -7.021060 -6.798910 -6.598330 -6.538100 -6.563460 -6.826620 -6.910660 -7.084840 -7.100200 -7.011120 -6.886280 -6.595680 -6.214210 -6.065620 -5.349490 -4.732910 -4.206630 -3.827090 -3.066600 -2.721700 -2.334500 -0.935990  0.068548  0.828931  1.569620  2.157670  2.948050  3.586390  4.588880  7.101260  8.592890  8.751010  9.685550 10.631800 11.149100 11.273800 11.701500 12.241100 12.432500 13.072700 14.240800 14.287600 14.102900 13.457200 12.926500 12.723900 12.455500 12.370100 12.409100 12.718200 13.010200 13.258600 13.253600 13.209100 13.157300 13.058000 12.661900 12.709500 12.843800 12.885700 12.961500 12.996100 13.020100 13.026500 13.043300 13.064400 13.073300 13.087900 13.110900 
Shapelet   4  116.546000 116.458000 116.769000 116.605000 116.571000 116.460000 115.687000 115.178000 114.964000 115.073000 115.039000 115.759000 115.745000 115.753000 116.120000 116.108000 115.422000 115.288000 115.285000 115.268000 115.702000 115.587000 115.122000 116.195000 116.678000 116.563000 116.408000 116.280000 116.305000 116.270000 116.217000 116.244000 116.340000 117.215000 117.058000 116.982000 116.879000 116.525000 116.511000 116.304000 116.134000 115.244000 114.412000 115.149000 115.793000 115.754000 116.441000 116.704000 116.683000 116.537000 116.184000 116.761000 117.967000 116.896000 116.472000 115.853000 115.483000 116.108000 116.638000 116.705000 116.842000 117.055000 116.819000 116.392000 116.351000 115.453000 115.237000 114.416000 112.976000 111.714000 110.895000 108.990000 106.747000 105.223000 104.360000 102.374000 100.121000 99.265400 98.498700 98.092600 97.518200 95.769700 94.743400 93.663900 93.191300 92.012700 91.872400 91.451100 90.845300 89.720800 86.702400 86.098300 84.577200 83.206300 82.615900 82.204300 82.315100 80.088300 80.051600 79.528000 79.585500 78.721900 76.673900 74.781600 73.648000 72.940100 71.710000 71.391600 70.703000 70.315500 69.921600 68.605900 67.993700 67.810300 66.974900 66.790500 66.575300 66.808900 66.781300 66.957900 66.517700 67.012200 67.394700 67.294900 67.241900 66.893400 66.510800 65.622700 64.581400 63.247600 62.568200 61.200900 59.586400 59.074500 57.933700 56.525900 55.434400 54.926900 53.154200 51.808100 51.208700 50.389800 49.277800 48.670200 48.658700 48.380200 48.007900 48.028300 48.178000 47.898700 46.869600 46.202200 45.528600 45.146000 45.464100 45.627700 45.333200 44.708200 44.317900 43.250200 42.581900 41.804800 40.672400 39.258400 38.315900 37.861800 37.096000 35.585000 34.752400 33.543300 32.561000 30.705200 29.851600 27.353900 25.553800 24.680900 23.189500 22.053200 19.748300 18.934900 17.876000 17.477100 17.510100 17.033700 15.998900 14.652100 13.938200 13.010300 12.757800 12.852100 12.522700 12.056600 12.050200 11.854600 11.161900 10.240200  9.146650  8.524030  7.323920  6.186130  5.775540  4.883940  3.680370  3.027730  0.541044 -0.505862 -1.010510 -1.857290 -3.149990 -3.266930 -4.927420 -5.371200 -5.904550 -6.312520 -6.780020 -7.398300 -7.802090 -8.248020 -9.198040 -10.126000 -10.827800 -12.135800 -13.499900 -14.888000 -15.856300 -17.400400 -19.374500 -20.220000 -21.709100 -23.916400 -24.638400 -26.162100 -27.803600 -29.840800 -30.875100 -32.656500 -33.946600 -35.344800 -35.800800 -37.042500 -37.995700 
Shapelet   5  -20.835900 -20.764800 -20.703300 -20.344200 -20.272000 -20.052600 -19.590400 -19.199600 -18.091700 -16.802600 -15.734100 -14.988200 -13.558400 -12.575300 -9.687770 -6.916490 -3.583750  0.419511  1.809840  4.690640  9.378390 12.129500 17.247900 21.776900 26.987400 29.179800 33.508200 38.593200 41.685700 47.321700 53.015500 59.232100 61.532700 65.926500 70.791200 73.945000 78.684200 83.850000 86.588800 
Shapelet   6  -9.281740 -9.312790 -9.357730 -9.399610 -9.425940 -9.435610 -9.451940 -9.423940 -9.406040 -9.424400 -9.611480 -9.661210 -9.671170 -9.642690 -9.546310 -9.313080 -9.322260 -9.212380 -9.118520 -8.985020 -9.007470 -8.687100 -8.639060 -8.337610 -7.953180 -7.674010 -6.661230 -5.922550 -5.351860 -5.078410 -4.636100 -3.802750 -3.529280 -3.681480 -3.327530 -3.082610 -3.498350 -2.944100 -2.718970 -2.659310 -2.522810 -2.376660 -1.995050 -0.673068 -0.462037  0.568169  2.147580  3.761600  4.470140  5.864740  7.380600  9.212420 10.121300 11.945100 13.758600 14.476200 16.787100 18.245100 19.215700 20.156600 21.311600 22.040600 22.214500 22.236100 21.893700 21.576300 21.361400 20.467600 19.309100 18.731500 17.453600 15.810500 15.135700 14.077000 13.009200 12.183700 11.868100 11.495000 11.311100 11.216400 11.186300 11.175500 11.227300 11.237700 11.264700 11.291700 11.318900 11.328100 11.294000 11.153600 11.092900 10.994800 10.915400 
Shapelet   7  34.562300 32.606300 31.311600 31.579100 29.780800 27.505000 26.792500 25.407600 24.137400 22.213900 20.225600 19.067400 18.413700 17.946200 16.532600 15.624700 15.063900 12.558500  5.769740  2.178880 -0.199168 -4.260320 -7.486850 -9.027090 -11.425100 -13.463400 -15.965300 -16.866000 -18.504200 -20.009100 -20.451300 -22.231100 -24.819400 -26.874100 -27.693300 -29.276000 -30.798600 -30.659400 -32.034400 -33.410700 -34.578700 -35.240600 -36.161100 -36.140500 -36.891800 -37.500500 -38.662900 -39.373200 -39.702400 -40.176700 -40.382200 -40.525300 -40.965500 -40.927300 -40.755200 -40.790300 -40.842500 -40.852200 -40.799300 -41.010000 -41.622800 -41.653300 -41.712500 -41.851700 -42.019400 -42.191400 -42.254300 -42.355200 -42.427300 -42.454700 -42.497300 -42.472800 -42.430700 -42.399800 -42.366800 -42.322900 -42.370900 -42.428000 -42.408700 -42.398000 -42.138600 -41.879600 -41.711100 -41.655500 -41.578500 -41.528700 -41.488000 -41.480900 -41.480000 -41.476300 -41.473800 
Shapelet   8  -29.645900 -28.815400 -28.466500 -28.412500 -28.438500 -28.647400 -28.839300 -29.524900 -30.608600 -31.328000 -32.166300 -33.001500 -33.090600 -33.590000 -34.215100 -34.771600 -35.957200 -36.333800 -36.781000 -37.304400 -37.366800 -37.296300 -37.236100 -37.196300 -36.660400 -36.344700 -35.283900 -34.768900 -34.104900 -32.918700 -32.371700 -31.895700 -31.649000 -31.283200 -30.933700 -30.635900 -30.178300 -29.896900 -29.570600 -28.857100 -28.620300 -28.480600 -28.001300 -27.463700 -27.014400 -26.874600 -26.280100 -25.375900 -25.014600 -24.961600 -24.719900 -24.576100 -25.367900 -25.977000 -26.007600 -26.338700 -27.083500 -28.270800 -28.352900 -28.886200 -29.771300 -30.558600 -31.339500 -31.714700 -32.496900 -32.657200 -33.086300 -33.303300 -33.974200 -34.537000 -34.580500 -34.630900 -34.698500 -35.744100 -36.432500 -36.713600 -37.464000 -38.032800 -39.187100 -39.895200 -40.605900 -41.969400 -43.140700 -43.638500 -43.648300 -43.941700 -45.119100 -45.768700 -46.102200 -46.907500 -47.176500 -48.414800 -48.682800 -49.393500 -50.412300 -50.924700 -51.483700 -52.331800 -53.674600 -54.630900 -54.435200 -55.001100 -55.501300 -56.572300 -57.048100 -57.668900 -58.315500 -58.718500 -58.677400 -59.072800 -59.170700 -59.018600 -59.062000 -59.784000 -60.466100 -60.676000 -60.888300 -61.003700 -61.551900 -62.119600 -62.547800 -62.831000 -63.355700 -63.943600 -64.597700 -65.281200 -65.854100 -66.456800 -66.576900 -67.264200 -67.625000 -67.530900 -67.834900 -68.201700 -68.285600 -68.148400 -68.162700 -67.869400 -67.564700 -67.108600 -66.621600 -66.599200 -66.682500 -67.041400 -67.021800 -66.786500 -66.437400 -66.403000 -66.474000 -66.461700 -66.790200 -66.915200 -67.205500 -67.336300 -67.507700 -67.569100 -68.409300 -69.021200 -69.725100 -71.008900 -71.748900 -73.714700 -74.525300 -75.811400 -76.747500 -77.463000 -78.665500 -79.165900 -79.466500 -80.076100 -80.757900 -81.732600 -82.914000 -83.585200 -84.037500 -85.053700 -85.762300 -86.108900 -85.899800 -86.266100 -86.530500 -86.310200 -86.303600 -86.319800 -87.128700 -87.875200 -88.868100 -89.203100 -89.638500 -90.398600 -90.611300 -90.481100 -90.603600 -90.966100 -91.155900 -91.448400 -91.903100 -92.175300 -92.285000 -92.278100 -92.184700 -91.839200 -91.412500 -91.144800 -90.775400 -90.040900 -89.622000 -89.201100 -89.061800 -88.786000 -88.638100 -88.354900 -88.419500 -88.696100 -88.685200 -88.747800 -89.361100 -89.817200 -90.638900 -91.136900 -92.998200 -93.520800 -94.255100 -94.832300 -95.558000 -96.042700 -96.119800 -96.024900 -96.156300 -96.317300 -96.381400 -96.165200 -96.320000 -96.952200 -97.704300 -98.382700 -99.045100 -99.556300 -99.767600 -100.027000 -100.401000 -100.898000 -101.112000 -102.063000 -102.687000 -102.758000 -103.157000 -103.409000 -103.722000 -104.023000 -104.747000 -105.437000 -106.071000 -106.826000 -107.333000 -108.047000 -108.662000 -109.181000 -109.738000 -110.678000 -110.707000 -111.018000 -111.966000 -111.677000 -112.082000 -112.342000 -112.938000 -113.335000 -113.714000 -114.480000 -115.081000 -115.856000 -116.067000 -116.217000 -116.092000 -116.293000 -116.953000 -117.460000 -117.641000 -117.856000 -117.927000 -118.000000 -118.127000 -118.085000 -117.771000 -117.965000 -118.014000 -117.925000 -117.873000 -117.644000 -117.327000 -117.235000 -117.211000 -116.898000 -116.579000 -116.312000 -116.122000 -116.151000 -116.307000 -116.512000 -116.489000 
Shapelet   9  -29.862700 -29.859200 -29.853000 -29.828800 -29.793800 -29.782300 -29.776600 -29.779900 -29.786100 -29.790300 -29.799600 -29.862200 -29.814500 -29.485200 -28.567000 -28.129900 -26.654100 -25.133100 -23.050400 -20.862800 -19.022900 -17.134100 -10.313600 -5.213850 -0.349057  4.266660  8.510060 11.870600 13.344900 16.598600 19.428400 21.641100 22.746000 23.541000 23.915700 23.904100 24.137000 24.231100 24.754900 25.834100 25.757400 25.358900 25.174200 24.671400 23.203000 21.216700 18.917900 18.380800 17.558800 16.974400 13.993100 13.430000 13.175200 12.860800 12.640000 11.687400 10.840200 10.838200 11.230800 11.237500 10.940800 10.807400 10.794800 10.428300 10.398600 10.647900 11.101200 11.580900 11.942900 12.272800 12.309000 15.364500 20.327400 20.403700 20.407300 20.376300 20.163400 19.516200 19.154800 18.319600 17.695500 15.808500 14.471800 13.388500 11.813700  9.156590  7.431090  5.652110  4.014880  2.157370  0.651850 -0.752784 -1.709750 -2.301060 -2.509360 -2.801430 -4.031850 -5.080380 -5.554400 -5.910160 -6.934400 -7.285270 -7.441410 -7.515400 -7.560730 -7.578310 -7.590300 -7.599740 -7.606240 -7.620870 -7.971510 -8.220250 -8.211920 -8.394970 -8.578120 -8.370220 -8.159020 -7.830090 -7.129050 -6.823730 -6.019970 -5.653100 -5.430340 -5.532550 -6.206240 -6.578520 -6.520640 -6.697310 -6.515080 -7.081550 -6.314060 -6.498560 -6.405310 -6.016710 -5.481580 -5.063660 -5.984150 -6.537230 -6.886040 -6.643750 -5.984000 -4.981280 -4.402360 -3.974080 -3.859840 -3.611020 -3.865590 -3.791450 -3.757330 -3.388470 -3.187300 -2.650450 -2.227730 -1.853790 -1.699690 -1.439470 -1.297470 -1.101820 -0.865306 -0.581896 -0.433062 -0.375514 -0.098195 -0.061782  0.162087  0.282508  0.376521  0.442275  0.488091  0.528673  0.546793  0.566193  0.582342  0.596297  0.612851  0.615789  0.652304  0.728822  0.841361  0.813608  0.815465  0.784045  0.776931  0.772660  0.756369  0.743438  0.739746  0.745597  0.735729  0.711303  0.601086  0.513185  0.444845  0.384771  0.365656  0.345929  0.335449  0.305640  0.274967  0.257095  0.249010  0.237012  0.231689  0.219399  0.204653  0.195718  0.186560  0.190792  0.186519  0.182341  0.166435  0.145441  0.152128  0.165957  0.171502  0.171909 
Shapelet  10  13.010600 12.712900 11.730000 11.325600 11.204300  9.159220  8.498000  7.629010  7.326370  6.916250  6.420320  5.727030  4.718040  3.608680  2.132710  1.243590 -0.914882 -2.001300 -2.610980 -3.540340 -4.533450 -4.975250 -5.910230 -6.458450 -6.570270 -6.914720 -7.056800 -6.885590 -6.945720 -7.377770 -8.061630 -9.296360 -9.872570 -10.499000 -11.571400 -11.727200 -11.577300 -11.735900 -11.450300 -10.761300 -10.506500 -10.153300 -9.815440 -9.464990 -8.835780 -8.323510 -7.255740 -6.859550 -5.567290 -4.516910 -3.888190 -2.793870 -2.071680 -0.991742 -0.222385  1.974810  5.055440  6.557390 11.129600 16.805600 22.149700 24.896500 30.333000 35.690300 38.893200 44.586700 51.200000 55.641800 59.079100 66.030100 71.524400 74.533200 82.889400 93.038000 98.202000 99.856600 104.598000 114.707000 118.545000 122.482000 124.776000 126.188000 127.660000 133.683000 129.671000 130.208000 133.358000 135.369000 138.641000 139.711000 
Shapelet  11  -9.241170 -9.331040 -9.321340 -9.121930 -9.182950 -9.180740 -8.938760 -8.792170 -8.704300 -8.672670 -8.062560 -7.585470 -6.738220 -5.915720 -7.171160 -8.806750 -9.667990 -10.813300 -10.921200 -10.239300 -9.726540 -8.437070 -7.966730 -7.576840 -7.269460 -5.085170 -7.270580 -7.316750 -6.835360 -6.867830 -5.603690 -4.378860 -1.240490 -0.453499 -0.512693 -1.484880 -0.955515  0.092178  1.178770  2.067270  2.935390  3.770740  4.956500  7.342240  8.686800  9.650280 12.371700 12.310600 12.539200 13.540700 15.864900 17.265200 18.296100 19.648500 20.507600 21.615000 23.986600 25.813600 27.351100 28.097000 30.268500 32.852600 33.559300 36.470700 37.809100 40.780800 42.069200 43.438700 45.465400 46.385600 47.771000 51.591300 53.349100 54.155000 55.969500 57.001600 57.512000 57.972600 58.091700 58.827500 59.439600 61.228200 61.965100 62.373800 62.529600 63.756000 63.414300 63.366500 61.998200 60.426700 59.889500 59.753900 58.362900 55.724700 54.552400 52.828200 50.579300 49.965800 49.664000 48.790800 48.499500 48.545500 47.719800 46.056000 44.849200 44.054200 42.338200 39.559900 38.527200 36.716200 34.492700 32.967600 30.766300 27.984900 25.337200 24.230500 22.215700 19.354300 19.043600 17.545200 17.329200 16.713500 16.504500 16.499300 15.395200 14.911200 13.905600 12.323600 
Shapelet  12  -9.333330 -10.031500 -10.768400 -11.012700 -11.876900 -11.063900 -10.462200 -10.802500 -10.087800 -9.576410 -9.546410 -9.389880 -8.337980 -7.888410 -7.529200 -6.941810 -6.916360 -6.858400 -6.667100 -6.389670 -5.955190 -5.562320 -5.608600 -5.405050 -5.387260 -5.005100 -4.842720 -4.836730 
Shapelet  13  -11.561900 -10.630600 -9.767120 -7.878910 -7.309950 -6.789920 -3.827040 -1.974850 -0.995114  0.108275  1.432410  1.962540  2.928990 
Shapelet  14  37.658100 36.493900 34.562300 32.606300 31.311600 31.579100 29.780800 27.505000 26.792500 25.407600 24.137400 22.213900 20.225600 19.067400 18.413700 17.946200 16.532600 15.624700 15.063900 12.558500  5.769740  2.178880 -0.199168 -4.260320 -7.486850 -9.027090 -11.425100 -13.463400 -15.965300 -16.866000 -18.504200 -20.009100 -20.451300 -22.231100 -24.819400 -26.874100 -27.693300 -29.276000 -30.798600 -30.659400 -32.034400 -33.410700 -34.578700 -35.240600 -36.161100 -36.140500 -36.891800 -37.500500 -38.662900 -39.373200 -39.702400 -40.176700 -40.382200 -40.525300 -40.965500 -40.927300 -40.755200 -40.790300 -40.842500 -40.852200 -40.799300 -41.010000 -41.622800 -41.653300 -41.712500 -41.851700 -42.019400 -42.191400 -42.254300 -42.355200 -42.427300 -42.454700 -42.497300 -42.472800 -42.430700 -42.399800 -42.366800 -42.322900 -42.370900 -42.428000 -42.408700 -42.398000 -42.138600 -41.879600 -41.711100 -41.655500 -41.578500 -41.528700 -41.488000 -41.480900 -41.480000 -41.476300 -41.473800 -41.433800 -41.401200 -41.386000 -41.368400 -41.341100 -41.291300 -41.265200 -41.215700 -41.128200 -41.039000 -40.979400 -40.857900 -40.726900 -40.692900 -40.711000 -40.778200 -40.750500 -40.756000 -40.784600 -40.820600 -40.795600 -40.761300 -40.710000 -40.661000 -40.644200 -40.637400 -40.605300 -40.592700 
Shapelet  15  38.343400 38.418300 38.629600 38.764000 38.793500 38.856300 38.924600 38.995300 39.029200 38.951400 38.712600 38.592600 38.328300 37.836100 36.703500 36.284100 35.389000 34.804500 34.551300 34.334300 34.054700 33.981100 33.815900 33.371700 32.856400 32.401700 32.577200 33.239000 32.518100 33.198900 35.020400 37.012900 38.045500 
Shapelet  18  -25.756400 -25.781700 -25.783200 -25.795900 -25.805700 -25.833200 -25.805800 -25.798700 -25.773100 -25.714700 -25.653300 -25.601700 -25.466800 -25.362900 -25.311700 -25.274000 -25.265300 -25.267900 -25.187200 -25.187600 -25.140800 -25.010500 -24.884000 -24.791900 -24.548000 -24.310400 -24.296500 -24.315700 -24.343300 -24.337700 -24.276000 -24.119800 -23.919100 -23.888100 -23.876900 -23.875200 -23.766600 -23.684900 -23.624500 -23.567600 -23.549300 -23.563600 
Shapelet  20  76.387700 76.348900 76.365800 76.352400 76.381600 76.273800 76.203500 76.428700 76.800800 76.847300 77.224500 77.443300 77.817900 77.854200 78.023500 78.393000 79.042700 79.589000 79.792400 80.365000 80.562600 80.290700 80.607800 80.980700 81.595000 81.769500 81.969500 81.778800 81.728200 81.445800 81.587500 81.388500 81.163700 80.818600 80.494500 80.328500 80.266100 80.165700 
Shapelet  21  133.598000 134.326000 134.490000 134.910000 134.148000 132.915000 132.943000 130.594000 129.834000 129.498000 129.955000 130.500000 132.140000 133.536000 134.563000 134.825000 135.573000 136.306000 138.371000 138.641000 138.066000 138.796000 140.154000 140.567000 140.688000 141.695000 142.119000 142.520000 143.284000 143.105000 143.359000 145.984000 147.369000 149.014000 149.766000 151.529000 152.865000 154.052000 149.932000 148.069000 148.491000 148.904000 149.777000 150.597000 150.763000 150.864000 150.250000 148.961000 148.509000 147.014000 145.514000 145.254000 144.559000 142.820000 141.454000 140.555000 139.462000 137.656000 134.997000 135.954000 
Shapelet  22  101.300000 100.970000 100.536000 99.693300 98.436900 98.032600 97.466400 96.414700 95.215900 94.770500 93.697000 92.786900 92.597300 92.348400 90.466600 88.632900 87.996600 88.231100 87.502400 87.533100 87.437100 87.602300 87.661900 
Shapelet  23  -5.030290 -5.034860 -5.025380 -5.143340 -5.136580 -5.317060 -5.704380 -5.768230 -6.192190 -6.374690 -6.384540 -6.465080 -6.541400 -6.479930 -6.435910 -6.401430 -6.224750 -5.924810 -5.148330 -3.648710 -2.682050 -2.312550 -1.809050 -1.438410 -0.818351 -0.134037  0.186875  0.351793  0.729007  1.955330  2.068830  2.575650  2.635060  2.612110  2.536660  2.427460  2.416690  2.520570  2.633130  2.979980  3.144470  3.241350  3.374110  3.509790  3.603150  3.642280  3.566920  3.521610  3.083710  2.299640  0.915091 -0.386341 -0.993372 -2.588590 -2.905880 
Shapelet  24  -10.091100 -10.046400 -10.028700 -9.951470 -9.916500 -9.976330 -10.065900 -10.244600 -10.492600 -10.554100 -10.846600 -10.994500 -10.875400 -11.181000 -9.341010 -8.355980 -8.159430 -8.739350 -9.524380 -9.333330 -10.031500 -10.768400 -11.012700 -11.876900 -11.063900 -10.462200 -10.802500 -10.087800 -9.576410 -9.546410 -9.389880 -8.337980 -7.888410 -7.529200 -6.941810 -6.916360 -6.858400 -6.667100 -6.389670 -5.955190 -5.562320 -5.608600 -5.405050 -5.387260 -5.005100 -4.842720 -4.836730 -4.549820 -3.213820 -2.591580 -2.529770 -2.287550 -1.922430 -1.010790  0.159399  1.173190  1.660680  1.744440  2.281680  2.920570  3.186860  3.697090  4.235820  4.692270  5.280220  5.671140  6.598710  6.883090  6.893370  7.346000  7.106260  7.145100  7.800070  8.137740  8.357420  9.189250  9.997870 10.488100 11.505600 13.637600 15.427400 16.493100 17.495100 19.378000 20.871600 21.600600 22.846700 23.972800 25.045000 25.220500 24.908800 24.609500 24.674900 24.807400 24.881100 24.891500 24.855100 24.738100 24.540700 24.379400 24.012100 23.811300 23.512200 23.375500 23.128600 22.988800 22.917800 22.885100 22.845300 22.815000 22.809900 22.801900 22.777400 
Shapelet  27  -18.284600 -19.381100 -17.974000 -17.762500 -17.492500 -17.624600 -16.880000 -16.544600 -16.688000 -16.008900 -15.806000 -15.268200 -14.375300 -13.142900 -12.628000 -11.953300 -11.355200 -10.881400 -9.754370 -8.999310 -8.342040 -8.127060 -8.074520 -7.572380 -7.302840 -7.021060 -6.798910 -6.598330 -6.538100 -6.563460 -6.826620 -6.910660 -7.084840 -7.100200 -7.011120 -6.886280 -6.595680 -6.214210 -6.065620 -5.349490 -4.732910 -4.206630 -3.827090 -3.066600 -2.721700 -2.334500 -0.935990  0.068548  0.828931  1.569620  2.157670  2.948050  3.586390  4.588880  7.101260  8.592890  8.751010  9.685550 10.631800 11.149100 11.273800 11.701500 12.241100 12.432500 13.072700 14.240800 14.287600 14.102900 13.457200 12.926500 12.723900 12.455500 12.370100 12.409100 12.718200 13.010200 13.258600 
Shapelet  28  -46.007300 -47.618200 -47.960100 -49.018600 -50.950000 -52.308700 -53.490200 -54.261500 -54.241200 -54.200200 -53.900000 -53.523600 -52.743600 -51.638300 -51.006000 -49.219400 -47.361000 -46.240200 -40.822200 -40.122400 -39.740300 -38.466900 -36.417900 -36.294900 -36.505300 -37.434000 -38.136300 -38.351100 -38.809100 -38.938000 -39.516600 -39.842500 -40.447800 -46.830900 -48.085300 -49.589700 -52.302000 -54.691100 -57.060600 -59.276600 -61.152700 -64.092300 -66.752000 -69.372600 -72.348000 -77.593000 -79.529800 -83.234100 -86.787900 -89.784700 -93.119200 -96.614900 -99.526600 -100.791000 -104.093000 -106.627000 -109.151000 -111.356000 -113.198000 -114.296000 -116.713000 -118.567000 -120.267000 -122.135000 -124.410000 -126.257000 -127.579000 -128.240000 -129.682000 -131.402000 -134.931000 -135.744000 -136.068000 -137.221000 -137.915000 -138.349000 -138.539000 -138.955000 -139.460000 -139.733000 -140.423000 -141.071000 -141.582000 -141.829000 -143.561000 -142.442000 -141.906000 -141.692000 -142.283000 -143.138000 -144.539000 -145.566000 -146.573000 -146.896000 -143.114000 -142.724000 -142.630000 -143.998000 -144.656000 -144.947000 -145.523000 -145.722000 -146.011000 -146.094000 -145.991000 -146.165000 -146.190000 -146.081000 -145.959000 -145.596000 -144.490000 -104.181000 -106.639000 -108.338000 -108.780000 -108.966000 -108.900000 -108.262000 -107.704000 -106.974000 -105.423000 -105.121000 -105.259000 -105.932000 -107.431000 -107.680000 -108.245000 -108.268000 -108.197000 -108.200000 -107.901000 -107.710000 -107.686000 -107.945000 -108.516000 -109.149000 -109.375000 -109.464000 -109.471000 -109.964000 -110.470000 -110.709000 -110.928000 -111.068000 -111.137000 -111.110000 -112.022000 -117.540000 -119.022000 
Shapelet  30  18.642400 17.920900 17.547800 17.044900 18.375200 19.407100 19.269600 19.482200 20.944500 20.740500 21.069400 22.072700 22.861400 24.157600 24.396200 25.299500 25.695500 25.976400 26.209800 26.137100 26.071400 26.060300 
Shapelet  31  24.336800 24.167700 24.612100 24.405700 24.467600 24.968900 24.903200 25.050600 25.224200 25.289500 25.217200 25.179700 25.999700 26.251200 26.793000 27.331100 28.344400 28.998100 29.476400 30.512500 31.079500 32.090300 32.934200 34.261600 34.394600 34.886200 35.884200 36.373900 
Shapelet  36  13.109800 12.927900 12.806800 12.913300 13.005100 13.027800 12.962600 12.750100 12.615900 12.336400 12.319100 13.000300 13.888100 14.320900 16.070700 17.779700 19.793800 21.962800 23.191900 25.833300 27.997400 30.855700 33.940100 37.354700 39.528100 40.517700 42.119900 43.205900 43.980700 44.735100 45.004000 44.952600 45.046300 44.561800 43.565600 42.654800 41.484800 40.651000 39.746100 38.365700 36.943400 36.472300 36.547000 36.238400 35.959000 35.906700 35.721400 35.423100 35.362300 35.322000 35.588400 35.584700 35.503800 35.168300 34.863800 34.553400 34.057100 33.811700 33.625900 32.846300 32.050200 31.004400 30.364000 29.817800 28.397000 27.898900 25.734500 24.317200 23.576600 22.247200 20.705500 19.988400 18.484600 17.885800 17.197300 16.899500 16.268900 16.338600 16.323800 15.733600 15.674600 15.599900 15.763400 15.538600 15.213200 14.811300 14.240000 13.444900 13.073000 13.107300 13.374200 13.598800 14.123300 14.414800 14.462500 14.402100 14.168400 14.437600 15.242300 15.794600 16.263900 16.907400 17.413900 18.216300 18.538300 19.393900 19.700700 19.414900 19.116800 18.407400 17.115700 16.909700 16.839400 16.647500 16.414900 16.306600 16.081500 15.927600 15.758200 15.643900 15.314600 14.856900 14.515500 14.386600 14.274200 14.251600 14.407800 14.383100 14.507000 14.602200 14.819200 15.936300 16.728900 17.690000 18.718700 19.133000 20.217300 21.045100 21.245900 21.694500 21.830900 27.451100 31.020600 31.444800 31.910500 32.977900 33.676500 34.267200 35.837700 37.366700 38.572000 40.037500 42.841700 43.498400 44.847000 46.226200 47.842800 49.162900 50.174000 51.081800 51.695600 52.614300 53.279600 53.732500 54.167800 54.570100 54.971800 55.110200 55.374000 55.468800 65.332900 63.638300 63.182600 62.797400 62.541900 62.364500 62.186700 
Shapelet  37  -48.686900 -48.156900 -48.419100 -48.851400 -48.974800 -49.024500 -49.709900 -50.005500 -50.441200 -51.256700 -51.765800 -67.465500 -85.911500 -95.673600 -99.810800 -100.774000 -101.656000 -101.865000 -101.977000 -101.896000 -102.050000 -101.745000 -101.654000 -101.337000 -101.427000 -101.274000 -101.295000 -101.309000 -101.406000 -101.537000 -101.635000 -101.734000 -101.773000 -101.711000 -101.618000 -101.431000 -101.301000 -101.260000 -101.291000 -101.262000 -101.179000 -101.219000 -101.283000 -101.319000 -101.252000 -101.269000 -101.227000 -101.227000 -101.334000 -101.595000 -101.622000 -101.580000 -101.568000 -101.461000 -101.246000 -101.191000 -101.108000 -101.090000 -101.079000 -101.077000 -101.028000 -101.106000 -101.129000 -101.012000 -100.853000 -100.635000 -100.691000 -100.751000 -100.768000 
Shapelet  40   3.942950  3.279710  2.910000  3.106840  2.674870  2.797050  3.199830  3.489790  4.094040  4.286740  4.433090  5.439100  6.052910  7.157860  7.541970  8.684700  9.788350 10.506200 11.954700 
Shapelet  41  36.606500 36.107200 35.195000 34.403200 33.528500 33.110300 32.478000 31.923100 31.421100 31.228800 30.964100 30.376000 30.000000 29.374100 28.651200 28.359500 27.523800 26.040400 24.058200 22.853100 20.700700 18.236800 16.461200 15.170300 13.918800 13.010600 12.712900 11.730000 11.325600 11.204300  9.159220 
Shapelet  42  -21.019800 -21.031000 -21.152800 -21.192000 -21.258800 -21.204700 -21.207300 -21.120400 -21.026700 -20.903900 -20.835900 -20.764800 -20.703300 -20.344200 -20.272000 -20.052600 -19.590400 -19.199600 -18.091700 -16.802600 -15.734100 -14.988200 -13.558400 -12.575300 -9.687770 -6.916490 -3.583750  0.419511  1.809840  4.690640  9.378390 12.129500 
Shapelet  44   1.178770  2.067270  2.935390  3.770740  4.956500  7.342240  8.686800  9.650280 12.371700 12.310600 12.539200 13.540700 15.864900 17.265200 18.296100 19.648500 20.507600 21.615000 23.986600 25.813600 27.351100 28.097000 30.268500 32.852600 33.559300 36.470700 37.809100 40.780800 42.069200 43.438700 45.465400 46.385600 47.771000 51.591300 53.349100 54.155000 55.969500 57.001600 57.512000 57.972600 58.091700 58.827500 59.439600 61.228200 61.965100 62.373800 62.529600 63.756000 63.414300 63.366500 61.998200 60.426700 59.889500 59.753900 58.362900 55.724700 54.552400 52.828200 50.579300 49.965800 49.664000 48.790800 48.499500 48.545500 47.719800 46.056000 44.849200 44.054200 42.338200 39.559900 38.527200 36.716200 34.492700 32.967600 
Shapelet  46  -5.924810 -5.148330 -3.648710 -2.682050 -2.312550 -1.809050 -1.438410 -0.818351 -0.134037  0.186875  0.351793  0.729007  1.955330  2.068830  2.575650  2.635060  2.612110  2.536660  2.427460  2.416690  2.520570  2.633130  2.979980  3.144470  3.241350  3.374110  3.509790  3.603150  3.642280  3.566920  3.521610  3.083710  2.299640  0.915091 -0.386341 -0.993372 -2.588590 -2.905880 -4.065530 -6.486690 -7.828630 -9.086510 -9.631580 -10.587400 -11.505100 -12.272300 -13.204800 -14.292300 -15.408200 -16.137600 -16.588100 -17.056100 -18.091500 -19.423600 -20.020100 -20.475100 -20.621300 -20.990300 -21.089700 -21.224800 -21.306900 -21.318500 -21.284400 -21.288500 -21.341000 -21.383500 -21.433400 -21.540600 -21.776300 -21.850700 -21.888300 -21.774800 -20.505400 -19.313100 -18.141300 -15.946800 -10.614200 -3.598550  3.245180  9.372550 15.088300 20.398700 23.119400 29.978600 
Shapelet  47  29.090400 29.134100 28.919500 28.636700 28.456000 28.370900 28.239200 28.256800 28.236000 28.189100 28.187000 28.159600 28.150400 28.093500 28.029100 28.001000 27.927200 27.879700 27.687700 27.647300 27.667300 27.214300 27.291000 26.983400 26.496000 25.681800 25.047800 24.264600 23.506400 23.255800 23.241600 23.172900 22.643100 22.250000 21.719700 21.305700 20.677900 19.834700 19.115900 20.315500 20.315200 19.485300 19.427300 19.056700 17.836900 16.443000 16.306100 16.072100 15.515000 14.964100 14.637000 15.372600 15.718600 15.518200 15.129700 15.101400 14.554200 15.308800 17.756300 19.649700 19.787800 19.785200 19.537300 19.379800 19.344700 19.332600 19.426000 19.783900 20.180300 20.393000 20.828700 21.000500 20.909500 21.531000 22.022200 22.346400 23.015400 23.832400 23.895900 23.699900 22.259200 21.821500 21.829500 21.617700 21.724800 23.623900 24.102300 24.940200 25.936800 26.252200 26.918900 26.214200 26.458200 26.068300 25.572400 26.497300 27.108600 28.179400 28.568800 28.739900 28.850800 28.885300 28.449300 28.115200 27.746700 26.402500 25.193800 24.798000 24.772400 24.184600 24.149700 23.132200 22.092800 21.281300 20.789200 18.587800 17.490500 17.376600 16.859400 16.450400 16.093800 16.145500 15.371500 14.963400 14.360200 12.602200 12.350300 11.755900 11.596600 11.753700 11.044100 10.296400 10.106300 10.726300 10.623600 10.150400  9.483460  9.745560  9.905020 10.067900 11.262300 11.961100 12.020400 11.912300 12.100000 12.022500 11.989300 11.701000 11.482900 11.423600 11.285400 11.142000 11.053300 11.009000 10.952300 11.289900 11.418300 11.585100 11.630400 11.640000 11.657400 11.687600 11.717200 11.734000 11.764100 11.837000 11.857200 11.891200 11.900800 11.941100 11.970600 
Shapelet  55  65.019800 65.032900 65.014400 64.934700 64.994800 64.888300 64.300700 63.895700 63.546800 63.133300 63.216400 63.051700 63.492500 63.570400 63.598100 63.571100 63.807000 64.131300 
Shapelet  60  18.518700 18.397700 18.224900 17.688300 17.144300 16.873500 16.457600 15.884100 15.723600 15.070100 14.621300 14.011900 13.575900 13.334100 13.929200 14.146900 13.751600 13.678400 14.133100 14.187500 13.939600 14.192800 13.884600 14.152100 13.817700 13.841100 13.767000 14.043000 14.819800 14.729400 14.961200 15.295100 14.864600 14.628400 14.527300 14.511500 14.346100 13.962800 13.232000 12.349700 11.856600 10.776100  9.732280  9.437210  7.906260  7.489170  6.746440  6.033730  3.427690  4.506550  4.035980  1.865110  1.944750  1.197600  1.152320  1.375810  2.460940  3.366540  3.600540  4.151420  5.569430  6.363940  7.345080  8.392420  9.071710 10.001000 12.181500 13.332900 13.739900 13.850300 14.222600 15.614600 16.212700 16.860700 17.023800 17.006100 17.247600 17.522800 17.631800 17.952500 18.181700 
Shapelet  61  28.882400 28.880600 28.883500 28.903200 28.921600 28.913500 28.902100 28.897600 28.858800 28.515700 28.096100 27.907400 27.059000 25.939900 25.534700 24.582900 24.571800 24.624600 24.630300 24.568500 24.463200 24.444700 24.285900 24.065100 23.382700 22.982900 22.756000 23.171300 22.974400 22.416500 22.502500 22.633400 22.847400 23.002400 22.957900 22.861800 22.889900 22.892300 22.886700 22.781400 22.451300 22.078000 21.906000 
Shapelet  74  -39.183700 -39.162200 -39.153200 -39.145100 -39.136700 -39.092800 -39.056100 -39.025700 -39.002200 -38.957400 -38.923200 -38.907900 -38.900400 -38.903600 -38.898200 -38.931000 -39.042300 -39.260000 -39.862500 -40.650300 -42.171200 -43.755000 -45.615200 -47.489600 -48.255700 -49.059400 -50.192000 -51.163400 -52.511300 -53.730900 -54.673900 -55.091400 -55.285900 -55.293700 -55.720700 -56.388600 -56.298200 -56.574700 -57.332000 -56.606900 -56.539300 -55.871200 -54.581200 -52.713300 -50.381200 -48.777700 -44.999400 -43.846100 -41.521100 -38.431300 -35.531700 -33.325900 -31.723700 -30.349200 -29.767000 -29.019300 -29.020100 -29.365500 -29.983900 -31.481400 -33.637200 -34.758800 -37.082000 -39.537000 -42.463000 -45.344700 -47.999500 -49.387600 -52.040900 -54.217000 -55.885200 -57.480400 -59.398000 -59.929600 -60.634200 -61.263100 -61.997400 -62.407200 -62.200700 -62.359100 -62.142600 -61.999900 -61.664000 -60.904500 -60.604800 -59.682400 -58.562900 -57.335200 -55.343900 -52.951000 -51.247200 -49.399100 -47.666400 -45.813700 -44.990600 -43.068800 -41.528000 -40.241100 -38.849600 -38.647800 -38.673500 -39.029800 -39.977400 -41.395900 -43.410300 -45.424500 -48.223500 -49.322000 -51.536300 -54.024700 -56.624200 -58.701000 -61.990700 -63.209900 -65.553500 -66.127700 -66.519300 -66.922500 -68.077800 -68.427700 -68.677000 -68.686100 -68.744000 -68.799400 -68.808600 -68.793600 -68.790000 -68.782500 -68.802700 -68.817100 -68.832500 -68.860800 -68.917800 -68.938800 -68.959800 -68.970500 -68.976800 -68.991500 -69.011900 -69.022700 -69.045500 -69.075400 -69.107000 -69.124700 -69.149000 -69.161900 -69.168000 -69.183400 -69.222100 -69.257300 -69.283600 -69.305200 -69.314100 -69.319200 -69.333800 -69.346600 -69.333400 -69.328700 -69.338400 -69.339700 -69.349500 -69.367000 -69.377600 -69.383500 -69.382100 -69.382400 -69.387700 -69.391300 -69.396600 -69.403200 -69.406900 -69.408900 -69.409300 -69.405000 -69.379800 -69.369300 -69.333700 -69.324300 -69.308100 -69.287000 -69.271900 -69.268400 -69.296400 -69.314100 -69.330200 -69.334700 -69.338200 -69.337500 -69.338000 -69.340100 -69.336600 -69.336100 -69.333700 -69.337900 -69.345700 -69.353800 -69.365300 -69.366800 -69.368500 -69.372500 -69.380000 -69.388200 -69.403300 -69.416800 -69.432600 -69.447500 -69.469300 -69.491700 -69.521100 -69.545400 -69.573300 -69.581800 -69.577700 -69.568200 -69.568600 -69.576000 -69.591300 -69.597000 -69.612700 -69.627300 -69.641300 -69.652100 -69.654700 -69.657800 -69.670800 -69.688400 -69.700400 
Shapelet  80  73.296800 74.421400 76.252500 77.234300 79.548900 80.741400 80.924300 80.022900 81.010500 82.258300 83.228400 82.622300 83.160400 83.641300 84.818600 86.730800 88.848200 90.394300 91.652400 92.473000 93.279700 93.941600 93.583400 93.692800 93.514100 
Shapelet  81  48.965900 48.948900 48.936400 48.936100 48.939700 48.895000 49.010100 49.044200 49.048400 49.027100 48.978300 49.462500 49.516000 49.465000 49.258400 49.029900 48.735700 48.540300 48.131800 47.026500 45.444700 43.430900 42.455400 41.724500 40.729000 39.727100 39.539700 40.449100 40.592300 40.585700 39.574600 37.699800 37.960700 37.777900 37.128800 36.575900 36.439400 35.635200 35.725500 34.829300 34.497100 34.691900 35.227100 35.338100 35.333600 34.298800 34.343400 34.231800 34.453500 34.785000 35.312100 35.756900 36.381300 36.555500 36.418000 35.969100 35.675900 35.925100 35.637200 35.222300 35.073700 35.002200 34.921500 34.747600 34.965500 34.944800 34.238400 33.843300 33.892800 33.270600 32.625200 31.481100 31.104200 30.193800 29.087200 28.744200 28.561300 28.185800 28.053000 27.860900 27.533200 27.283200 27.194000 26.627400 26.359800 26.449900 26.291700 25.490200 25.464900 25.408700 25.133200 24.485600 24.663200 24.477400 23.357100 23.060800 22.750900 22.717400 22.267400 21.642700 21.421800 21.178500 21.209900 20.869700 20.720900 20.780800 20.916700 20.937700 20.803300 20.861700 20.710800 20.893500 21.407000 21.876800 22.071100 22.287100 22.487300 22.914600 23.678500 24.671400 25.759500 26.327900 26.920400 27.236900 27.443000 27.466700 28.299900 29.843900 30.302000 31.521500 34.271000 35.333800 37.186400 41.909700 45.567000 47.844600 51.260800 54.683600 56.597500 59.773800 63.367600 67.569800 70.376000 76.423300 
Shapelet  82  86.067400 85.668700 85.163300 84.934000 84.344600 83.875900 83.794700 83.292300 82.976200 82.813000 82.835700 82.696100 82.607600 
Shapelet  89  91.677500 92.336300 94.051800 94.707900 95.035400 96.043200 97.311800 97.407200 97.837400 98.211800 98.578600 98.629800 99.019000 98.730800 98.658200 98.508100 98.410100 98.426400 98.493800 98.769900 98.721400 98.715800 98.686200 98.412800 98.418700 98.496600 98.400300 98.300600 98.391200 98.310900 98.477400 98.626900 98.721500 100.534000 101.363000 101.599000 101.951000 101.975000 102.084000 102.164000 102.091000 102.033000 102.079000 102.046000 101.990000 102.122000 102.842000 103.072000 103.359000 103.254000 103.276000 103.358000 103.788000 103.718000 103.768000 103.740000 103.694000 104.048000 104.020000 103.837000 103.650000 103.500000 103.337000 103.288000 103.219000 103.192000 103.201000 103.248000 103.308000 103.243000 102.812000 103.129000 102.263000 102.086000 101.548000 101.300000 100.970000 100.536000 99.693300 98.436900 98.032600 97.466400 96.414700 95.215900 94.770500 93.697000 92.786900 92.597300 92.348400 90.466600 88.632900 87.996600 88.231100 87.502400 87.533100 87.437100 87.602300 87.661900 87.978200 88.609100 89.086200 89.275700 89.291500 88.765300 87.699400 86.811700 86.676600 86.891000 87.188400 87.173400 87.330400 87.606900 87.658900 87.715300 
Shapelet  94  28.318200 28.671400 28.967100 29.090400 29.134100 28.919500 28.636700 28.456000 28.370900 28.239200 28.256800 28.236000 28.189100 28.187000 28.159600 28.150400 28.093500 28.029100 28.001000 27.927200 27.879700 27.687700 27.647300 27.667300 27.214300 27.291000 26.983400 26.496000 25.681800 25.047800 24.264600 23.506400 23.255800 23.241600 23.172900 22.643100 22.250000 21.719700 21.305700 20.677900 19.834700 19.115900 20.315500 20.315200 19.485300 19.427300 19.056700 17.836900 16.443000 16.306100 16.072100 15.515000 14.964100 14.637000 15.372600 15.718600 15.518200 15.129700 15.101400 14.554200 15.308800 17.756300 19.649700 19.787800 19.785200 19.537300 19.379800 19.344700 19.332600 19.426000 19.783900 20.180300 20.393000 20.828700 21.000500 20.909500 21.531000 22.022200 22.346400 23.015400 23.832400 23.895900 23.699900 22.259200 21.821500 21.829500 21.617700 21.724800 23.623900 24.102300 24.940200 25.936800 26.252200 26.918900 26.214200 26.458200 26.068300 25.572400 26.497300 27.108600 28.179400 28.568800 28.739900 28.850800 28.885300 28.449300 28.115200 27.746700 26.402500 25.193800 24.798000 24.772400 24.184600 24.149700 23.132200 22.092800 21.281300 20.789200 18.587800 17.490500 17.376600 16.859400 16.450400 16.093800 16.145500 15.371500 14.963400 14.360200 12.602200 12.350300 11.755900 11.596600 11.753700 11.044100 10.296400 10.106300 10.726300 10.623600 10.150400  9.483460  9.745560  9.905020 10.067900 11.262300 11.961100 12.020400 11.912300 12.100000 12.022500 11.989300 11.701000 11.482900 11.423600 11.285400 11.142000 11.053300 11.009000 10.952300 11.289900 11.418300 11.585100 11.630400 11.640000 11.657400 11.687600 11.717200 11.734000 11.764100 11.837000 11.857200 11.891200 11.900800 
Shapelet  95  56.563700 56.543100 56.516100 56.498100 56.499500 56.481000 56.482200 56.482400 56.499000 56.524300 56.618100 56.610900 56.600800 56.577500 56.309800 55.976600 55.374100 54.862200 54.599100 53.318200 51.939200 51.470000 48.297400 47.808100 47.426700 46.235100 44.502700 44.411700 44.138900 43.800500 43.312600 43.161500 42.588500 41.361900 40.941600 40.787600 40.509700 40.415500 40.610200 40.358900 40.612600 40.540800 40.397800 40.956100 41.592800 41.844400 41.809600 42.605300 43.311500 44.257100 45.206700 46.031300 46.391700 47.410400 48.424700 48.937000 49.102500 49.637100 49.614500 49.571300 49.811100 49.966800 50.072800 50.080900 50.201700 49.593800 49.167000 49.716100 48.653900 47.152900 46.267000 44.513000 43.350100 42.871000 41.937400 41.058200 41.325900 41.499200 41.068700 40.341400 39.327300 39.116100 38.766300 38.086700 37.508400 37.018300 37.220700 37.103000 36.299700 35.504400 34.911900 34.824700 34.280500 35.168300 35.402000 36.263900 35.788800 35.546700 35.996900 35.954700 36.578400 37.250600 37.924900 38.289600 38.861000 38.919800 38.370400 38.490700 38.901600 39.498100 39.924100 40.412700 40.621300 41.871600 43.016900 43.726700 44.699300 47.565000 49.837700 51.461700 54.089900 57.408600 61.720200 63.436200 67.975900 71.683500 75.118300 77.603400 82.363500 86.764500 88.409300 98.660600 101.327000 102.169000 106.208000 110.178000 116.693000 118.411000 121.180000 150.820000 155.973000 157.040000 
Shapelet 122  28.360200 28.457700 28.509100 28.578500 28.617100 28.639300 28.695400 28.747200 28.811900 28.832700 28.872700 28.884800 28.882400 28.880600 28.883500 28.903200 28.921600 28.913500 28.902100 28.897600 28.858800 28.515700 28.096100 27.907400 27.059000 25.939900 25.534700 24.582900 24.571800 24.624600 24.630300 24.568500 24.463200 24.444700 24.285900 24.065100 23.382700 22.982900 22.756000 23.171300 22.974400 22.416500 22.502500 22.633400 22.847400 23.002400 22.957900 22.861800 22.889900 22.892300 22.886700 22.781400 22.451300 22.078000 21.906000 21.553400 20.846000 20.472600 20.307600 19.788600 19.348200 19.297600 19.027200 18.515700 17.889200 17.901400 17.562000 17.195300 16.728900 16.377500 15.700100 15.818400 15.668900 15.628300 15.516900 15.414600 15.663800 15.342800 14.653100 14.540500 15.016100 15.440600 15.670100 15.436100 15.164800 
Shapelet 123  26.832500 26.704900 26.646300 26.641700 26.690200 26.501900 26.394500 26.385300 26.473900 26.582600 26.643100 26.758600 26.867600 26.958900 27.118000 27.364500 27.499100 27.594000 27.753500 28.058700 28.208800 28.156200 28.104800 27.968200 27.847000 27.717000 27.370000 27.095300 27.097300 27.086400 27.152500 27.175800 27.168800 27.150700 27.145800 27.198600 27.161600 26.968900 26.759700 26.421400 25.629800 24.985000 25.096400 25.449200 25.833900 25.732400 25.698900 25.270300 25.169600 25.271700 26.484100 26.928700 27.525200 27.761600 27.757900 28.320400 29.036500 30.788200 32.056300 32.730400 33.428600 33.937400 33.575100 33.275600 32.672700 31.909500 30.688300 30.000800 28.853900 27.497100 26.575000 25.130700 22.421700 20.358300 19.231000 17.106200 15.291100 14.161400 11.850300  9.493460  8.336070  7.357010  7.484950  8.132310 
Shapelet 161  52.510800 55.122000 55.493900 55.525900 55.602400 56.422100 57.173300 57.461700 57.666200 57.770600 57.849900 57.885200 57.857700 57.819600 57.965600 57.929600 57.431000 56.775000 56.263900 55.382900 55.128200 54.615600 54.362100 51.983900 49.284400 46.847700 45.717900 44.797200 44.037200 43.539200 42.713500 42.230100 41.643400 40.805300 39.727500 39.849900 40.506800 41.152200 42.041000 42.886700 43.153800 44.049100 45.506800 46.153700 46.488200 47.806700 49.453800 50.683200 51.499100 51.735700 
Shapelet 188  22.643100 22.250000 21.719700 21.305700 20.677900 19.834700 19.115900 20.315500 20.315200 19.485300 19.427300 19.056700 17.836900 16.443000 16.306100 16.072100 15.515000 14.964100 14.637000 15.372600 15.718600 15.518200 15.129700 15.101400 14.554200 15.308800 17.756300 19.649700 19.787800 19.785200 19.537300 19.379800 19.344700 19.332600 19.426000 19.783900 20.180300 20.393000 20.828700 21.000500 20.909500 21.531000 22.022200 22.346400 23.015400 23.832400 23.895900 23.699900 22.259200 21.821500 21.829500 21.617700 21.724800 23.623900 24.102300 24.940200 25.936800 26.252200 26.918900 26.214200 26.458200 26.068300 25.572400 26.497300 27.108600 28.179400 28.568800 28.739900 28.850800 28.885300 28.449300 28.115200 27.746700 26.402500 25.193800 24.798000 24.772400 24.184600 24.149700 23.132200 22.092800 21.281300 20.789200 18.587800 


; cmd = ShapeletResearch/Execs/FastShapelet UCRArchive_2018//GestureMidAirD3/GestureMidAirD3_TRAIN.tsv 26 208 361 10 1 10 10 0 1 10 UCRArchive_2018//GestureMidAirD3/tree.txt UCRArchive_2018//GestureMidAirD3/time.txt
; time =>  261.579   7.634  17.358   1.950 233.355 
